225073,P,2001-02-22,98988,7,30.98,1.71,,
225074,P,2002-07-25,14845,3,89.87,9.10,,
225075,P,2001-01-31,53492,9,44.43,0.35,,
225076,P,2002-01-11,56606,9,82.16,4.17,,
225077,P,2000-02-10,20455,2,94.73,3.92,,
225078,P,2002-04-17,33017,8,91.83,5.47,,
225079,P,2001-12-26,87160,10,49.54,3.31,,
225080,P,2001-01-28,95481,4,63.92,8.34,,
225081,P,2000-09-27,13791,9,0.81,0.81,,
225082,P,2002-06-23,45029,1,61.55,8.12,,
225083,P,2000-12-12,37824,5,50.77,5.18,,
225084,P,2002-01-28,71786,9,81.57,9.97,,
225085,P,2000-09-30,91061,10,33.66,7.18,,
225086,P,2000-08-09,92938,7,77.31,3.06,,
225087,P,2000-03-20,67213,5,26.56,3.17,,
225088,P,2001-06-08,22735,9,40.68,2.30,,
225089,P,2000-06-26,90129,6,63.59,8.78,,
225090,P,2001-09-10,84137,3,44.71,9.53,,
225091,P,2002-01-25,16849,10,83.16,0.11,,
225092,P,2001-12-21,88121,8,65.44,6.45,,
225093,P,2000-11-08,93686,10,72.29,1.65,,
225094,P,2000-08-06,34990,8,2.64,4.11,,
225095,P,2000-07-24,60173,1,34.12,2.74,,
225096,P,2001-02-16,65416,7,85.81,5.17,,
225097,P,2002-08-11,52544,8,85.84,5.94,,
225098,P,2001-08-15,73525,5,83.78,1.01,,
225099,P,2000-04-18,13058,1,3.01,0.60,,
225100,P,2002-01-08,75798,1,72.21,3.85,,
225101,P,2001-09-02,96666,2,41.03,9.51,,
225102,P,2000-12-04,65533,6,12.69,3.11,,
225103,P,2002-03-29,14258,9,40.26,2.23,,
225104,P,2002-09-26,67962,9,64.58,3.00,,
225105,P,2000-04-09,5611,8,46.11,5.29,,
225106,P,2001-12-11,11463,3,51.75,9.08,,
225107,P,2002-04-02,62362,6,26.73,1.99,,
225108,P,2000-02-04,6654,1,51.65,8.72,,
225109,P,2000-11-19,37009,7,57.90,2.70,,
225110,P,2000-07-31,21036,2,90.35,9.20,,
225111,P,2001-11-20,86630,9,53.56,7.03,,
225112,P,2001-02-13,63985,7,57.64,5.76,,
225113,P,2000-08-27,21189,4,9.53,9.33,,
225114,P,2000-06-22,91471,8,89.10,2.04,,
225115,P,2000-06-21,88403,2,90.63,3.12,,
225116,P,2002-07-02,55237,3,76.50,0.26,,
225117,P,2001-12-07,85862,6,14.22,6.69,,
225118,P,2000-11-21,93143,6,29.56,1.29,,
225119,P,2001-06-17,29371,9,84.17,0.25,,
225120,P,2002-05-02,3957,2,17.70,6.40,,
225121,P,2001-10-07,31682,7,98.23,0.16,,
225122,P,2002-03-09,83148,6,11.48,6.28,,
225123,P,2000-01-20,10257,4,22.41,6.36,,
225124,P,2000-06-20,22986,2,49.82,1.16,,
225125,P,2001-02-27,38204,5,60.78,6.67,,
225126,P,2000-07-07,3674,2,38.46,7.30,,
225127,P,2000-05-12,59424,2,97.77,7.78,,
225128,P,2001-04-11,36678,4,57.10,2.82,,
225129,P,2000-05-22,43494,2,90.54,5.74,,
225130,P,2000-08-01,58770,3,11.99,1.60,,
225131,P,2002-01-19,69431,10,51.64,4.09,,
225132,P,2001-09-27,15019,10,15.99,7.42,,
225133,P,2001-03-24,44911,3,68.36,4.55,,
225134,P,2000-11-08,7750,2,21.34,6.93,,
225135,P,2002-02-19,15398,6,18.73,7.87,,
225136,P,2002-08-10,50770,6,75.63,0.51,,
225137,P,2001-08-23,6282,1,37.49,9.34,,
225138,P,2000-12-27,21784,6,54.99,6.69,,
225139,P,2002-04-23,51851,9,45.25,7.79,,
225140,P,2000-03-31,13072,2,87.01,1.64,,
225141,P,2000-04-02,65815,6,15.16,7.56,,
225142,P,2001-03-04,93177,7,5.23,1.99,,
225143,P,2001-04-09,21972,6,28.40,4.56,,
225144,P,2002-05-23,24090,4,66.56,2.74,,
225145,P,2002-01-31,56324,8,95.52,1.93,,
225146,P,2002-09-17,53719,3,12.54,3.06,,
225147,P,2000-01-21,45842,1,79.43,4.87,,
225148,P,2000-12-23,15077,10,43.64,9.07,,
225149,P,2002-08-27,64070,6,32.60,7.28,,
225150,P,2001-07-26,83594,5,10.58,4.49,,
225151,P,2001-10-08,32524,6,63.10,8.74,,
225152,P,2002-08-25,98482,1,99.09,0.45,,
225153,P,2001-07-22,37710,2,18.47,9.24,,
225154,P,2002-05-26,51981,9,40.18,2.92,,
225155,P,2000-02-08,12113,8,77.30,0.29,,
225156,P,2000-04-12,17137,4,51.91,2.38,,
225157,P,2000-08-26,73611,3,65.12,5.62,,
225158,P,2000-01-13,47867,6,32.47,4.79,,
225159,P,2001-08-21,89829,8,43.68,3.70,,
225160,P,2001-06-23,4734,1,66.36,3.42,,
225161,P,2002-03-11,77448,8,30.99,7.43,,
225162,P,2001-05-06,9364,10,75.13,6.49,,
225163,P,2000-11-29,38608,4,59.22,2.71,,
225164,P,2000-03-27,47491,1,0.49,2.22,,
225165,P,2001-02-02,88610,2,68.76,0.23,,
225166,P,2001-11-30,48077,9,14.56,9.09,,
225167,P,2000-01-31,71662,7,23.71,3.78,,
225168,P,2002-06-20,68455,9,30.13,1.48,,
225169,P,2001-05-04,27242,6,18.90,5.21,,
225170,P,2000-02-13,59586,4,59.39,7.25,,
225171,P,2001-10-19,80108,3,95.82,6.93,,
225172,P,2001-04-01,77993,10,37.99,5.82,,
225173,P,2002-04-30,14416,1,59.24,8.26,,
225174,P,2002-01-09,6139,5,59.65,9.39,,
225175,P,2001-10-04,7819,6,1.27,5.11,,
225176,P,2000-03-19,15987,5,42.99,1.57,,
225177,P,2001-03-30,70442,6,61.79,1.61,,
225178,P,2001-02-04,52053,10,66.50,3.79,,
225179,P,2000-02-16,84350,8,92.86,9.13,,
225180,P,2002-09-24,68780,7,35.01,2.16,,
225181,P,2001-04-18,55701,5,58.95,8.03,,
225182,P,2002-01-05,29395,2,70.56,5.17,,
225183,P,2002-04-10,94505,1,18.01,0.24,,
225184,P,2001-07-10,22043,5,43.35,8.70,,
225185,P,2000-06-28,4955,9,13.50,4.38,,
225186,P,2002-09-03,20956,7,19.11,2.89,,
225187,P,2002-04-16,96711,3,76.65,2.87,,
225188,P,2000-01-21,49744,5,12.52,4.27,,
225189,P,2000-04-09,92879,10,76.29,2.53,,
225190,P,2002-02-07,35536,4,48.09,4.65,,
225191,P,2002-05-14,96637,1,57.90,4.54,,
225192,P,2002-03-10,58046,5,30.81,9.89,,
225193,P,2002-06-28,65575,4,15.67,5.05,,
225194,P,2000-08-01,80488,10,92.82,5.19,,
225195,P,2002-08-29,68801,1,51.36,3.99,,
225196,P,2001-08-27,52156,2,27.55,6.15,,
225197,P,2002-03-09,51846,2,7.88,6.46,,
225198,P,2001-05-21,40538,10,77.19,5.31,,
225199,P,2002-09-23,75620,7,21.10,2.57,,
225200,P,2001-10-04,23801,3,39.14,8.76,,
225201,P,2002-08-26,63250,1,87.03,7.92,,
225202,P,2001-07-12,15742,1,57.38,9.59,,
225203,P,2000-04-16,46463,7,10.92,9.27,,
225204,P,2001-07-26,81662,1,62.63,5.64,,
225205,P,2000-07-09,84222,8,11.83,3.31,,
225206,P,2002-03-02,88388,6,55.83,9.59,,
225207,P,2000-10-07,91238,10,82.82,9.00,,
225208,P,2002-06-27,22439,3,18.87,7.39,,
225209,P,2002-06-02,43723,6,25.95,1.68,,
225210,P,2001-05-06,11775,8,56.48,2.01,,
225211,P,2001-11-30,59378,2,55.52,5.88,,
225212,P,2000-03-03,16252,1,97.07,0.30,,
225213,P,2001-02-24,42581,10,57.14,2.38,,
225214,P,2001-04-01,91698,5,2.84,0.85,,
225215,P,2001-02-19,35263,2,4.84,5.25,,
225216,P,2001-11-21,56151,2,97.23,0.21,,
225217,P,2000-07-23,85826,9,59.36,1.77,,
225218,P,2000-05-23,53367,2,86.71,2.77,,
225219,P,2000-11-09,12011,9,89.49,3.26,,
225220,P,2000-12-19,49238,3,32.22,9.20,,
225221,P,2001-06-06,43813,5,90.43,3.48,,
225222,P,2000-12-05,45646,8,43.80,5.82,,
225223,P,2000-08-19,71496,3,37.21,8.23,,
225224,P,2001-03-08,93617,10,6.68,6.15,,
225225,P,2002-03-16,61786,5,42.79,4.11,,
225226,P,2002-07-03,47214,2,75.08,5.58,,
225227,P,2001-05-22,68707,8,70.10,3.86,,
225228,P,2001-12-24,28857,9,65.40,7.80,,
225229,P,2002-04-24,82038,6,13.22,6.51,,
225230,P,2001-10-21,42671,9,58.44,8.66,,
225231,P,2002-08-07,15673,9,50.37,1.29,,
225232,P,2001-12-06,29353,10,71.98,8.30,,
225233,P,2000-09-14,64319,1,87.29,2.85,,
225234,P,2001-09-14,19445,10,47.79,2.14,,
225235,P,2000-12-17,76934,2,29.44,9.42,,
225236,P,2002-04-29,35103,7,13.63,5.91,,
225237,P,2002-07-19,96228,10,27.57,0.14,,
225238,P,2002-09-18,39601,9,59.62,3.73,,
225239,P,2002-02-09,32717,3,56.30,0.81,,
225240,P,2000-07-23,62617,6,33.82,0.50,,
225241,P,2002-04-07,82588,10,84.30,9.44,,
225242,P,2000-03-30,64652,2,81.27,4.66,,
225243,P,2000-10-10,59338,1,10.31,4.50,,
225244,P,2001-03-22,45800,2,90.08,2.20,,
225245,P,2001-09-08,59284,3,37.35,7.91,,
225246,P,2000-05-19,16356,5,30.86,7.81,,
225247,P,2000-10-26,86347,1,54.42,6.16,,
225248,P,2000-03-29,99300,2,44.51,8.41,,
225249,P,2000-02-25,2904,2,92.13,9.86,,
225250,P,2000-09-28,29651,3,60.16,6.79,,
225251,P,2002-02-18,33913,4,98.51,5.25,,
225252,P,2000-03-26,86744,7,97.89,0.81,,
225253,P,2002-09-13,49948,10,60.17,9.27,,
225254,P,2001-12-26,46558,9,48.41,8.89,,
225255,P,2002-01-19,68475,1,25.24,9.11,,
225256,P,2001-04-01,23709,2,80.09,3.81,,
225257,P,2000-07-20,77322,7,27.27,9.23,,
225258,P,2001-06-30,31449,3,59.44,9.73,,
225259,P,2000-03-26,75805,7,16.53,8.19,,
225260,P,2001-11-03,47389,4,56.66,0.98,,
225261,P,2000-08-17,42066,9,28.97,7.65,,
225262,P,2000-02-26,94336,7,42.76,8.25,,
225263,P,2000-02-18,19104,7,75.01,8.52,,
225264,P,2000-11-15,60418,10,37.97,4.83,,
225265,P,2000-05-14,95412,1,22.64,5.67,,
225266,P,2000-01-22,79464,8,90.35,5.42,,
225267,P,2001-07-22,7436,8,82.61,6.44,,
225268,P,2000-04-25,50298,8,6.08,6.22,,
225269,P,2000-04-24,49582,2,45.23,7.85,,
225270,P,2001-04-21,55988,10,41.70,2.19,,
225271,P,2001-04-08,87864,7,20.50,8.98,,
225272,P,2001-09-16,47899,5,7.82,4.02,,
225273,P,2001-03-03,61537,2,24.81,2.20,,
225274,P,2000-01-01,54144,5,94.91,5.50,,
225275,P,2002-08-08,65956,4,28.64,7.06,,
225276,P,2002-03-11,13787,10,20.14,5.21,,
225277,P,2001-04-05,75727,10,6.35,6.47,,
225278,P,2002-09-03,53525,3,78.44,2.89,,
225279,P,2001-09-23,85698,9,38.63,8.34,,
225280,P,2001-04-12,79094,7,77.74,3.99,,
225281,P,2000-11-21,94617,7,58.37,1.11,,
225282,P,2001-11-13,74824,3,10.67,1.32,,
225283,P,2000-09-13,59930,1,80.05,3.97,,
225284,P,2001-09-04,33467,2,25.38,7.97,,
225285,P,2001-12-27,93467,10,61.05,4.94,,
225286,P,2000-08-08,13960,2,69.88,5.29,,
225287,P,2000-12-18,64595,5,12.69,7.17,,
225288,P,2000-12-16,99118,2,93.89,1.00,,
225289,P,2002-08-16,39701,7,14.02,9.01,,
225290,P,2002-05-29,73344,10,13.95,9.95,,
225291,P,2000-12-04,11047,2,9.53,5.64,,
225292,P,2002-06-06,6565,7,73.93,2.67,,
225293,P,2002-09-13,77771,3,76.51,7.37,,
225294,P,2000-07-17,51815,8,58.21,5.10,,
225295,P,2002-08-17,35387,10,90.09,1.91,,
225296,P,2001-06-08,63039,3,69.19,8.10,,
225297,P,2000-11-15,7314,4,97.46,5.46,,
225298,P,2000-03-02,45612,10,61.33,2.86,,
225299,P,2001-12-27,81300,7,84.85,7.82,,
225300,P,2000-01-03,66471,10,73.58,7.02,,
225301,P,2002-06-15,49775,10,75.30,3.61,,
225302,P,2002-04-10,88055,8,66.76,1.92,,
225303,P,2000-02-01,73935,3,74.17,4.90,,
225304,P,2000-10-23,52663,6,88.83,5.98,,
225305,P,2001-11-14,51293,8,14.23,6.12,,
225306,P,2001-11-16,10322,8,13.14,1.82,,
225307,P,2002-05-21,18302,3,93.60,0.11,,
225308,P,2001-09-17,1906,2,74.03,9.63,,
225309,P,2000-11-29,1935,3,24.22,9.17,,
225310,P,2001-03-24,38054,9,45.09,6.56,,
225311,P,2002-05-15,26792,8,8.94,9.92,,
225312,P,2001-03-20,21940,3,71.88,0.33,,
225313,P,2002-02-22,87111,10,88.16,5.48,,
225314,P,2000-04-02,47957,6,36.79,3.12,,
225315,P,2002-06-27,41702,7,18.29,1.26,,
225316,P,2001-04-11,43149,1,59.01,9.40,,
225317,P,2001-03-06,60284,2,75.59,8.47,,
225318,P,2001-11-29,60160,9,39.96,8.45,,
225319,P,2002-02-16,54067,7,33.35,6.78,,
225320,P,2001-06-06,41433,10,19.65,0.72,,
225321,P,2001-04-07,61543,1,35.75,8.35,,
225322,P,2001-03-10,31410,2,36.46,8.77,,
225323,P,2001-03-25,47381,10,12.94,5.56,,
225324,P,2000-06-16,19602,9,33.55,3.91,,
225325,P,2001-08-02,14582,5,92.67,3.94,,
225326,P,2000-07-06,45265,10,35.22,0.21,,
225327,P,2000-02-04,26242,4,76.32,5.11,,
225328,P,2000-04-22,30461,5,46.57,4.06,,
225329,P,2001-08-19,7178,1,23.32,7.21,,
225330,P,2000-02-15,29137,9,83.45,0.14,,
225331,P,2001-10-09,18609,1,45.31,1.28,,
225332,P,2000-04-14,56818,7,44.35,5.90,,
225333,P,2001-10-30,17474,5,39.19,9.42,,
225334,P,2000-11-20,53243,3,54.64,5.65,,
225335,P,2001-02-17,94345,8,94.74,8.53,,
225336,P,2000-11-15,66853,8,59.96,2.41,,
225337,P,2001-03-24,93830,3,32.77,2.77,,
225338,P,2002-09-25,27527,2,45.41,8.32,,
225339,P,2000-04-24,54510,8,38.00,0.62,,
225340,P,2001-12-06,6346,1,37.25,2.21,,
225341,P,2002-01-12,62691,3,3.94,5.39,,
225342,P,2001-08-14,35681,5,39.43,5.26,,
225343,P,2001-06-04,73788,6,75.39,9.53,,
225344,P,2000-01-24,97708,10,13.45,7.75,,
225345,P,2001-10-07,35871,2,95.54,6.12,,
225346,P,2001-02-10,14676,6,50.58,8.18,,
225347,P,2000-09-08,71168,4,1.16,4.57,,
225348,P,2002-05-26,10274,6,41.03,3.82,,
225349,P,2000-01-05,22469,3,93.17,9.94,,
225350,P,2001-09-30,93855,4,60.69,5.55,,
225351,P,2002-09-20,92401,1,68.97,2.14,,
225352,P,2002-07-22,40277,10,15.83,6.50,,
225353,P,2002-08-19,72992,4,29.38,1.00,,
225354,P,2001-08-30,56487,4,8.18,4.15,,
225355,P,2001-07-09,85278,6,68.52,7.00,,
225356,P,2002-06-17,354,2,91.91,1.68,,
225357,P,2001-07-19,44767,1,86.08,2.91,,
225358,P,2001-09-24,28110,4,30.88,5.13,,
225359,P,2001-11-06,47438,4,68.90,0.84,,
225360,P,2000-12-22,48202,7,45.89,5.60,,
225361,P,2002-09-15,39715,6,53.60,9.97,,
225362,P,2000-01-13,50215,5,23.26,7.77,,
225363,P,2000-01-31,39676,5,41.40,1.05,,
225364,P,2002-05-01,60679,2,35.18,3.29,,
225365,P,2000-05-06,12435,6,36.78,9.37,,
225366,P,2001-11-06,70727,3,89.57,7.95,,
225367,P,2000-09-20,33089,6,0.32,4.54,,
225368,P,2000-11-06,50273,9,58.52,1.09,,
225369,P,2002-08-28,75446,10,57.83,7.03,,
225370,P,2002-03-03,3355,2,25.17,5.76,,
225371,P,2000-02-23,38788,8,31.84,4.66,,
225372,P,2001-01-21,67459,3,64.88,5.02,,
225373,P,2001-05-12,81232,2,16.76,6.70,,
225374,P,2001-03-16,42824,6,87.26,5.91,,
225375,P,2001-04-21,88742,10,72.11,5.69,,
225376,P,2002-05-10,69388,2,54.58,8.47,,
225377,P,2001-09-25,15195,6,56.20,0.05,,
225378,P,2000-09-05,93046,10,47.27,2.27,,
225379,P,2002-09-02,47874,4,55.48,8.94,,
225380,P,2000-12-06,74060,1,54.78,1.47,,
225381,P,2001-01-13,2589,7,37.83,0.61,,
225382,P,2000-01-15,69524,1,68.99,6.00,,
225383,P,2002-03-31,86618,6,62.87,1.25,,
225384,P,2002-08-28,21080,8,30.60,1.23,,
225385,P,2000-04-18,43121,1,94.22,2.62,,
225386,P,2002-07-02,65695,1,53.79,7.49,,
225387,P,2001-05-18,11024,3,38.99,3.26,,
225388,P,2002-04-24,85832,10,81.99,1.45,,
225389,P,2000-01-25,73883,10,0.00,2.03,,
225390,P,2002-02-22,41137,10,83.05,2.44,,
225391,P,2001-12-11,13145,4,79.68,5.52,,
225392,P,2000-05-11,55548,3,19.72,0.45,,
225393,P,2002-01-07,36733,7,50.25,9.12,,
225394,P,2002-08-25,75752,1,9.10,4.45,,
225395,P,2001-07-04,1279,2,49.61,5.73,,
225396,P,2000-07-20,73111,8,64.30,7.82,,
225397,P,2000-05-19,52305,6,6.53,1.85,,
225398,P,2000-05-28,94229,3,26.46,0.94,,
225399,P,2000-04-21,2008,9,53.87,1.29,,
225400,P,2002-03-27,79778,8,31.78,8.01,,
225401,P,2000-09-18,1038,2,19.84,0.41,,
225402,P,2000-03-07,88046,9,25.07,1.59,,
225403,P,2000-02-02,7474,10,39.25,2.41,,
225404,P,2001-03-14,36204,4,23.30,6.95,,
225405,P,2001-10-28,12267,4,56.41,7.71,,
225406,P,2001-10-11,54775,7,2.76,5.11,,
225407,P,2000-05-26,69659,5,78.50,1.74,,
225408,P,2000-03-04,19187,1,81.32,7.50,,
225409,P,2000-03-18,80121,1,50.78,8.25,,
225410,P,2002-02-28,85481,2,8.28,1.46,,
225411,P,2001-03-26,49225,4,88.97,9.78,,
225412,P,2002-02-18,16440,10,65.95,7.72,,
225413,P,2002-05-01,61607,6,21.35,5.90,,
225414,P,2000-06-13,24688,4,37.16,9.13,,
225415,P,2001-10-01,4108,10,64.83,6.88,,
225416,P,2001-03-30,20167,1,79.78,9.32,,
225417,P,2001-05-21,1998,1,7.02,2.53,,
225418,P,2001-08-26,22007,9,15.54,6.11,,
225419,P,2000-01-16,3805,7,15.62,3.47,,
225420,P,2001-01-16,93006,1,65.26,2.15,,
225421,P,2002-09-25,19583,9,15.63,8.29,,
225422,P,2002-08-23,70595,2,25.72,5.49,,
225423,P,2002-09-24,29086,9,82.55,1.51,,
225424,P,2001-04-24,70449,3,41.25,9.48,,
225425,P,2002-06-02,9873,8,14.89,2.98,,
225426,P,2001-02-01,99733,2,78.87,7.42,,
225427,P,2000-04-22,82226,5,58.20,3.61,,
225428,P,2001-07-27,19603,10,85.07,7.78,,
225429,P,2001-11-24,94993,1,17.75,4.43,,
225430,P,2001-05-01,12803,6,87.12,5.54,,
225431,P,2001-04-13,9688,8,11.34,8.05,,
225432,P,2002-05-10,99365,9,26.22,5.04,,
225433,P,2000-08-19,86650,9,75.97,7.79,,
225434,P,2002-06-28,94724,2,78.64,4.74,,
225435,P,2001-01-10,22808,3,58.45,4.88,,
225436,P,2000-12-10,81911,9,69.99,5.24,,
225437,P,2000-10-30,48037,9,4.01,8.87,,
225438,P,2000-10-01,152,5,95.40,1.12,,
225439,P,2001-09-17,73582,6,68.08,5.95,,
225440,P,2002-06-04,27045,7,82.27,2.01,,
225441,P,2001-11-14,62213,6,21.28,2.53,,
225442,P,2000-12-17,39748,8,87.85,5.54,,
225443,P,2001-12-02,20992,7,71.63,2.52,,
225444,P,2001-07-30,46953,3,54.68,1.99,,
225445,P,2000-06-28,98930,6,64.35,3.15,,
225446,P,2001-06-04,56486,5,10.10,8.31,,
225447,P,2001-02-21,11258,10,0.55,2.46,,
225448,P,2001-02-12,30105,3,87.73,6.65,,
225449,P,2000-04-23,20600,9,54.83,6.72,,
225450,P,2000-03-21,29580,6,95.47,4.41,,
225451,P,2001-04-06,15464,9,80.50,4.99,,
225452,P,2002-08-09,89849,9,13.19,3.10,,
225453,P,2002-07-05,9903,4,9.97,4.66,,
225454,P,2000-02-29,81591,3,59.50,0.37,,
225455,P,2000-11-21,63325,5,80.07,6.33,,
225456,P,2002-08-25,82129,8,33.48,5.99,,
225457,P,2000-06-10,64726,5,0.80,4.45,,
225458,P,2001-02-21,67931,1,44.78,6.65,,
225459,P,2001-10-07,96792,8,23.72,3.92,,
225460,P,2000-08-01,628,5,35.59,2.51,,
225461,P,2002-06-16,83919,9,38.28,0.61,,
225462,P,2002-02-23,36903,10,7.44,3.61,,
225463,P,2002-04-23,44489,4,64.07,2.93,,
225464,P,2001-05-04,75336,7,80.99,4.23,,
225465,P,2002-03-12,60708,4,45.53,0.45,,
225466,P,2001-06-17,62133,5,22.58,5.69,,
225467,P,2000-08-01,99279,10,22.04,6.31,,
225468,P,2001-07-24,79362,6,97.23,2.31,,
225469,P,2000-03-09,14920,2,6.23,4.18,,
225470,P,2001-04-21,31570,10,36.29,0.01,,
225471,P,2000-02-10,737,9,83.04,3.91,,
225472,P,2001-12-24,73407,2,70.64,1.68,,
225473,P,2000-09-04,67244,7,19.20,8.81,,
225474,P,2002-03-06,99103,5,63.20,7.08,,
225475,P,2001-03-24,3063,6,54.54,1.12,,
225476,P,2001-04-19,59990,3,78.02,4.95,,
225477,P,2000-08-18,86672,8,57.77,5.69,,
225478,P,2000-06-19,92752,4,61.17,8.49,,
225479,P,2001-09-18,34547,10,74.43,8.55,,
225480,P,2001-06-28,65603,3,69.40,7.06,,
225481,P,2001-05-11,25789,3,58.20,7.50,,
225482,P,2000-06-23,64921,5,6.95,5.71,,
225483,P,2001-02-15,60684,3,21.62,9.48,,
225484,P,2001-12-23,4095,4,88.94,7.18,,
225485,P,2000-01-24,7652,1,91.30,1.38,,
225486,P,2000-03-03,16414,7,63.11,9.99,,
225487,P,2001-05-15,26044,3,53.95,7.77,,
225488,P,2000-04-12,49291,9,8.89,2.47,,
225489,P,2000-12-17,59389,7,9.37,9.40,,
225490,P,2001-05-15,63198,2,64.52,3.21,,
225491,P,2000-07-10,27477,2,83.06,5.76,,
225492,P,2000-07-11,8394,1,14.18,9.21,,
225493,P,2000-03-04,61858,7,52.53,3.48,,
225494,P,2002-05-15,69190,5,1.86,9.85,,
225495,P,2002-04-19,99971,10,35.59,0.49,,
225496,P,2001-07-17,87977,7,3.72,0.15,,
225497,P,2002-03-29,30164,4,15.99,6.27,,
225498,P,2001-10-07,83596,1,74.21,7.96,,
225499,P,2001-12-23,4184,8,79.92,3.68,,
225500,P,2000-03-25,36468,10,88.66,5.94,,
225501,P,2002-04-20,79492,9,48.64,0.62,,
225502,P,2000-03-05,83554,6,13.71,8.88,,
225503,P,2002-07-21,36658,9,74.12,3.20,,
225504,P,2002-04-24,4173,3,56.40,5.15,,
225505,P,2002-02-18,44581,3,95.40,9.35,,
225506,P,2002-02-25,21820,6,33.62,0.21,,
225507,P,2002-03-14,12131,7,72.64,8.44,,
225508,P,2000-05-30,38497,10,73.76,9.07,,
225509,P,2000-07-10,33545,5,38.55,9.85,,
225510,P,2002-01-12,52938,7,73.56,3.09,,
225511,P,2002-04-30,99674,1,94.30,7.26,,
225512,P,2000-09-04,51958,4,97.09,8.80,,
225513,P,2002-01-21,77906,10,51.77,0.77,,
225514,P,2000-04-04,55473,5,86.41,0.57,,
225515,P,2000-06-08,79506,4,44.30,3.87,,
225516,P,2002-08-27,69464,10,34.78,3.70,,
225517,P,2001-09-10,82869,8,55.21,6.91,,
225518,P,2001-10-11,34362,8,13.34,2.25,,
225519,P,2001-01-31,13247,1,81.60,9.57,,
225520,P,2000-11-26,7089,10,90.20,2.73,,
225521,P,2002-01-23,51737,8,56.07,6.38,,
225522,P,2002-07-29,39316,6,2.42,8.48,,
225523,P,2001-05-16,93009,5,71.92,3.68,,
225524,P,2002-09-14,95337,1,33.88,4.74,,
225525,P,2002-03-10,4784,3,25.53,5.03,,
225526,P,2000-08-09,25704,7,35.65,9.81,,
225527,P,2002-07-24,25981,2,3.03,1.42,,
225528,P,2001-06-25,36714,1,76.58,2.78,,
225529,P,2001-07-19,52993,4,45.38,1.51,,
225530,P,2001-12-10,40293,9,90.11,9.35,,
225531,P,2000-10-09,597,7,2.96,7.10,,
225532,P,2001-07-16,34280,8,83.08,0.06,,
225533,P,2001-04-06,24968,8,6.32,1.24,,
225534,P,2000-03-27,64411,10,3.11,3.36,,
225535,P,2002-09-03,46286,8,4.23,5.15,,
225536,P,2001-10-13,75118,4,12.88,0.23,,
225537,P,2001-11-21,67389,6,92.20,5.44,,
225538,P,2001-12-06,37472,2,50.40,4.14,,
225539,P,2001-12-31,77472,2,5.05,1.74,,
225540,P,2002-04-14,40532,6,76.19,7.26,,
225541,P,2000-02-16,43132,3,69.17,3.63,,
225542,P,2000-06-26,27592,8,90.95,7.42,,
225543,P,2002-08-28,62119,7,59.39,1.33,,
225544,P,2000-02-20,50477,3,90.80,4.45,,
225545,P,2000-03-13,21187,8,96.13,0.50,,
225546,P,2001-09-16,43899,5,94.22,3.85,,
225547,P,2001-09-24,13444,2,51.71,3.66,,
225548,P,2000-02-13,8979,1,1.92,1.13,,
225549,P,2001-09-07,19080,10,84.10,6.94,,
225550,P,2002-03-10,77942,1,39.76,7.31,,
225551,P,2000-08-09,35770,7,84.92,1.06,,
225552,P,2001-02-25,48296,8,52.69,2.34,,
225553,P,2000-10-02,154,5,99.48,5.81,,
225554,P,2000-10-07,38246,10,52.98,2.64,,
225555,P,2002-01-30,17195,10,73.40,8.67,,
225556,P,2000-03-30,44586,10,78.81,6.29,,
225557,P,2001-01-18,92286,2,33.48,1.19,,
225558,P,2002-05-05,2701,9,6.27,0.44,,
225559,P,2000-01-24,35272,10,62.68,4.81,,
225560,P,2002-07-03,88657,4,14.90,2.68,,
225561,P,2001-10-01,91354,6,79.69,7.22,,
225562,P,2001-08-01,8685,4,65.04,1.24,,
225563,P,2000-02-08,50163,9,47.85,3.09,,
225564,P,2001-12-09,36574,9,37.84,7.80,,
225565,P,2000-09-18,56100,4,1.43,0.12,,
225566,P,2000-12-12,98238,4,84.40,4.70,,
225567,P,2002-08-10,67825,8,51.78,3.84,,
225568,P,2000-07-29,62163,7,57.92,8.25,,
225569,P,2001-06-28,94941,2,31.77,4.36,,
225570,P,2002-06-15,58596,7,16.02,4.59,,
225571,P,2001-05-28,92262,6,76.14,1.68,,
225572,P,2000-10-02,38558,7,12.77,8.93,,
225573,P,2001-04-28,7984,5,5.34,9.80,,
225574,P,2001-09-26,70793,9,7.51,8.39,,
225575,P,2001-07-26,73150,9,19.06,4.89,,
225576,P,2000-07-09,68359,2,30.50,2.83,,
225577,P,2002-01-29,68989,5,49.62,6.14,,
225578,P,2002-04-19,40779,10,80.21,1.56,,
225579,P,2002-05-01,51854,8,4.94,1.82,,
225580,P,2001-08-23,11170,1,89.54,6.31,,
225581,P,2002-01-28,72605,6,29.02,8.66,,
225582,P,2002-05-22,7168,10,74.62,7.03,,
225583,P,2002-07-27,32687,3,22.16,9.97,,
225584,P,2000-11-17,29597,5,32.79,6.50,,
225585,P,2000-11-23,11622,10,47.15,6.89,,
225586,P,2001-07-30,90581,10,61.23,7.22,,
225587,P,2002-06-21,78864,1,7.89,9.40,,
225588,P,2001-02-22,21730,1,62.53,5.32,,
225589,P,2001-02-28,80310,3,79.93,5.08,,
225590,P,2000-01-17,81582,2,4.75,5.35,,
225591,P,2000-08-23,32400,3,66.83,9.83,,
225592,P,2002-08-15,38100,9,56.81,6.55,,
225593,P,2002-05-01,23105,5,31.12,9.07,,
225594,P,2001-08-07,58118,10,34.15,4.26,,
225595,P,2002-08-29,10977,10,99.73,3.69,,
225596,P,2000-02-19,1317,2,65.37,6.71,,
225597,P,2000-04-19,98408,4,45.66,7.96,,
225598,P,2000-05-15,52929,5,79.98,5.97,,
225599,P,2001-08-27,67721,7,16.09,3.31,,
225600,P,2001-10-16,56572,8,99.58,0.39,,
225601,P,2001-08-27,78344,4,72.53,8.54,,
225602,P,2001-03-31,19356,4,92.66,0.15,,
225603,P,2002-05-26,6985,1,46.43,9.74,,
225604,P,2000-04-04,2883,4,77.89,2.98,,
225605,P,2002-07-11,58437,3,96.15,8.81,,
225606,P,2000-11-11,30493,1,56.45,4.52,,
225607,P,2001-07-18,16974,10,81.26,7.64,,
225608,P,2001-01-15,36657,10,25.57,9.88,,
225609,P,2000-10-16,95456,6,72.11,0.85,,
225610,P,2000-12-03,93907,5,86.55,0.17,,
225611,P,2002-06-25,66399,3,65.80,5.39,,
225612,P,2000-08-21,17936,9,57.76,7.16,,
225613,P,2001-06-24,1265,10,5.90,1.08,,
225614,P,2001-12-26,75195,7,6.94,7.75,,
225615,P,2000-07-16,42410,3,36.88,6.20,,
225616,P,2000-10-26,49348,4,57.06,1.10,,
225617,P,2000-12-01,86750,7,28.69,0.03,,
225618,P,2001-10-11,811,6,91.62,9.18,,
225619,P,2001-01-01,94367,9,97.82,6.02,,
225620,P,2001-12-24,30764,3,95.77,0.04,,
225621,P,2002-07-13,94621,4,60.34,8.72,,
225622,P,2002-08-12,18041,4,6.87,4.76,,
225623,P,2002-07-30,80647,8,8.09,7.89,,
225624,P,2000-08-22,59133,6,83.88,7.68,,
225625,P,2001-07-08,78264,9,42.83,4.98,,
225626,P,2001-09-30,40316,3,61.75,7.71,,
225627,P,2002-06-12,44051,4,65.54,0.76,,
225628,P,2001-01-29,46302,6,95.82,9.07,,
225629,P,2000-02-27,57655,8,40.79,3.49,,
225630,P,2001-02-23,2142,5,16.08,8.24,,
225631,P,2002-07-10,82989,9,13.69,6.99,,
225632,P,2002-05-06,13318,3,14.06,4.94,,
225633,P,2002-07-13,45761,7,45.57,5.52,,
225634,P,2000-06-09,12973,4,99.92,0.14,,
225635,P,2002-09-15,86273,6,94.27,7.03,,
225636,P,2001-02-17,77182,2,69.92,3.86,,
225637,P,2000-01-21,55472,4,71.43,4.29,,
225638,P,2002-09-12,44721,7,60.25,0.56,,
225639,P,2001-10-28,66156,7,77.64,1.61,,
225640,P,2001-08-09,8615,6,86.03,2.32,,
225641,P,2001-10-31,1367,5,30.25,5.26,,
225642,P,2002-09-17,98141,4,66.04,2.97,,
225643,P,2002-02-20,13180,8,90.82,3.68,,
225644,P,2001-01-15,26269,9,5.30,7.68,,
225645,P,2000-04-12,25267,5,53.49,3.89,,
225646,P,2000-12-13,19876,7,10.20,0.55,,
225647,P,2000-04-12,26264,6,2.70,2.43,,
225648,P,2001-12-28,77200,6,80.78,9.93,,
225649,P,2001-11-06,59576,7,77.59,0.49,,
225650,P,2000-11-21,67687,1,64.95,7.55,,
225651,P,2000-08-10,77668,2,69.00,9.92,,
225652,P,2001-02-27,56632,8,4.07,8.41,,
225653,P,2000-07-22,53491,7,45.15,0.28,,
225654,P,2002-03-24,86340,4,49.92,2.32,,
225655,P,2001-08-01,76358,4,14.31,9.04,,
225656,P,2000-09-10,69388,5,40.53,4.73,,
225657,P,2001-06-18,77888,9,77.96,3.34,,
225658,P,2000-05-16,63089,3,6.69,4.56,,
225659,P,2001-12-18,79938,2,89.18,9.97,,
225660,P,2002-04-03,8257,1,16.67,8.46,,
225661,P,2000-06-06,66585,5,41.87,4.54,,
225662,P,2001-01-29,46932,5,83.80,0.11,,
225663,P,2000-03-19,60083,3,66.88,2.54,,
225664,P,2001-12-06,41869,6,43.72,5.85,,
225665,P,2000-07-10,47081,6,51.08,0.50,,
225666,P,2000-05-19,81586,9,39.28,6.31,,
225667,P,2000-01-21,13738,3,48.36,7.50,,
225668,P,2000-12-21,56190,3,21.10,5.93,,
225669,P,2001-04-25,41943,4,73.88,4.33,,
225670,P,2001-11-21,86015,4,96.70,3.94,,
225671,P,2000-03-07,88823,7,92.03,5.59,,
225672,P,2000-02-15,27335,3,28.13,0.98,,
225673,P,2002-04-14,29694,7,18.34,7.38,,
225674,P,2000-06-02,45661,3,39.53,2.68,,
225675,P,2001-05-26,7007,6,7.86,2.46,,
225676,P,2001-12-05,33124,6,72.70,0.69,,
225677,P,2000-08-15,31618,10,75.74,7.64,,
225678,P,2000-12-09,23195,2,90.90,3.92,,
225679,P,2002-01-21,51466,9,97.72,0.24,,
225680,P,2000-04-06,69197,1,45.39,2.65,,
225681,P,2001-04-23,83907,9,73.40,5.22,,
225682,P,2001-01-06,15406,7,50.11,6.57,,
225683,P,2001-06-22,19152,2,56.94,1.52,,
225684,P,2000-03-15,91221,2,4.81,9.61,,
225685,P,2001-09-24,35597,5,12.00,1.12,,
225686,P,2001-11-27,54371,1,21.69,6.63,,
225687,P,2002-02-18,29437,3,67.96,9.97,,
225688,P,2000-11-30,57117,9,23.47,3.78,,
225689,P,2000-05-05,60864,7,61.57,2.21,,
225690,P,2000-12-26,21599,6,69.31,5.16,,
225691,P,2000-05-08,78524,4,12.25,3.61,,
225692,P,2001-11-24,23785,7,91.41,3.25,,
225693,P,2002-05-31,45532,9,38.31,5.33,,
225694,P,2001-02-21,15001,7,0.19,1.00,,
225695,P,2001-11-13,88819,2,0.47,2.36,,
225696,P,2001-08-04,92087,2,93.62,9.48,,
225697,P,2000-08-30,59522,9,25.09,3.20,,
225698,P,2001-11-05,83069,9,59.05,1.80,,
225699,P,2000-07-16,62688,6,75.04,0.32,,
225700,P,2000-10-12,29580,4,85.70,2.78,,
225701,P,2000-03-09,61778,3,6.55,4.32,,
225702,P,2002-06-22,37404,9,2.68,2.97,,
225703,P,2002-07-19,61798,9,3.08,4.55,,
225704,P,2001-10-02,17458,8,55.72,3.35,,
225705,P,2000-02-05,84697,2,31.12,7.49,,
225706,P,2001-03-18,77599,3,78.53,5.03,,
225707,P,2002-05-08,54089,7,16.60,8.95,,
225708,P,2000-04-07,32363,10,35.13,4.17,,
225709,P,2000-05-16,5987,7,72.04,5.62,,
225710,P,2002-07-19,44258,8,52.03,2.63,,
225711,P,2000-12-22,86304,8,25.37,4.04,,
225712,P,2001-01-02,27122,2,29.53,2.70,,
225713,P,2001-04-22,24560,9,14.59,8.25,,
225714,P,2000-08-16,41066,4,56.24,3.83,,
225715,P,2002-01-15,33477,8,5.50,3.51,,
225716,P,2002-05-22,7684,7,46.69,1.34,,
225717,P,2000-05-15,99567,6,49.98,7.94,,
225718,P,2002-01-21,77347,10,8.59,9.20,,
225719,P,2001-08-01,77010,8,59.04,1.30,,
225720,P,2001-07-02,20954,4,23.82,6.03,,
225721,P,2001-07-18,53884,10,79.82,8.82,,
225722,P,2002-07-19,37728,6,14.91,9.40,,
225723,P,2002-06-20,31044,7,70.97,9.76,,
225724,P,2002-01-18,57294,10,4.69,0.60,,
225725,P,2001-10-28,21162,7,80.01,8.25,,
225726,P,2001-02-26,58028,5,57.06,6.44,,
225727,P,2002-08-20,49016,1,39.91,0.04,,
225728,P,2000-09-25,99323,6,47.61,8.66,,
225729,P,2000-07-15,15046,1,18.63,3.67,,
225730,P,2001-07-03,39115,1,23.32,5.01,,
225731,P,2001-09-12,99626,8,65.29,5.01,,
225732,P,2002-05-09,70950,7,38.94,8.72,,
225733,P,2000-01-13,22262,7,74.07,9.05,,
225734,P,2000-02-19,74094,10,45.72,1.58,,
225735,P,2001-01-08,76347,2,78.87,5.31,,
225736,P,2001-11-06,94656,9,50.29,8.36,,
225737,P,2001-03-29,58338,8,99.77,0.79,,
225738,P,2001-03-01,71979,2,33.57,9.26,,
225739,P,2001-11-26,73272,2,75.50,9.20,,
225740,P,2001-12-30,25530,10,75.01,5.65,,
225741,P,2002-04-15,70367,6,15.80,6.76,,
225742,P,2001-02-15,94190,5,78.68,3.17,,
225743,P,2001-12-03,61178,2,80.83,3.14,,
225744,P,2002-02-14,99367,2,97.99,9.70,,
225745,P,2000-07-01,28843,2,82.88,9.93,,
225746,P,2001-10-14,40370,10,31.92,4.78,,
225747,P,2002-02-26,13614,5,90.81,5.83,,
225748,P,2000-03-07,17903,3,27.91,3.04,,
225749,P,2000-12-18,77951,5,32.83,7.97,,
225750,P,2002-01-03,37256,5,81.69,0.24,,
225751,P,2001-07-23,68255,5,51.03,3.90,,
225752,P,2001-11-19,64994,2,64.61,7.15,,
225753,P,2001-05-25,82860,4,47.31,0.40,,
225754,P,2002-07-01,95456,9,30.80,0.49,,
225755,P,2001-06-07,62760,10,49.32,2.19,,
225756,P,2000-07-18,24678,2,41.92,2.37,,
225757,P,2000-06-03,63071,6,69.58,9.79,,
225758,P,2002-06-06,36493,5,87.58,8.95,,
225759,P,2001-12-25,33269,10,52.32,8.23,,
225760,P,2002-04-15,49009,3,98.54,8.18,,
225761,P,2000-01-14,6132,1,63.34,2.74,,
225762,P,2002-08-11,45102,5,66.32,9.86,,
225763,P,2001-05-13,56387,4,11.06,6.97,,
225764,P,2002-02-24,71232,7,94.74,6.61,,
225765,P,2001-09-22,57152,9,26.67,7.49,,
225766,P,2001-12-21,37109,8,1.05,1.29,,
225767,P,2001-02-21,99047,7,7.04,7.78,,
225768,P,2001-09-23,30029,8,55.79,2.39,,
225769,P,2002-04-25,3805,7,70.01,4.32,,
225770,P,2001-05-12,60864,4,75.81,5.80,,
225771,P,2002-02-21,60761,1,26.21,0.49,,
225772,P,2001-10-04,28119,10,19.36,6.41,,
225773,P,2002-07-18,13400,10,1.91,6.33,,
225774,P,2001-06-09,48329,2,56.10,2.24,,
225775,P,2001-09-24,29326,9,82.77,6.98,,
225776,P,2001-06-09,4529,8,58.02,6.72,,
225777,P,2001-12-08,360,2,16.72,6.17,,
225778,P,2000-06-09,30317,9,98.04,3.72,,
225779,P,2001-07-13,28748,10,94.52,8.19,,
225780,P,2001-01-13,53557,7,59.09,7.34,,
225781,P,2000-09-26,36305,6,16.73,2.56,,
225782,P,2000-03-07,47627,7,75.48,7.64,,
225783,P,2000-10-23,83397,4,43.32,3.68,,
225784,P,2001-12-18,10282,3,80.07,5.54,,
225785,P,2001-10-27,50059,7,26.99,8.61,,
225786,P,2000-08-03,99625,4,80.48,7.52,,
225787,P,2000-04-25,79303,8,29.96,3.59,,
225788,P,2000-05-09,68217,8,30.24,1.29,,
225789,P,2002-03-17,79700,6,29.28,3.94,,
225790,P,2000-06-26,37946,7,73.50,4.59,,
225791,P,2001-12-16,48586,5,0.29,8.48,,
225792,P,2002-09-22,15646,7,59.85,6.04,,
225793,P,2001-11-04,46529,2,92.66,7.43,,
225794,P,2001-09-23,8015,6,79.72,1.53,,
225795,P,2000-10-04,44339,8,36.41,8.28,,
225796,P,2000-06-06,86085,2,25.82,0.34,,
225797,P,2001-06-28,99762,5,76.31,4.43,,
225798,P,2000-09-18,35528,6,4.66,4.76,,
225799,P,2002-03-11,77217,9,98.69,2.12,,
225800,P,2001-08-17,77630,5,55.39,1.01,,
225801,P,2000-10-24,4058,6,91.86,6.90,,
225802,P,2001-09-01,56496,6,56.97,4.91,,
225803,P,2002-07-10,6314,9,43.77,0.54,,
225804,P,2000-07-12,50479,4,67.15,7.35,,
225805,P,2000-03-13,45010,9,36.03,5.26,,
225806,P,2000-10-16,54752,4,87.77,5.66,,
225807,P,2001-09-12,35421,3,27.64,4.46,,
225808,P,2001-03-27,53150,2,90.27,9.47,,
225809,P,2001-12-18,29747,3,76.55,0.77,,
225810,P,2001-03-19,64233,2,54.70,1.85,,
225811,P,2001-02-06,47234,6,33.30,9.63,,
225812,P,2000-05-22,45634,9,83.30,9.44,,
225813,P,2001-10-08,84570,3,26.71,0.23,,
225814,P,2001-10-19,82249,10,37.59,1.20,,
225815,P,2000-10-09,10648,4,78.13,6.79,,
225816,P,2001-09-07,7611,3,41.35,5.15,,
225817,P,2001-12-21,86311,6,84.84,5.68,,
225818,P,2000-03-29,29195,4,66.92,0.70,,
225819,P,2001-09-24,21076,8,19.01,0.81,,
225820,P,2001-03-10,21978,8,15.14,4.05,,
225821,P,2000-01-14,38601,6,61.57,9.47,,
225822,P,2002-02-24,4608,1,67.23,4.61,,
225823,P,2000-09-03,92443,3,82.49,6.67,,
225824,P,2001-05-08,34700,9,36.98,4.51,,
225825,P,2002-05-02,82120,5,33.79,8.24,,
225826,P,2000-02-04,93420,1,68.92,0.58,,
225827,P,2000-11-22,19172,3,12.02,3.66,,
225828,P,2000-10-06,81277,10,38.58,5.19,,
225829,P,2002-01-12,85385,4,77.35,0.72,,
225830,P,2001-01-27,40906,10,99.49,4.35,,
225831,P,2000-12-19,55164,7,12.34,2.13,,
225832,P,2001-12-23,63047,5,30.39,5.04,,
225833,P,2002-01-28,19893,10,97.85,3.25,,
225834,P,2000-12-10,2380,1,69.05,3.91,,
225835,P,2002-09-17,12352,9,85.20,1.96,,
225836,P,2001-03-13,76182,7,0.78,1.03,,
225837,P,2002-01-09,70719,8,41.31,2.68,,
225838,P,2000-10-29,65779,7,33.24,1.44,,
225839,P,2002-01-01,30540,10,78.17,6.32,,
225840,P,2000-05-07,84157,4,48.26,0.07,,
225841,P,2000-11-30,2684,1,90.23,7.10,,
225842,P,2001-02-14,5877,1,78.58,9.22,,
225843,P,2002-01-05,78452,8,21.22,4.98,,
225844,P,2001-03-06,27447,10,42.57,5.37,,
225845,P,2002-01-24,92618,3,4.74,6.86,,
225846,P,2002-09-08,98164,5,46.68,2.73,,
225847,P,2002-05-03,96813,9,15.90,7.08,,
225848,P,2000-08-28,2677,3,35.11,1.54,,
225849,P,2001-09-13,71409,5,43.93,4.74,,
225850,P,2000-12-25,68856,3,21.46,6.02,,
225851,P,2000-07-13,60666,3,57.10,0.94,,
225852,P,2002-02-24,56693,7,8.19,5.16,,
225853,P,2002-04-07,78114,4,34.46,1.86,,
225854,P,2001-07-22,40351,10,64.90,5.67,,
225855,P,2000-10-17,14533,2,85.21,1.90,,
225856,P,2001-05-06,67626,9,84.42,5.81,,
225857,P,2000-09-08,52535,6,27.84,4.90,,
225858,P,2002-07-20,11394,6,29.08,8.77,,
225859,P,2000-03-24,93936,2,34.76,9.92,,
225860,P,2002-01-24,50720,1,31.10,1.90,,
225861,P,2002-02-19,93032,3,1.97,2.24,,
225862,P,2001-09-01,36064,4,53.93,3.28,,
225863,P,2001-02-27,33476,2,73.03,1.27,,
225864,P,2001-06-18,82969,4,45.12,3.02,,
225865,P,2002-01-19,82748,2,63.90,5.34,,
225866,P,2001-06-16,72504,4,29.54,3.38,,
225867,P,2001-06-30,16176,7,28.89,5.88,,
225868,P,2001-11-08,38505,2,83.28,1.97,,
225869,P,2001-05-18,79558,4,32.36,7.68,,
225870,P,2002-03-21,76499,5,82.24,3.64,,
225871,P,2000-09-24,1318,3,77.62,0.48,,
225872,P,2000-05-08,51259,4,62.74,4.39,,
225873,P,2001-09-19,86755,4,8.04,7.02,,
225874,P,2001-10-15,57320,10,78.52,2.32,,
225875,P,2000-04-30,21571,3,59.65,6.02,,
225876,P,2002-05-21,6751,8,9.18,0.78,,
225877,P,2002-05-09,55322,10,72.09,7.50,,
225878,P,2000-04-04,99538,7,41.83,1.55,,
225879,P,2001-11-26,59837,1,12.30,7.08,,
225880,P,2000-10-01,58812,6,27.64,1.87,,
225881,P,2000-07-08,84941,4,15.40,0.54,,
225882,P,2000-09-20,45025,4,38.98,5.52,,
225883,P,2002-05-24,55546,1,94.07,1.09,,
225884,P,2001-01-05,15263,3,73.60,9.30,,
225885,P,2000-09-07,15541,10,19.82,6.45,,
225886,P,2000-02-28,85487,4,20.17,5.49,,
225887,P,2001-05-22,24328,10,36.99,1.82,,
225888,P,2001-10-01,43903,7,35.81,5.29,,
225889,P,2000-07-28,5273,8,10.06,7.46,,
225890,P,2001-08-04,32412,6,83.49,9.08,,
225891,P,2000-01-15,43966,2,74.54,1.58,,
225892,P,2000-12-05,85462,4,65.08,9.22,,
225893,P,2001-07-02,56656,5,63.46,0.82,,
225894,P,2002-08-07,95151,7,75.30,3.73,,
225895,P,2000-04-01,7977,9,18.29,9.41,,
225896,P,2001-11-26,94807,5,49.55,6.41,,
225897,P,2002-01-25,28634,2,0.96,2.70,,
225898,P,2001-12-06,15231,6,42.07,5.98,,
225899,P,2001-11-18,58382,9,65.95,4.07,,
225900,P,2002-03-26,49810,1,21.11,1.82,,
225901,P,2001-03-27,29639,4,31.69,5.29,,
225902,P,2001-07-24,55431,4,32.22,5.49,,
225903,P,2001-07-30,61384,1,10.07,3.40,,
225904,P,2001-03-05,65455,10,43.71,7.65,,
225905,P,2000-06-02,83079,3,91.24,8.96,,
225906,P,2002-03-17,23713,2,47.19,1.10,,
225907,P,2001-08-25,89615,7,33.90,3.76,,
225908,P,2002-02-23,10797,4,85.05,9.12,,
225909,P,2000-06-12,7837,9,72.06,0.12,,
225910,P,2002-06-15,80877,6,63.55,6.79,,
225911,P,2001-04-22,67873,8,51.94,6.56,,
225912,P,2001-04-22,24339,8,72.88,2.18,,
225913,P,2002-05-11,19889,9,48.01,3.21,,
225914,P,2000-12-22,93978,5,8.81,9.02,,
225915,P,2001-11-05,13085,4,53.55,8.30,,
225916,P,2001-09-12,7454,5,48.79,6.91,,
225917,P,2000-01-22,37372,10,88.38,8.63,,
225918,P,2001-02-07,61188,1,18.83,5.02,,
225919,P,2000-05-11,79655,10,43.86,7.91,,
225920,P,2002-01-27,49190,3,19.49,8.80,,
225921,P,2001-12-14,41287,10,47.36,6.77,,
225922,P,2000-04-02,80627,8,13.27,9.51,,
225923,P,2001-07-29,17924,9,62.53,0.69,,
225924,P,2002-04-05,85752,10,5.20,8.36,,
225925,P,2000-08-17,43838,10,49.79,1.01,,
225926,P,2001-10-20,20233,9,49.79,2.62,,
225927,P,2000-02-19,78238,9,58.22,3.34,,
225928,P,2001-07-22,96467,3,49.88,2.54,,
225929,P,2001-09-19,91750,4,90.50,4.36,,
225930,P,2002-07-22,9449,2,28.36,0.08,,
225931,P,2001-12-05,63504,7,54.29,6.86,,
225932,P,2000-05-24,39047,3,99.83,1.19,,
225933,P,2002-08-03,85561,8,3.82,9.96,,
225934,P,2002-09-26,58547,9,68.14,1.64,,
225935,P,2001-03-01,83744,2,74.82,7.59,,
225936,P,2000-05-30,74078,6,90.75,5.03,,
225937,P,2001-05-22,55876,5,51.62,8.97,,
225938,P,2000-07-27,16672,5,16.36,5.59,,
225939,P,2000-12-08,94362,5,18.10,6.18,,
225940,P,2000-06-29,6104,6,34.87,8.38,,
225941,P,2001-05-30,97591,3,62.47,3.24,,
225942,P,2002-08-04,99381,9,29.72,9.71,,
225943,P,2000-04-14,29110,4,89.41,4.22,,
225944,P,2001-09-09,35558,6,10.18,4.81,,
225945,P,2002-06-26,57402,5,81.00,3.88,,
225946,P,2000-12-18,49995,5,32.78,6.21,,
225947,P,2000-06-15,6857,10,85.60,0.05,,
225948,P,2001-10-25,96544,7,37.41,0.48,,
225949,P,2000-09-03,54234,8,17.59,5.17,,
225950,P,2002-03-02,64682,6,80.89,0.88,,
225951,P,2001-12-18,53005,10,39.80,8.58,,
225952,P,2000-05-22,52511,3,44.31,2.85,,
225953,P,2001-03-12,85795,8,96.98,8.92,,
225954,P,2001-03-14,64961,9,19.14,9.27,,
225955,P,2002-05-21,79307,4,81.17,5.12,,
225956,P,2001-10-08,88998,10,87.62,9.60,,
225957,P,2000-09-30,57712,5,36.87,1.17,,
225958,P,2001-07-29,89445,3,24.59,6.41,,
225959,P,2002-09-14,42755,5,77.43,9.66,,
225960,P,2002-08-09,86889,8,35.75,6.25,,
225961,P,2001-06-18,83183,3,48.81,1.13,,
225962,P,2000-06-12,14430,9,3.71,3.79,,
225963,P,2002-08-08,77518,8,46.40,5.55,,
225964,P,2000-02-02,26573,4,85.65,4.68,,
225965,P,2000-09-19,86087,1,0.94,3.17,,
225966,P,2002-08-05,66473,1,7.95,1.84,,
225967,P,2000-07-19,70686,1,88.65,3.85,,
225968,P,2001-12-02,39508,9,10.08,3.72,,
225969,P,2000-05-13,21067,3,83.86,7.92,,
225970,P,2002-03-18,43603,3,98.82,2.71,,
225971,P,2001-04-04,59353,3,94.68,7.41,,
225972,P,2002-08-17,7228,7,35.58,5.84,,
225973,P,2000-01-12,48095,2,42.67,1.40,,
225974,P,2001-11-01,38874,2,33.70,2.35,,
225975,P,2001-09-11,86023,4,30.81,3.16,,
225976,P,2000-11-06,16543,10,74.27,2.07,,
225977,P,2000-12-27,51035,1,80.14,2.00,,
225978,P,2001-05-27,24003,9,97.57,1.44,,
225979,P,2001-05-26,59428,9,13.36,4.10,,
225980,P,2001-12-08,85957,4,4.18,9.29,,
225981,P,2002-07-29,5034,1,91.14,9.44,,
225982,P,2002-03-23,70927,7,22.82,7.73,,
225983,P,2000-05-14,40999,9,33.30,7.32,,
225984,P,2001-08-04,92552,9,58.68,5.52,,
225985,P,2000-10-06,88248,9,35.56,9.54,,
225986,P,2000-04-22,99196,3,74.37,4.03,,
225987,P,2000-04-16,8089,8,84.82,7.45,,
225988,P,2001-07-14,31633,7,67.29,6.55,,
225989,P,2000-04-22,8610,9,6.97,3.14,,
225990,P,2001-05-23,75942,8,42.08,9.63,,
225991,P,2001-11-21,60206,1,55.73,2.53,,
225992,P,2002-06-02,2702,2,37.21,6.74,,
225993,P,2001-07-24,24994,9,23.01,5.52,,
225994,P,2001-10-06,8071,10,67.54,4.23,,
225995,P,2001-11-28,83507,10,27.61,2.75,,
225996,P,2001-07-26,32733,9,65.61,2.89,,
225997,P,2002-07-18,78428,10,40.29,2.87,,
225998,P,2002-06-04,66657,4,68.27,4.28,,
225999,P,2000-05-31,24221,4,24.95,0.05,,
226000,P,2002-04-20,95274,2,44.69,0.80,,
226001,P,2001-03-20,39212,7,80.12,3.07,,
226002,P,2002-05-18,6077,5,5.78,7.31,,
226003,P,2002-04-17,87628,1,40.74,0.56,,
226004,P,2002-01-28,68087,6,13.70,5.07,,
226005,P,2001-04-29,31947,1,92.70,9.64,,
226006,P,2002-01-13,22195,9,81.91,3.53,,
226007,P,2000-01-26,32903,6,35.55,5.10,,
226008,P,2002-05-04,69388,6,89.99,0.13,,
226009,P,2002-01-13,19308,3,10.63,8.39,,
226010,P,2002-03-25,63630,3,100.00,1.92,,
226011,P,2001-02-18,30635,3,39.06,4.47,,
226012,P,2000-06-06,90968,8,61.34,6.01,,
226013,P,2001-05-12,98181,7,90.09,5.31,,
226014,P,2001-09-06,84064,3,92.14,4.84,,
226015,P,2002-01-17,43021,4,31.03,5.45,,
226016,P,2002-03-18,98081,3,33.66,4.59,,
226017,P,2001-02-09,11914,4,18.44,1.65,,
226018,P,2001-04-02,41403,7,97.16,8.21,,
226019,P,2000-07-25,14152,1,15.46,4.29,,
226020,P,2001-03-31,63134,3,23.92,2.29,,
226021,P,2000-05-05,2186,3,68.00,5.75,,
226022,P,2001-10-28,54138,1,32.03,6.20,,
226023,P,2002-05-25,30446,1,16.00,6.69,,
226024,P,2001-09-28,75731,9,55.16,5.54,,
226025,P,2000-11-10,74145,8,71.33,2.78,,
226026,P,2001-12-07,9484,1,77.02,7.15,,
226027,P,2002-09-23,11515,9,73.22,7.69,,
226028,P,2000-02-22,11617,10,43.25,9.18,,
226029,P,2001-10-17,30646,4,35.30,8.38,,
226030,P,2001-10-19,44353,9,74.84,2.53,,
226031,P,2001-08-05,60639,4,60.99,5.61,,
226032,P,2002-09-05,16244,2,83.75,2.00,,
226033,P,2001-06-22,96349,7,24.91,9.12,,
226034,P,2002-03-20,75198,10,64.78,9.23,,
226035,P,2002-09-11,71187,7,32.94,7.48,,
226036,P,2001-04-15,16216,6,54.32,1.06,,
226037,P,2000-08-04,21046,2,92.05,7.96,,
226038,P,2000-04-05,85912,7,69.50,4.01,,
226039,P,2000-04-17,27817,5,69.70,7.22,,
226040,P,2002-07-22,59180,10,49.77,1.11,,
226041,P,2001-08-29,46853,6,17.41,6.23,,
226042,P,2002-01-11,58012,9,44.14,1.81,,
226043,P,2000-03-05,35038,4,69.98,6.86,,
226044,P,2001-09-14,80338,5,60.36,0.95,,
226045,P,2000-09-23,81531,1,55.85,6.38,,
226046,P,2002-04-17,248,2,55.51,3.52,,
226047,P,2002-05-06,70329,5,91.23,8.90,,
226048,P,2001-04-22,87424,9,8.14,8.32,,
226049,P,2001-08-03,69043,4,40.76,5.17,,
226050,P,2000-06-13,31976,6,51.60,2.24,,
226051,P,2001-11-30,73423,9,64.58,8.80,,
226052,P,2002-08-24,81029,1,51.97,8.55,,
226053,P,2000-02-15,8686,10,8.44,5.99,,
226054,P,2002-03-04,55058,2,66.22,5.05,,
226055,P,2000-10-22,19519,10,88.75,6.07,,
226056,P,2002-09-24,371,5,82.85,6.75,,
226057,P,2000-01-24,51081,4,25.17,1.63,,
226058,P,2000-01-07,13073,6,42.34,9.98,,
226059,P,2000-06-02,39064,6,47.89,6.55,,
226060,P,2002-01-24,93860,5,33.08,8.43,,
226061,P,2001-09-05,54204,1,60.51,3.70,,
226062,P,2001-10-30,90378,7,29.42,1.18,,
226063,P,2001-08-18,79536,7,47.14,6.57,,
226064,P,2000-09-20,68675,1,84.51,0.03,,
226065,P,2000-04-16,13092,8,77.80,9.68,,
226066,P,2002-04-24,78346,5,98.45,1.18,,
226067,P,2001-12-15,35368,8,57.30,8.64,,
226068,P,2001-08-13,35283,2,88.42,9.24,,
226069,P,2000-05-21,57596,2,3.31,8.17,,
226070,P,2002-03-31,40925,10,91.39,3.07,,
226071,P,2000-10-08,70327,7,97.63,4.99,,
226072,P,2001-12-07,34896,5,2.14,9.68,,
226073,P,2000-01-29,22868,5,97.14,6.55,,
226074,P,2001-07-14,71098,8,9.01,6.49,,
226075,P,2002-09-05,18413,7,46.08,6.18,,
226076,P,2000-03-02,62028,5,21.54,5.61,,
226077,P,2000-12-21,25581,9,59.57,2.76,,
226078,P,2002-01-21,33223,6,37.18,1.49,,
226079,P,2002-02-23,94438,7,23.68,5.82,,
226080,P,2002-05-10,85924,2,41.65,3.73,,
226081,P,2002-01-02,84784,1,78.46,0.41,,
226082,P,2000-07-03,66950,4,83.80,5.69,,
226083,P,2001-10-03,65020,9,60.92,2.67,,
226084,P,2002-04-14,94774,8,12.38,4.47,,
226085,P,2001-03-06,36146,8,84.18,5.85,,
226086,P,2000-04-19,96891,7,46.74,6.67,,
226087,P,2001-09-16,49398,6,77.54,4.69,,
226088,P,2000-12-11,43692,2,86.94,2.72,,
226089,P,2001-11-25,16572,8,67.22,9.79,,
226090,P,2002-03-19,34826,3,48.45,2.17,,
226091,P,2002-07-20,37941,6,86.85,9.78,,
226092,P,2002-08-07,58111,9,5.45,5.29,,
226093,P,2001-06-19,7810,6,10.40,3.54,,
226094,P,2002-04-06,34988,6,75.34,5.19,,
226095,P,2001-04-13,95904,10,20.18,1.71,,
226096,P,2000-08-17,87449,9,16.86,2.88,,
226097,P,2001-02-09,60380,7,23.79,5.64,,
226098,P,2002-04-05,49953,9,67.98,1.28,,
226099,P,2000-07-11,85317,4,9.25,8.43,,
226100,P,2001-10-13,52302,6,65.45,7.84,,
226101,P,2000-04-23,68693,9,27.07,3.41,,
226102,P,2002-03-13,41226,3,10.09,5.33,,
226103,P,2000-09-04,72728,2,87.15,4.42,,
226104,P,2002-01-29,99225,1,26.57,9.21,,
226105,P,2001-01-14,68874,1,50.73,6.43,,
226106,P,2000-03-23,82284,8,7.46,3.07,,
226107,P,2001-04-25,58584,2,47.79,1.17,,
226108,P,2002-03-28,91589,8,90.77,9.91,,
226109,P,2002-09-26,3495,5,64.97,1.05,,
226110,P,2002-05-06,6552,9,71.78,4.92,,
226111,P,2001-03-21,99943,2,88.42,1.06,,
226112,P,2002-05-18,954,4,20.54,8.54,,
226113,P,2001-12-23,19060,3,65.12,3.07,,
226114,P,2002-01-06,4747,8,89.36,6.33,,
226115,P,2001-02-01,47171,2,83.26,9.33,,
226116,P,2002-07-29,53244,9,70.73,2.32,,
226117,P,2000-11-04,45143,1,60.68,4.31,,
226118,P,2001-08-01,74567,8,56.92,1.27,,
226119,P,2001-02-24,42768,4,78.70,6.78,,
226120,P,2002-01-02,29097,2,28.61,6.23,,
226121,P,2000-04-07,46461,8,10.56,2.71,,
226122,P,2000-02-21,63944,8,51.90,2.09,,
226123,P,2000-09-08,53530,9,5.91,5.18,,
226124,P,2002-04-01,13684,1,22.96,2.83,,
226125,P,2002-08-01,45720,9,37.95,5.40,,
226126,P,2002-01-24,23546,4,36.57,0.70,,
226127,P,2000-05-11,81995,1,83.68,8.72,,
226128,P,2001-03-12,56864,10,15.93,4.85,,
226129,P,2000-04-24,24918,1,31.29,0.27,,
226130,P,2002-07-25,14568,4,69.05,9.60,,
226131,P,2001-03-04,91429,5,26.82,5.91,,
226132,P,2002-04-28,86676,6,26.12,4.12,,
226133,P,2001-04-26,81630,10,96.66,6.13,,
226134,P,2000-07-07,77635,2,91.90,7.11,,
226135,P,2000-02-12,68016,2,48.65,5.52,,
226136,P,2000-01-21,22101,2,73.73,5.29,,
226137,P,2000-01-18,57757,10,35.18,1.50,,
226138,P,2001-06-18,20057,7,8.82,6.55,,
226139,P,2002-01-31,4867,3,29.31,7.63,,
226140,P,2002-03-28,59166,9,2.95,8.45,,
226141,P,2001-12-08,18390,4,60.87,3.72,,
226142,P,2000-12-12,60287,7,42.41,5.89,,
226143,P,2002-09-17,54953,1,85.81,7.74,,
226144,P,2000-08-30,21087,6,75.51,4.05,,
226145,P,2000-12-10,9741,8,94.55,1.39,,
226146,P,2000-12-19,45943,2,22.66,9.96,,
226147,P,2001-08-05,68164,1,8.92,4.22,,
226148,P,2000-02-03,94502,3,3.78,6.62,,
226149,P,2000-08-22,84200,6,45.50,4.20,,
226150,P,2000-01-27,29652,6,93.91,0.52,,
226151,P,2002-04-23,86841,6,63.10,5.03,,
226152,P,2002-01-15,76934,3,42.11,2.83,,
226153,P,2002-03-11,57623,1,30.98,8.11,,
226154,P,2002-09-06,72795,2,43.84,9.74,,
226155,P,2000-08-08,5763,10,28.22,5.47,,
226156,P,2001-01-19,63879,4,6.39,7.09,,
226157,P,2001-05-08,93809,4,28.32,3.76,,
226158,P,2001-09-23,2934,8,6.03,9.42,,
226159,P,2000-03-21,57047,2,19.07,9.79,,
226160,P,2000-07-13,95991,2,67.04,9.41,,
226161,P,2002-07-22,15394,9,78.91,0.38,,
226162,P,2000-02-18,13678,5,95.62,7.72,,
226163,P,2002-05-01,96381,1,38.94,8.46,,
226164,P,2002-03-24,46689,10,78.61,9.08,,
226165,P,2002-02-11,91672,1,43.34,9.53,,
226166,P,2002-03-23,98773,3,51.47,7.81,,
226167,P,2000-04-22,78342,5,40.34,6.96,,
226168,P,2000-02-27,504,6,82.31,8.79,,
226169,P,2002-06-17,68542,3,73.66,7.33,,
226170,P,2002-06-10,348,9,75.63,8.27,,
226171,P,2002-09-18,85993,9,67.87,9.53,,
226172,P,2002-07-22,304,5,13.43,2.95,,
226173,P,2001-02-06,9317,10,12.14,2.86,,
226174,P,2001-09-01,56889,2,26.17,9.05,,
226175,P,2002-06-26,10848,10,76.02,5.57,,
226176,P,2000-04-21,22983,5,5.45,3.87,,
226177,P,2000-11-22,59983,3,15.50,1.04,,
226178,P,2000-11-30,97921,3,60.85,3.16,,
226179,P,2001-04-30,3518,10,80.55,4.33,,
226180,P,2001-09-17,43882,8,55.99,1.40,,
226181,P,2000-03-24,8248,3,44.51,6.51,,
226182,P,2001-08-01,38849,5,76.16,2.04,,
226183,P,2001-12-21,59844,10,15.37,8.86,,
226184,P,2000-07-18,57170,2,36.85,7.84,,
226185,P,2002-06-06,5696,9,91.89,2.56,,
226186,P,2000-08-02,32868,4,37.05,1.63,,
226187,P,2000-12-07,23821,10,58.20,8.97,,
226188,P,2002-04-20,40809,5,24.22,9.30,,
226189,P,2000-09-17,54287,9,16.08,2.78,,
226190,P,2002-01-28,38682,5,64.78,7.97,,
226191,P,2001-04-09,54389,10,89.44,3.60,,
226192,P,2001-12-04,95145,2,43.05,8.23,,
226193,P,2000-04-02,36882,5,72.24,1.04,,
226194,P,2000-10-11,5827,2,56.02,1.99,,
226195,P,2000-03-04,86371,4,67.96,0.26,,
226196,P,2001-05-16,44537,6,59.32,5.42,,
226197,P,2001-05-23,3679,7,71.15,4.51,,
226198,P,2002-04-16,9546,1,45.89,9.62,,
226199,P,2001-04-23,29150,9,20.30,4.53,,
226200,P,2000-04-20,92163,4,31.47,5.73,,
226201,P,2000-10-07,31431,9,96.55,1.17,,
226202,P,2000-03-21,23443,10,36.82,2.94,,
226203,P,2002-06-22,29927,8,3.83,8.24,,
226204,P,2000-06-09,77521,2,87.34,1.53,,
226205,P,2000-04-30,71087,7,45.07,3.29,,
226206,P,2001-08-18,7791,6,96.37,7.12,,
226207,P,2000-06-09,73473,1,97.09,8.93,,
226208,P,2002-07-04,5000,9,79.37,8.92,,
226209,P,2000-11-05,10519,1,49.32,0.69,,
226210,P,2002-05-17,28190,7,97.26,1.21,,
226211,P,2001-01-01,95250,5,31.42,8.76,,
226212,P,2001-10-21,92811,9,48.17,8.25,,
226213,P,2002-06-24,96257,8,99.97,9.65,,
226214,P,2002-08-27,28268,7,99.05,9.72,,
226215,P,2001-10-13,502,6,81.51,8.25,,
226216,P,2002-04-22,60613,9,74.01,8.71,,
226217,P,2002-02-03,2640,10,23.62,8.79,,
226218,P,2002-06-14,91763,10,51.85,0.00,,
226219,P,2002-02-18,61121,7,42.77,5.23,,
226220,P,2001-12-02,10915,9,64.05,9.41,,
226221,P,2000-10-24,95588,9,23.87,0.49,,
226222,P,2000-02-05,81281,6,83.11,8.56,,
226223,P,2001-03-25,91348,9,86.71,7.66,,
226224,P,2000-02-07,20449,6,36.14,8.93,,
226225,P,2001-03-13,79304,6,16.11,5.28,,
226226,P,2000-09-11,72930,8,47.41,4.38,,
226227,P,2000-09-04,43861,8,86.24,7.08,,
226228,P,2000-07-18,99609,6,99.13,8.89,,
226229,P,2000-07-21,78425,1,81.06,2.68,,
226230,P,2002-01-02,84085,2,31.92,2.32,,
226231,P,2001-07-09,5114,8,75.63,6.23,,
226232,P,2002-09-11,48912,1,43.78,8.16,,
226233,P,2001-10-27,57501,3,92.69,9.87,,
226234,P,2001-12-08,26343,9,65.62,2.17,,
226235,P,2001-11-04,91278,5,60.87,2.72,,
226236,P,2000-03-22,77956,8,22.97,3.49,,
226237,P,2002-07-16,5499,2,96.81,5.31,,
226238,P,2000-03-01,85125,4,33.50,0.79,,
226239,P,2002-08-25,20537,8,5.14,4.54,,
226240,P,2000-01-19,68179,6,37.85,7.23,,
226241,P,2002-06-20,31094,3,22.96,6.71,,
226242,P,2000-09-26,87205,8,96.57,2.65,,
226243,P,2000-05-15,75588,1,77.92,5.59,,
226244,P,2002-04-01,18760,1,38.10,0.83,,
226245,P,2001-08-17,27341,4,41.11,3.18,,
226246,P,2000-02-14,89382,7,30.36,6.82,,
226247,P,2000-02-23,61325,7,95.31,4.78,,
226248,P,2002-08-03,94644,6,39.57,5.62,,
226249,P,2000-01-19,61947,6,43.54,7.35,,
226250,P,2001-04-14,60638,8,58.96,0.89,,
226251,P,2000-05-07,4812,6,37.49,1.17,,
226252,P,2001-11-06,36931,3,97.89,2.88,,
226253,P,2001-08-20,82918,7,68.49,6.10,,
226254,P,2001-12-06,63915,2,7.71,2.27,,
226255,P,2001-05-18,33266,4,29.15,2.15,,
226256,P,2001-10-18,75309,9,1.67,7.75,,
226257,P,2002-07-26,85073,10,43.38,7.29,,
226258,P,2001-06-12,92265,1,81.35,7.89,,
226259,P,2000-07-11,31211,7,74.22,5.55,,
226260,P,2000-03-02,28205,4,38.72,2.71,,
226261,P,2001-01-15,26996,9,2.42,8.54,,
226262,P,2000-10-20,82607,10,67.97,0.94,,
226263,P,2000-08-03,99346,4,57.58,5.66,,
226264,P,2002-01-01,48863,4,75.63,3.44,,
226265,P,2000-07-01,72383,3,90.25,6.71,,
226266,P,2001-06-13,99439,3,96.99,7.28,,
226267,P,2001-03-13,93271,8,88.90,4.04,,
226268,P,2000-02-03,50922,3,32.60,2.27,,
226269,P,2002-07-01,97599,5,37.13,4.00,,
226270,P,2001-09-03,11082,6,41.33,7.18,,
226271,P,2000-08-31,61381,8,24.93,5.08,,
226272,P,2000-05-31,23049,4,23.12,1.73,,
226273,P,2000-07-24,25538,1,51.96,7.31,,
226274,P,2001-05-09,98235,5,19.94,4.74,,
226275,P,2000-10-16,63890,4,57.16,1.10,,
226276,P,2002-01-09,37802,8,14.51,9.07,,
226277,P,2000-02-27,40813,6,39.71,4.38,,
226278,P,2000-06-04,89375,4,12.83,2.35,,
226279,P,2001-07-06,94391,5,75.00,1.83,,
226280,P,2000-04-29,35274,3,60.83,4.06,,
226281,P,2000-08-07,92469,4,47.22,7.94,,
226282,P,2002-01-10,20699,1,85.70,4.02,,
226283,P,2000-12-15,21375,7,98.56,5.35,,
226284,P,2002-06-07,76881,3,85.58,8.28,,
226285,P,2002-06-14,3428,3,93.62,1.42,,
226286,P,2001-11-13,32677,4,50.32,8.66,,
226287,P,2000-04-29,98610,6,3.42,1.47,,
226288,P,2000-05-04,15891,8,24.65,8.64,,
226289,P,2001-10-07,18632,8,16.55,7.09,,
226290,P,2002-03-01,91984,6,80.12,9.51,,
226291,P,2002-04-06,33249,9,37.70,2.33,,
226292,P,2001-02-09,55783,3,14.51,0.27,,
226293,P,2001-11-28,82941,7,4.26,3.39,,
226294,P,2001-03-25,25815,7,80.05,3.86,,
226295,P,2002-03-28,30697,3,86.36,8.50,,
226296,P,2000-08-11,28703,2,40.06,0.52,,
226297,P,2001-09-15,8232,2,11.77,4.05,,
226298,P,2002-05-07,93352,5,86.18,4.47,,
226299,P,2001-07-06,1579,4,11.49,3.43,,
226300,P,2002-05-24,26911,7,26.93,8.30,,
226301,P,2001-09-22,68934,2,47.75,4.95,,
226302,P,2001-01-07,78899,10,77.48,3.89,,
226303,P,2000-05-10,34590,8,72.77,9.43,,
226304,P,2000-01-30,72434,8,65.91,3.51,,
226305,P,2000-05-29,67581,6,23.68,8.86,,
226306,P,2001-09-26,13937,5,50.29,1.46,,
226307,P,2001-10-24,88055,10,38.59,9.19,,
226308,P,2002-04-21,16850,6,28.87,3.48,,
226309,P,2000-05-08,40990,5,90.66,1.61,,
226310,P,2002-06-19,95497,5,6.95,6.81,,
226311,P,2000-12-31,60496,1,25.49,4.46,,
226312,P,2000-02-28,66560,1,33.35,2.40,,
226313,P,2001-08-07,56918,9,28.36,3.66,,
226314,P,2000-10-11,45094,2,91.88,1.59,,
226315,P,2002-04-24,16028,5,73.80,2.26,,
226316,P,2001-08-05,47274,1,56.75,5.21,,
226317,P,2001-10-31,249,2,61.23,3.67,,
226318,P,2000-03-09,2023,2,38.68,5.51,,
226319,P,2002-03-18,98940,9,49.05,1.42,,
226320,P,2001-12-26,95662,10,41.36,8.48,,
226321,P,2002-08-28,45038,6,47.39,1.84,,
226322,P,2001-02-13,50703,6,39.94,9.43,,
226323,P,2001-11-13,17521,8,66.20,4.32,,
226324,P,2001-10-04,91387,5,48.57,5.24,,
226325,P,2001-12-30,22296,3,76.03,1.10,,
226326,P,2000-04-22,70701,6,85.83,3.67,,
226327,P,2002-02-23,70346,1,27.76,4.22,,
226328,P,2000-01-18,5883,8,13.86,5.38,,
226329,P,2001-03-01,54828,7,53.19,1.01,,
226330,P,2001-05-27,4355,6,88.23,9.62,,
226331,P,2001-02-01,65189,10,82.22,0.56,,
226332,P,2000-02-12,38871,7,30.08,4.29,,
226333,P,2001-11-03,25473,9,13.70,4.23,,
226334,P,2001-09-22,28245,5,61.60,1.75,,
226335,P,2002-08-09,38281,10,46.77,0.63,,
226336,P,2001-10-17,37540,8,30.55,1.34,,
226337,P,2001-08-07,16417,3,43.26,7.87,,
226338,P,2001-10-29,74945,7,69.27,0.07,,
226339,P,2001-01-03,5997,10,0.98,9.13,,
226340,P,2001-07-27,97801,7,3.37,3.73,,
226341,P,2000-07-26,93924,10,47.19,3.48,,
226342,P,2002-08-31,1095,5,28.59,2.73,,
226343,P,2000-09-15,83390,4,32.46,9.97,,
226344,P,2000-09-13,43774,2,85.64,5.32,,
226345,P,2002-06-18,48166,8,78.39,7.76,,
226346,P,2002-03-02,82248,6,10.16,0.21,,
226347,P,2001-08-19,78385,1,83.16,4.12,,
226348,P,2000-01-11,86102,2,15.65,6.98,,
226349,P,2001-12-03,32022,8,60.14,8.83,,
226350,P,2000-01-17,89624,5,68.89,7.82,,
226351,P,2002-05-17,28623,5,60.96,8.64,,
226352,P,2001-07-09,84941,8,76.40,6.98,,
226353,P,2000-03-13,98456,5,89.43,5.51,,
226354,P,2000-06-21,47972,10,36.40,5.32,,
226355,P,2000-11-09,31080,4,13.38,0.61,,
226356,P,2000-05-21,55217,8,5.94,6.67,,
226357,P,2002-09-16,40773,8,25.70,1.06,,
226358,P,2000-10-25,52148,2,9.57,6.55,,
226359,P,2002-03-12,82764,1,77.99,5.22,,
226360,P,2000-09-27,894,10,77.55,1.26,,
226361,P,2002-02-24,3604,1,1.93,0.01,,
226362,P,2001-08-03,96624,10,79.62,0.45,,
226363,P,2001-05-09,54046,6,45.64,8.24,,
226364,P,2001-06-05,21567,8,94.17,7.34,,
226365,P,2001-05-09,5089,9,26.36,7.49,,
226366,P,2000-01-26,46948,1,29.29,8.21,,
226367,P,2000-09-25,8459,9,64.88,4.77,,
226368,P,2000-10-22,54176,3,52.03,3.16,,
226369,P,2002-08-26,50492,4,86.46,5.38,,
226370,P,2001-07-12,58340,7,17.09,9.52,,
226371,P,2000-08-09,85011,2,70.64,0.10,,
226372,P,2002-08-08,79062,1,36.01,0.20,,
226373,P,2000-10-18,73066,10,44.26,0.12,,
226374,P,2000-04-17,18600,2,23.03,5.16,,
226375,P,2002-04-29,56772,10,13.33,0.77,,
226376,P,2000-06-24,41915,1,93.27,1.70,,
226377,P,2001-12-18,66820,3,0.96,6.91,,
226378,P,2000-02-27,12097,5,1.67,8.54,,
226379,P,2002-03-05,894,5,47.37,1.65,,
226380,P,2001-12-27,81058,1,60.31,4.98,,
226381,P,2001-04-22,75020,5,35.70,6.70,,
226382,P,2001-06-15,8212,4,96.85,7.33,,
226383,P,2000-11-11,45040,4,76.91,7.46,,
226384,P,2001-04-10,14800,5,73.91,5.44,,
226385,P,2001-09-15,42131,3,52.25,3.32,,
226386,P,2002-07-16,97755,6,73.08,1.91,,
226387,P,2001-12-16,63947,5,10.66,0.89,,
226388,P,2001-04-28,23275,2,18.20,2.96,,
226389,P,2001-12-25,92692,2,38.72,1.49,,
226390,P,2001-11-01,19122,6,71.84,6.75,,
226391,P,2001-03-05,9889,5,62.86,3.79,,
226392,P,2000-08-31,92117,8,14.69,8.47,,
226393,P,2001-04-16,82560,6,21.36,2.91,,
226394,P,2002-03-28,87418,1,89.28,9.22,,
226395,P,2002-05-21,23538,4,11.38,1.83,,
226396,P,2000-05-04,75884,3,41.00,2.30,,
226397,P,2000-01-12,73687,10,61.14,4.81,,
226398,P,2001-09-27,87566,10,81.43,0.31,,
226399,P,2001-11-28,51472,4,46.53,6.16,,
226400,P,2001-03-25,71518,2,15.53,2.89,,
226401,P,2001-03-03,99064,5,81.83,9.92,,
226402,P,2000-11-22,64251,3,16.25,4.83,,
226403,P,2002-02-15,85664,3,31.12,2.89,,
226404,P,2001-11-25,65944,10,48.84,5.75,,
226405,P,2000-07-17,67849,9,87.61,2.68,,
226406,P,2000-07-16,79497,8,46.59,3.54,,
226407,P,2000-07-13,46326,1,91.70,2.08,,
226408,P,2000-04-10,4157,3,3.98,5.47,,
226409,P,2002-06-10,73341,6,32.18,10.00,,
226410,P,2000-01-16,32661,7,4.29,4.93,,
226411,P,2000-12-27,228,6,77.82,8.19,,
226412,P,2001-03-06,18820,5,55.11,0.22,,
226413,P,2002-07-01,6050,6,63.98,5.52,,
226414,P,2002-06-09,29003,9,46.62,2.43,,
226415,P,2001-03-23,24647,10,90.55,2.04,,
226416,P,2001-07-17,28223,1,90.53,6.70,,
226417,P,2001-04-06,5605,5,23.48,6.07,,
226418,P,2001-04-04,86940,10,54.76,7.82,,
226419,P,2001-08-15,26433,10,99.16,0.06,,
226420,P,2001-04-25,29329,3,45.13,0.98,,
226421,P,2001-05-29,37177,4,54.52,0.24,,
226422,P,2002-07-08,8891,8,37.11,4.62,,
226423,P,2002-06-25,41972,7,99.00,4.86,,
226424,P,2002-02-28,18451,8,66.55,0.31,,
226425,P,2002-01-11,5557,10,30.32,5.40,,
226426,P,2000-02-29,34703,9,81.95,7.41,,
226427,P,2001-02-21,31828,6,29.23,4.47,,
226428,P,2001-09-11,45986,9,25.70,9.00,,
226429,P,2002-07-14,66107,7,22.40,4.37,,
226430,P,2000-01-27,19727,3,63.44,9.31,,
226431,P,2000-05-13,62736,6,20.56,2.80,,
226432,P,2002-01-05,61968,10,24.44,7.36,,
226433,P,2000-01-06,74222,10,4.03,4.19,,
226434,P,2001-04-13,81783,4,80.39,8.06,,
226435,P,2000-07-20,31031,6,55.66,0.42,,
226436,P,2000-06-25,70473,2,55.94,1.22,,
226437,P,2001-01-29,7477,9,99.16,3.71,,
226438,P,2002-05-20,93537,8,27.73,2.85,,
226439,P,2002-05-10,51727,8,49.61,4.06,,
226440,P,2001-04-21,36301,9,57.97,4.70,,
226441,P,2000-10-20,79263,9,16.94,1.60,,
226442,P,2002-02-10,58342,8,99.92,5.57,,
226443,P,2000-09-10,17928,2,16.22,6.53,,
226444,P,2000-07-06,72866,8,61.37,0.55,,
226445,P,2002-02-22,24624,5,45.69,4.59,,
226446,P,2001-10-29,55435,6,3.46,9.88,,
226447,P,2002-04-01,9271,3,25.62,9.34,,
226448,P,2002-05-04,30975,3,10.16,7.90,,
226449,P,2002-08-05,56537,4,95.58,9.99,,
226450,P,2001-07-15,95891,9,40.39,6.89,,
226451,P,2002-05-30,64908,3,49.14,5.59,,
226452,P,2001-08-15,75892,1,29.14,3.75,,
226453,P,2001-01-24,54224,8,46.81,1.49,,
226454,P,2000-10-30,28998,9,44.56,3.18,,
226455,P,2002-08-15,55052,9,23.40,4.78,,
226456,P,2000-01-06,6016,3,6.66,0.74,,
226457,P,2002-01-04,50498,7,81.58,5.40,,
226458,P,2000-08-16,25813,1,45.65,5.46,,
226459,P,2002-08-08,93813,5,65.82,5.78,,
226460,P,2000-09-02,92912,2,18.53,7.52,,
226461,P,2001-08-06,71335,1,6.82,9.71,,
226462,P,2001-01-26,5948,2,69.94,0.08,,
226463,P,2002-08-28,16325,10,6.65,3.44,,
226464,P,2001-11-13,21545,7,9.65,4.52,,
226465,P,2001-05-02,93527,3,58.78,0.33,,
226466,P,2001-06-26,16001,9,96.04,2.95,,
226467,P,2001-10-23,6782,4,16.79,2.77,,
226468,P,2000-02-26,88714,6,28.23,4.97,,
226469,P,2000-02-24,97807,5,60.91,9.80,,
226470,P,2001-01-30,52388,5,16.77,1.91,,
226471,P,2001-07-29,19930,1,36.85,3.82,,
226472,P,2001-11-17,14005,4,86.12,0.22,,
226473,P,2000-09-22,18979,9,7.57,8.77,,
226474,P,2000-02-15,75676,2,40.67,1.47,,
226475,P,2000-11-08,12596,4,92.43,1.05,,
226476,P,2001-06-20,82909,7,67.40,3.53,,
226477,P,2000-08-28,38457,2,36.51,5.06,,
226478,P,2001-02-17,90570,10,1.77,8.61,,
226479,P,2001-12-16,75445,2,29.86,3.91,,
226480,P,2001-03-22,24494,3,99.01,9.29,,
226481,P,2002-06-30,22967,9,12.28,6.78,,
226482,P,2000-02-10,43768,10,60.33,6.81,,
226483,P,2001-05-29,97657,4,49.37,9.01,,
226484,P,2000-02-15,93911,5,44.38,4.73,,
226485,P,2002-08-26,73940,8,65.06,2.68,,
226486,P,2000-08-17,40083,9,63.87,1.74,,
226487,P,2002-07-30,13450,10,93.68,5.68,,
226488,P,2000-01-22,40259,7,18.61,9.71,,
226489,P,2000-08-17,23603,2,86.36,3.91,,
226490,P,2002-02-10,85262,2,23.60,2.49,,
226491,P,2000-12-13,93973,9,59.04,4.20,,
226492,P,2000-04-21,25736,4,17.72,6.22,,
226493,P,2000-08-08,4815,1,44.07,6.91,,
226494,P,2000-05-20,95334,7,44.08,7.90,,
226495,P,2002-04-27,5305,7,35.76,8.34,,
226496,P,2002-04-28,34572,5,97.79,4.38,,
226497,P,2002-03-25,91632,5,13.81,3.27,,
226498,P,2002-06-26,67113,10,78.84,7.25,,
226499,P,2002-02-11,68185,8,31.05,4.83,,
226500,P,2000-07-20,86941,10,86.04,2.32,,
226501,P,2000-02-04,7964,6,40.74,2.10,,
226502,P,2001-09-01,13101,8,9.96,4.66,,
226503,P,2001-11-19,91895,4,67.27,3.51,,
226504,P,2002-08-26,37693,7,16.16,1.64,,
226505,P,2001-04-17,70682,8,51.37,4.30,,
226506,P,2000-06-16,39621,1,31.01,5.32,,
226507,P,2000-12-27,52522,10,21.41,0.64,,
226508,P,2000-03-11,63657,6,70.66,8.30,,
226509,P,2000-05-16,62907,7,15.29,1.66,,
226510,P,2001-05-12,40906,1,86.91,4.22,,
226511,P,2001-08-06,65253,6,84.11,1.12,,
226512,P,2000-06-29,18663,3,65.93,4.87,,
226513,P,2000-07-16,59414,3,49.32,5.45,,
226514,P,2002-04-21,87164,9,22.05,3.33,,
226515,P,2001-03-04,57975,1,40.24,8.04,,
226516,P,2000-10-10,26543,2,53.63,5.58,,
226517,P,2002-08-17,22045,5,54.27,0.93,,
226518,P,2000-08-02,76262,3,90.06,4.08,,
226519,P,2000-09-20,5066,9,52.50,7.78,,
226520,P,2001-11-03,1577,3,74.57,4.76,,
226521,P,2000-01-20,39008,8,37.52,3.43,,
226522,P,2000-03-13,16360,10,49.67,6.27,,
226523,P,2002-05-20,60801,10,43.98,9.37,,
226524,P,2000-10-13,89237,7,18.69,1.60,,
226525,P,2001-02-13,57592,1,61.59,5.15,,
226526,P,2000-04-01,53617,1,50.36,2.80,,
226527,P,2001-09-12,6567,2,87.29,5.25,,
226528,P,2002-03-21,70428,5,36.19,3.75,,
226529,P,2000-11-22,93950,2,50.02,5.83,,
226530,P,2001-09-27,9802,5,73.97,2.16,,
226531,P,2002-03-19,90189,1,14.90,1.65,,
226532,P,2001-07-03,32291,4,95.96,7.80,,
226533,P,2002-02-06,27753,3,9.33,6.71,,
226534,P,2000-09-11,21613,3,39.79,3.07,,
226535,P,2000-08-13,66,6,24.45,9.28,,
226536,P,2000-10-27,86363,2,1.21,5.10,,
226537,P,2001-10-11,94620,2,95.26,3.13,,
226538,P,2002-01-22,33669,3,5.12,2.38,,
226539,P,2000-03-07,74073,6,44.20,3.42,,
226540,P,2000-09-16,73871,4,78.66,4.28,,
226541,P,2002-04-23,9746,1,45.90,5.28,,
226542,P,2000-10-01,29930,9,56.50,8.65,,
226543,P,2001-10-09,44387,6,61.48,4.40,,
226544,P,2000-11-27,26399,1,88.63,0.96,,
226545,P,2001-08-14,43376,6,26.16,2.55,,
226546,P,2000-07-20,6361,3,63.19,3.98,,
226547,P,2000-05-18,71757,5,90.99,6.06,,
226548,P,2002-05-22,23707,6,90.30,1.34,,
226549,P,2001-10-02,45318,10,22.17,6.02,,
226550,P,2001-06-14,59598,5,70.76,9.70,,
226551,P,2000-10-13,57130,6,0.31,9.05,,
226552,P,2001-06-15,18491,1,74.27,4.70,,
226553,P,2000-06-13,27921,7,4.81,4.08,,
226554,P,2000-12-28,49062,7,18.01,0.52,,
226555,P,2001-07-08,19561,4,71.97,9.42,,
226556,P,2001-06-27,91746,10,70.26,8.04,,
226557,P,2002-06-03,63216,6,2.14,2.81,,
226558,P,2000-12-05,9527,7,66.38,8.94,,
226559,P,2002-05-25,59367,3,82.28,7.76,,
226560,P,2001-01-05,49341,5,59.00,9.77,,
226561,P,2000-09-14,75186,2,18.39,2.75,,
226562,P,2002-06-27,72436,10,19.40,3.63,,
226563,P,2001-06-06,70464,7,60.93,8.18,,
226564,P,2000-10-04,35773,9,44.49,2.06,,
226565,P,2002-07-08,17711,7,47.67,4.04,,
226566,P,2000-12-09,70175,3,46.56,4.32,,
226567,P,2001-03-27,35135,1,17.66,2.86,,
226568,P,2002-03-29,23817,8,46.30,9.28,,
226569,P,2001-05-04,78203,8,27.95,2.51,,
226570,P,2000-08-06,96331,3,25.25,1.20,,
226571,P,2002-08-16,23547,2,73.96,8.29,,
226572,P,2001-09-07,73458,8,66.08,4.62,,
226573,P,2001-11-12,81763,10,65.46,4.71,,
226574,P,2002-04-07,58322,7,79.11,5.58,,
226575,P,2001-02-09,73863,7,78.95,6.54,,
226576,P,2001-08-12,64062,10,16.71,7.08,,
226577,P,2002-01-04,32008,5,84.09,7.51,,
226578,P,2001-06-20,61945,7,28.91,4.18,,
226579,P,2001-05-10,76175,8,34.53,7.31,,
226580,P,2002-03-02,88138,9,5.60,5.79,,
226581,P,2002-01-26,76010,6,47.74,9.06,,
226582,P,2000-10-17,55694,7,82.94,6.63,,
226583,P,2000-09-25,14104,2,93.65,9.74,,
226584,P,2001-06-21,88418,1,94.27,2.12,,
226585,P,2002-06-12,6268,8,7.76,6.84,,
226586,P,2000-02-28,16164,10,68.31,2.85,,
226587,P,2000-05-14,11630,10,70.53,0.39,,
226588,P,2000-03-24,68952,6,53.37,7.05,,
226589,P,2002-02-15,79997,9,6.98,0.12,,
226590,P,2002-04-01,83229,1,3.96,4.91,,
226591,P,2000-12-25,38445,5,73.76,6.12,,
226592,P,2000-12-13,24630,9,21.57,3.90,,
226593,P,2001-06-11,24505,1,37.83,9.38,,
226594,P,2000-03-18,88020,6,30.03,5.03,,
226595,P,2001-12-03,17876,1,50.88,8.95,,
226596,P,2001-01-21,91200,8,24.11,3.81,,
226597,P,2002-03-22,35992,6,11.67,3.51,,
226598,P,2000-09-27,51515,3,2.16,8.08,,
226599,P,2001-03-06,15262,4,27.50,1.11,,
226600,P,2000-07-03,94804,5,48.81,9.59,,
226601,P,2002-07-03,95649,10,65.56,2.03,,
226602,P,2000-01-18,7960,3,68.17,4.42,,
226603,P,2002-02-12,27184,6,36.27,4.66,,
226604,P,2000-08-30,13672,10,63.67,4.11,,
226605,P,2000-03-12,19079,7,13.45,6.17,,
226606,P,2000-08-21,48057,9,18.15,2.11,,
226607,P,2000-09-13,60085,9,99.79,9.68,,
226608,P,2001-08-14,70503,5,71.23,8.52,,
226609,P,2000-01-12,68095,2,76.64,9.17,,
226610,P,2000-05-20,21782,4,57.49,5.18,,
226611,P,2002-03-29,31896,2,23.99,8.73,,
226612,P,2000-11-08,21551,4,10.30,7.64,,
226613,P,2000-03-28,77672,7,49.58,4.30,,
226614,P,2000-03-25,49306,8,4.58,3.41,,
226615,P,2002-06-20,62502,2,56.93,1.28,,
226616,P,2001-01-02,3202,2,24.13,2.85,,
226617,P,2000-03-31,35000,9,38.95,9.21,,
226618,P,2000-01-12,28202,9,32.51,1.64,,
226619,P,2001-01-03,53141,5,98.90,8.30,,
226620,P,2002-03-14,19375,6,88.18,8.56,,
226621,P,2000-02-10,18763,6,14.40,3.08,,
226622,P,2001-03-19,29304,1,14.56,5.82,,
226623,P,2000-05-17,75331,8,69.37,6.99,,
226624,P,2000-08-27,22902,10,35.99,2.83,,
226625,P,2002-05-19,29703,9,49.36,8.74,,
226626,P,2002-09-22,55641,5,57.97,5.06,,
226627,P,2000-10-28,31367,10,69.77,1.94,,
226628,P,2000-06-28,7009,3,9.17,6.93,,
226629,P,2002-02-19,49748,9,9.17,6.87,,
226630,P,2002-03-05,97905,1,48.54,5.58,,
226631,P,2000-07-22,36464,5,77.08,9.72,,
226632,P,2000-08-26,57085,5,43.30,1.90,,
226633,P,2002-04-09,2230,7,52.81,4.50,,
226634,P,2002-04-25,70919,1,65.64,3.49,,
226635,P,2000-09-19,52467,10,89.18,6.52,,
226636,P,2001-03-26,90871,2,17.84,1.56,,
226637,P,2001-01-04,35237,2,69.65,5.66,,
226638,P,2000-10-28,95908,10,2.19,1.34,,
226639,P,2002-02-27,51919,1,67.85,6.08,,
226640,P,2000-06-04,5562,6,95.34,9.82,,
226641,P,2001-12-05,74378,4,82.55,3.28,,
226642,P,2000-09-22,43005,6,80.02,1.07,,
226643,P,2000-06-03,11963,3,16.29,6.56,,
226644,P,2001-08-13,9935,4,34.83,4.61,,
226645,P,2001-10-09,39130,10,28.35,3.90,,
226646,P,2001-01-06,8243,2,88.28,7.66,,
226647,P,2001-10-12,59223,1,53.98,5.39,,
226648,P,2000-10-14,9480,6,67.40,4.64,,
226649,P,2001-03-15,99643,9,31.64,8.74,,
226650,P,2001-11-25,56767,6,47.55,9.34,,
226651,P,2000-05-27,30471,8,79.96,2.27,,
226652,P,2000-09-27,9998,3,67.58,4.29,,
226653,P,2002-01-24,5278,10,37.88,6.87,,
226654,P,2002-03-29,27512,8,57.61,9.59,,
226655,P,2001-02-28,58067,10,52.53,4.38,,
226656,P,2000-09-21,35756,8,83.78,6.71,,
226657,P,2001-09-12,66906,5,31.71,9.03,,
226658,P,2001-05-19,60315,8,20.05,4.12,,
226659,P,2000-12-20,98352,9,59.97,5.54,,
226660,P,2000-09-07,79217,1,54.29,6.00,,
226661,P,2000-01-22,8310,9,89.89,9.68,,
226662,P,2001-03-16,43440,5,8.69,6.83,,
226663,P,2002-01-20,22492,10,45.76,8.41,,
226664,P,2000-02-24,7666,7,83.21,3.50,,
226665,P,2002-03-28,12407,8,90.91,5.20,,
226666,P,2001-11-12,47431,9,20.43,3.15,,
226667,P,2002-07-20,29274,3,87.20,2.64,,
226668,P,2002-09-01,40863,3,28.75,5.80,,
226669,P,2000-06-17,92450,2,31.01,6.41,,
226670,P,2001-09-02,35275,7,18.11,8.86,,
226671,P,2001-10-15,49024,3,91.92,0.52,,
226672,P,2000-02-27,39586,10,10.71,9.87,,
226673,P,2001-01-15,21509,10,97.54,2.73,,
226674,P,2002-01-13,28756,5,75.97,5.31,,
226675,P,2001-10-24,10920,1,5.41,2.60,,
226676,P,2001-03-23,80547,2,82.77,2.39,,
226677,P,2001-07-18,50341,6,32.73,5.37,,
226678,P,2001-09-01,36359,4,81.58,0.76,,
226679,P,2000-12-21,45235,9,32.23,7.00,,
226680,P,2000-12-13,32836,5,14.58,4.15,,
226681,P,2000-07-29,2009,3,95.87,4.79,,
226682,P,2002-04-01,73665,9,65.10,5.98,,
226683,P,2002-02-15,48210,5,61.56,1.02,,
226684,P,2002-09-06,39628,1,39.39,8.79,,
226685,P,2000-11-02,21644,8,75.23,1.67,,
226686,P,2002-06-26,45541,1,83.79,2.19,,
226687,P,2000-06-14,98236,7,8.44,4.83,,
226688,P,2002-01-08,57557,2,60.58,1.33,,
226689,P,2001-10-18,91782,6,80.66,3.45,,
226690,P,2000-01-05,42391,5,58.72,6.20,,
226691,P,2000-09-18,74947,8,57.58,8.18,,
226692,P,2001-07-24,56105,8,38.46,6.80,,
226693,P,2002-01-12,64233,9,77.02,2.98,,
226694,P,2000-06-27,78010,5,39.17,3.86,,
226695,P,2001-06-04,64691,6,48.82,2.81,,
226696,P,2000-04-30,20886,2,73.40,0.60,,
226697,P,2002-01-01,63316,3,86.09,3.27,,
226698,P,2001-03-12,10547,9,90.96,1.21,,
226699,P,2002-02-15,22462,7,79.68,2.54,,
226700,P,2001-07-21,46806,3,10.39,2.88,,
226701,P,2001-09-10,66143,6,42.72,7.47,,
226702,P,2001-04-04,36452,4,18.69,7.70,,
226703,P,2002-01-03,66022,10,55.09,0.73,,
226704,P,2002-03-09,56990,8,74.14,4.33,,
226705,P,2002-02-26,76511,8,58.45,8.86,,
226706,P,2000-08-21,62284,6,36.10,6.71,,
226707,P,2002-03-23,60002,5,55.76,5.22,,
226708,P,2000-08-06,54725,6,62.31,1.11,,
226709,P,2000-10-02,6170,3,6.05,7.27,,
226710,P,2000-08-22,97817,5,44.17,7.05,,
226711,P,2001-10-13,15849,6,53.68,4.45,,
226712,P,2001-10-05,59317,5,61.62,8.54,,
226713,P,2000-04-24,19784,6,46.07,8.05,,
226714,P,2001-08-04,29899,9,78.08,8.72,,
226715,P,2001-01-13,37576,6,20.33,5.31,,
226716,P,2002-02-09,43736,1,99.70,9.36,,
226717,P,2001-02-25,76732,9,79.73,7.98,,
226718,P,2001-06-01,96380,5,96.23,5.62,,
226719,P,2000-02-14,46976,2,23.94,0.80,,
226720,P,2000-09-23,40566,8,90.70,2.19,,
226721,P,2001-07-28,62835,5,44.84,5.60,,
226722,P,2000-11-27,36616,3,83.43,5.56,,
226723,P,2000-02-16,97742,2,11.26,7.22,,
226724,P,2001-01-10,72560,5,30.72,0.68,,
226725,P,2000-08-26,24521,9,7.49,6.47,,
226726,P,2000-08-28,8444,3,29.72,3.58,,
226727,P,2001-10-09,68352,5,30.69,1.09,,
226728,P,2001-03-11,15367,9,95.10,3.84,,
226729,P,2000-09-04,70645,5,40.11,8.67,,
226730,P,2000-02-18,13822,3,4.00,3.92,,
226731,P,2000-06-10,19906,2,57.75,6.14,,
226732,P,2000-08-14,14082,2,38.45,0.00,,
226733,P,2001-09-08,34044,9,99.00,8.29,,
226734,P,2000-10-27,86057,7,63.29,8.58,,
226735,P,2001-01-21,3300,4,84.92,7.59,,
226736,P,2002-01-01,79254,3,7.14,8.29,,
226737,P,2000-01-01,51170,3,17.36,9.87,,
226738,P,2002-08-20,27227,9,52.77,3.32,,
226739,P,2000-11-19,8991,7,45.98,8.30,,
226740,P,2000-03-12,39262,5,87.32,8.30,,
226741,P,2001-07-22,1348,3,10.64,1.26,,
226742,P,2002-02-23,72074,4,99.98,7.22,,
226743,P,2001-11-18,68306,9,12.07,9.98,,
226744,P,2002-07-10,11983,4,2.05,8.26,,
226745,P,2001-09-09,14332,8,8.99,1.70,,
226746,P,2002-05-27,46450,9,91.88,1.65,,
226747,P,2000-05-14,25113,7,23.39,6.45,,
226748,P,2002-08-25,88846,6,5.84,0.61,,
226749,P,2002-06-05,43115,6,68.26,2.97,,
226750,P,2000-08-17,79654,4,65.70,9.77,,
226751,P,2001-01-14,77636,10,21.88,9.60,,
226752,P,2002-02-04,49173,8,97.80,8.11,,
226753,P,2000-12-14,35490,3,71.90,1.79,,
226754,P,2001-10-12,73246,3,40.20,5.48,,
226755,P,2000-09-26,56233,10,8.41,6.85,,
226756,P,2000-10-15,89955,6,79.25,3.21,,
226757,P,2000-02-15,92955,10,22.29,7.52,,
226758,P,2002-08-19,74099,7,3.65,0.82,,
226759,P,2001-07-29,68998,5,67.15,0.28,,
226760,P,2000-09-08,95672,3,25.68,3.39,,
226761,P,2000-09-03,99278,8,54.80,7.49,,
226762,P,2002-04-15,82831,10,41.48,2.18,,
226763,P,2000-08-31,93907,10,62.13,5.76,,
226764,P,2001-07-13,66861,4,56.03,5.28,,
226765,P,2001-05-17,81008,10,30.24,0.95,,
226766,P,2002-01-21,42016,10,73.21,6.63,,
226767,P,2001-03-02,4535,5,61.45,8.95,,
226768,P,2001-04-20,27927,1,9.10,2.04,,
226769,P,2002-02-03,53438,6,15.58,5.04,,
226770,P,2000-12-15,57544,3,92.81,9.93,,
226771,P,2001-08-25,70368,6,56.42,3.19,,
226772,P,2000-05-07,68072,4,27.26,1.85,,
226773,P,2000-02-07,62316,2,89.23,5.99,,
226774,P,2002-08-01,64480,7,9.45,4.62,,
226775,P,2001-03-02,98715,4,16.45,9.81,,
226776,P,2002-03-20,471,1,77.13,8.40,,
226777,P,2001-09-17,32700,3,3.98,3.89,,
226778,P,2002-09-22,65235,10,93.00,3.37,,
226779,P,2001-07-26,81886,1,2.85,5.24,,
226780,P,2000-01-28,58501,4,70.47,0.04,,
226781,P,2000-02-14,16883,5,8.07,0.74,,
226782,P,2002-03-05,27522,8,34.05,6.55,,
226783,P,2000-07-28,12404,5,30.82,6.23,,
226784,P,2001-10-13,78599,9,18.42,9.63,,
226785,P,2002-03-16,27625,8,18.97,0.44,,
226786,P,2002-08-27,86921,4,55.52,4.79,,
226787,P,2002-02-27,440,8,13.65,4.30,,
226788,P,2000-03-01,91494,1,18.11,4.08,,
226789,P,2001-11-13,33576,9,79.38,7.51,,
226790,P,2001-02-05,35058,6,1.26,4.63,,
226791,P,2000-09-25,13348,6,24.00,6.84,,
226792,P,2001-12-24,45494,4,56.59,1.71,,
226793,P,2001-03-17,68296,6,16.49,4.35,,
226794,P,2000-03-15,27254,10,88.21,4.72,,
226795,P,2001-04-20,56442,7,69.55,6.34,,
226796,P,2001-09-09,22253,3,67.36,2.06,,
226797,P,2001-06-12,89890,4,11.60,7.69,,
226798,P,2002-02-05,9237,9,69.49,8.13,,
226799,P,2002-08-28,17406,10,68.25,2.07,,
226800,P,2001-06-26,62249,8,79.21,5.82,,
226801,P,2000-05-22,86755,6,95.48,7.15,,
226802,P,2002-09-04,24773,7,37.75,8.21,,
226803,P,2001-04-22,92798,5,86.07,0.93,,
226804,P,2000-09-28,26937,4,17.34,9.83,,
226805,P,2002-03-28,57353,7,55.99,5.94,,
226806,P,2002-09-12,1568,1,89.60,8.23,,
226807,P,2000-09-09,67842,4,25.24,6.43,,
226808,P,2001-08-01,51071,7,82.77,4.63,,
226809,P,2001-02-26,64310,4,37.88,0.88,,
226810,P,2000-09-12,36222,9,81.58,2.41,,
226811,P,2000-11-26,43537,3,6.25,8.18,,
226812,P,2000-07-22,10763,4,66.15,3.23,,
226813,P,2002-08-04,59662,2,64.02,1.21,,
226814,P,2001-06-22,30058,2,41.60,7.22,,
226815,P,2000-07-08,73686,9,15.06,9.29,,
226816,P,2000-08-10,59533,1,23.68,8.22,,
226817,P,2000-01-13,24047,3,89.15,8.35,,
226818,P,2001-01-15,32063,6,74.01,1.69,,
226819,P,2000-08-01,9908,10,82.78,7.09,,
226820,P,2001-11-14,35037,5,29.02,9.04,,
226821,P,2000-01-17,74952,8,7.79,4.26,,
226822,P,2001-10-04,70587,8,89.69,8.56,,
226823,P,2001-08-19,24736,7,5.58,5.47,,
226824,P,2000-11-13,22136,3,58.38,5.94,,
226825,P,2000-05-21,4262,3,54.19,7.55,,
226826,P,2000-09-13,4955,2,30.12,2.53,,
226827,P,2001-02-14,53042,7,55.69,6.89,,
226828,P,2002-06-29,35828,6,92.24,4.34,,
226829,P,2002-05-25,42822,3,65.48,4.94,,
226830,P,2001-09-04,51956,5,40.29,9.93,,
226831,P,2002-01-10,44359,7,10.58,4.89,,
226832,P,2002-08-30,28128,10,71.86,7.11,,
226833,P,2000-05-20,72572,4,8.23,5.46,,
226834,P,2000-03-13,91593,9,88.23,1.16,,
226835,P,2002-06-29,70651,4,50.59,5.52,,
226836,P,2002-09-05,32604,9,87.16,4.49,,
226837,P,2000-11-23,68084,5,42.82,4.60,,
226838,P,2001-05-10,86042,2,11.74,5.14,,
226839,P,2001-05-29,69971,5,5.21,2.51,,
226840,P,2001-08-12,14315,4,26.89,3.97,,
226841,P,2001-03-13,39774,1,0.03,7.87,,
226842,P,2002-08-05,70416,3,55.59,5.52,,
226843,P,2002-06-21,74755,6,87.89,3.45,,
226844,P,2001-01-28,37582,1,90.47,9.06,,
226845,P,2000-11-02,42632,8,46.40,4.20,,
226846,P,2001-01-10,50028,4,10.03,5.49,,
226847,P,2001-11-01,14523,7,31.76,5.97,,
226848,P,2002-06-08,23710,2,2.80,8.44,,
226849,P,2000-02-10,29594,5,61.99,7.83,,
226850,P,2001-11-15,81546,3,2.94,1.76,,
226851,P,2002-05-23,75645,4,18.53,8.67,,
226852,P,2002-07-24,69493,6,10.58,0.75,,
226853,P,2002-09-24,59566,1,72.43,5.44,,
226854,P,2002-04-29,52915,7,41.92,9.53,,
226855,P,2001-07-10,43016,1,25.84,8.33,,
226856,P,2000-06-18,96701,1,9.17,9.75,,
226857,P,2000-02-06,79793,4,0.72,8.20,,
226858,P,2001-02-15,51448,2,58.36,6.53,,
226859,P,2000-02-09,94760,4,6.66,1.21,,
226860,P,2001-11-13,76238,4,92.76,9.25,,
226861,P,2000-10-06,98519,3,41.97,7.57,,
226862,P,2002-05-26,28826,3,4.63,3.65,,
226863,P,2001-10-29,40368,2,96.93,4.92,,
226864,P,2002-09-22,7420,2,83.53,0.19,,
226865,P,2001-06-09,79271,10,25.84,0.52,,
226866,P,2000-04-06,54057,3,49.53,2.75,,
226867,P,2000-10-25,8006,3,61.29,5.75,,
226868,P,2001-02-13,35813,10,94.57,7.53,,
226869,P,2001-09-26,52224,9,28.16,2.13,,
226870,P,2002-02-22,91109,1,97.75,2.61,,
226871,P,2002-08-31,73697,8,66.72,0.31,,
226872,P,2002-01-19,54910,10,59.52,6.94,,
226873,P,2001-03-13,77105,5,93.50,7.64,,
226874,P,2000-08-06,65278,8,56.16,7.49,,
226875,P,2001-12-14,72778,1,63.37,1.25,,
226876,P,2002-05-28,8494,6,9.45,1.22,,
226877,P,2000-10-10,47400,8,60.84,2.30,,
226878,P,2001-03-10,27223,10,93.90,1.03,,
226879,P,2000-01-07,24588,5,20.33,3.16,,
226880,P,2001-02-05,45375,6,32.30,4.22,,
226881,P,2000-07-12,37097,2,33.53,8.32,,
226882,P,2001-07-29,71782,7,99.36,2.44,,
226883,P,2002-01-16,68727,4,7.07,9.29,,
226884,P,2001-01-18,7628,7,14.01,7.30,,
226885,P,2001-09-08,91446,6,50.32,1.73,,
226886,P,2001-05-26,27144,1,10.80,1.76,,
226887,P,2002-05-20,59103,2,27.78,8.99,,
226888,P,2000-08-10,97583,9,72.21,8.10,,
226889,P,2000-12-19,51859,7,48.59,4.03,,
226890,P,2001-09-08,19204,4,75.70,4.23,,
226891,P,2001-12-15,93498,7,7.12,6.65,,
226892,P,2002-03-08,47778,8,53.42,4.89,,
226893,P,2000-03-11,72446,5,59.76,0.26,,
226894,P,2000-03-30,45787,9,86.52,2.01,,
226895,P,2000-02-14,45563,10,1.54,6.11,,
226896,P,2000-02-26,48006,8,71.29,8.55,,
226897,P,2001-09-05,32804,6,35.70,5.67,,
226898,P,2002-01-25,16627,9,11.57,7.98,,
226899,P,2000-07-09,51321,2,56.10,7.39,,
226900,P,2000-04-16,32194,5,78.89,0.60,,
226901,P,2000-01-29,60858,7,70.28,9.45,,
226902,P,2000-06-10,54176,10,9.47,7.17,,
226903,P,2000-04-02,12463,8,97.24,6.88,,
226904,P,2000-10-29,86149,4,47.85,0.19,,
226905,P,2002-04-16,77677,1,3.58,7.20,,
226906,P,2002-07-09,85489,10,85.93,0.34,,
226907,P,2001-03-12,44581,6,34.68,9.61,,
226908,P,2001-07-01,37491,7,50.38,3.57,,
226909,P,2001-01-29,86675,6,22.97,7.42,,
226910,P,2002-03-22,81773,8,19.22,7.35,,
226911,P,2002-08-09,11775,5,57.15,1.98,,
226912,P,2000-08-15,17659,3,5.50,3.47,,
226913,P,2002-08-11,99843,7,87.63,0.26,,
226914,P,2001-12-11,4928,7,57.79,7.03,,
226915,P,2002-06-18,17591,3,57.08,3.05,,
226916,P,2001-06-19,92164,7,33.23,8.27,,
226917,P,2000-02-16,17315,7,0.19,2.01,,
226918,P,2002-05-27,35875,4,52.97,1.86,,
226919,P,2001-04-08,94216,5,46.77,1.23,,
226920,P,2001-07-31,74649,2,79.95,5.67,,
226921,P,2000-04-04,47795,7,55.77,2.74,,
226922,P,2002-02-10,58004,6,5.50,0.76,,
226923,P,2000-12-31,74625,7,25.51,2.16,,
226924,P,2001-06-17,88859,6,73.16,9.96,,
226925,P,2002-02-02,47483,7,75.32,6.18,,
226926,P,2002-03-17,55552,1,22.60,5.11,,
226927,P,2000-06-22,14540,10,94.31,6.33,,
226928,P,2002-03-02,29234,2,24.85,2.19,,
226929,P,2001-08-27,4272,9,1.50,9.74,,
226930,P,2002-07-09,48160,8,9.83,0.83,,
226931,P,2000-07-18,58077,5,87.58,5.46,,
226932,P,2000-06-30,69453,10,32.00,0.71,,
226933,P,2001-05-01,7562,6,26.10,9.19,,
226934,P,2000-10-05,26842,7,14.17,1.11,,
226935,P,2000-10-25,33354,9,9.39,8.23,,
226936,P,2001-05-03,16066,1,86.35,2.76,,
226937,P,2001-01-14,67260,8,76.70,7.77,,
226938,P,2000-12-17,97819,4,29.12,2.72,,
226939,P,2000-09-04,27272,4,51.24,6.51,,
226940,P,2000-01-23,46658,9,52.42,4.71,,
226941,P,2002-03-10,63125,7,42.57,5.93,,
226942,P,2002-03-31,21686,9,49.25,5.96,,
226943,P,2002-02-21,15394,10,56.55,2.55,,
226944,P,2000-03-19,23887,8,91.67,3.62,,
226945,P,2001-04-02,28912,8,81.24,4.84,,
226946,P,2001-05-24,72970,8,27.43,7.23,,
226947,P,2001-01-21,8257,5,19.70,4.19,,
226948,P,2002-02-23,99696,5,25.22,6.33,,
226949,P,2001-03-19,55272,5,11.60,9.72,,
226950,P,2000-07-18,4973,4,38.78,2.39,,
226951,P,2001-05-23,82347,10,31.05,7.72,,
226952,P,2000-04-22,3855,7,22.99,5.15,,
226953,P,2001-08-20,676,2,41.19,1.17,,
226954,P,2001-11-07,19264,2,57.78,1.42,,
226955,P,2001-10-18,39926,1,44.44,3.54,,
226956,P,2002-04-09,21969,5,97.43,7.81,,
226957,P,2000-09-22,41782,4,32.98,7.64,,
226958,P,2001-04-09,95640,10,64.20,8.41,,
226959,P,2000-06-08,83029,6,37.62,1.26,,
226960,P,2000-01-07,64504,6,35.83,1.31,,
226961,P,2001-10-04,2892,1,25.41,1.01,,
226962,P,2001-08-14,41936,3,9.45,4.97,,
226963,P,2002-02-12,692,8,0.40,9.39,,
226964,P,2000-03-04,45964,4,35.58,2.72,,
226965,P,2000-09-14,63264,3,5.90,1.28,,
226966,P,2002-01-31,37209,4,49.80,5.42,,
226967,P,2000-02-02,60347,5,68.91,2.14,,
226968,P,2002-01-16,75398,2,98.19,2.70,,
226969,P,2000-05-27,62517,8,4.98,7.02,,
226970,P,2001-08-21,29176,5,54.50,4.28,,
226971,P,2000-04-05,28580,7,30.59,4.98,,
226972,P,2000-03-10,50033,7,29.26,8.58,,
226973,P,2001-01-13,11134,3,90.43,9.64,,
226974,P,2002-03-20,14303,7,25.23,5.54,,
226975,P,2000-04-15,83333,6,26.65,4.39,,
226976,P,2000-06-14,77063,3,41.24,2.53,,
226977,P,2001-04-23,65645,8,44.73,4.75,,
226978,P,2001-08-13,65740,9,21.70,4.72,,
226979,P,2001-04-22,27267,8,95.68,7.07,,
226980,P,2002-02-28,23329,5,27.05,8.62,,
226981,P,2002-01-17,42056,4,66.99,7.63,,
226982,P,2001-09-10,12706,3,97.56,2.21,,
226983,P,2000-11-07,39967,7,40.56,9.03,,
226984,P,2001-04-05,29079,9,70.79,7.92,,
226985,P,2002-02-24,92298,7,7.70,4.46,,
226986,P,2001-02-01,79741,5,25.32,0.96,,
226987,P,2000-07-28,69350,10,73.35,4.05,,
226988,P,2001-08-30,71224,10,43.66,2.40,,
226989,P,2002-02-25,67818,3,56.19,8.61,,
226990,P,2000-04-18,88665,4,53.16,9.72,,
226991,P,2002-06-11,89913,3,37.47,5.68,,
226992,P,2001-03-13,92882,8,44.92,3.65,,
226993,P,2000-03-16,46424,8,90.93,3.29,,
226994,P,2001-08-23,75461,8,59.59,9.88,,
226995,P,2002-04-05,46306,4,26.88,2.66,,
226996,P,2002-06-21,60662,7,21.32,0.47,,
226997,P,2001-09-26,2910,4,44.63,7.56,,
226998,P,2001-03-31,68130,9,8.72,2.22,,
226999,P,2001-11-04,6511,7,50.87,5.41,,
227000,P,2000-02-06,50578,1,51.62,7.57,,
227001,P,2000-02-14,67750,3,46.30,0.53,,
227002,P,2002-09-07,101,3,61.53,6.53,,
227003,P,2000-08-11,97015,7,68.21,7.14,,
227004,P,2002-09-26,43187,9,32.24,8.35,,
227005,P,2000-12-30,7677,9,90.85,5.02,,
227006,P,2002-09-19,9768,3,27.62,0.96,,
227007,P,2002-09-27,16133,1,29.91,1.22,,
227008,P,2000-01-14,62727,4,56.24,4.14,,
227009,P,2001-08-15,76436,10,16.74,4.03,,
227010,P,2001-06-16,85372,7,51.60,8.67,,
227011,P,2000-07-21,56668,4,32.00,3.22,,
227012,P,2000-08-21,56188,7,83.20,2.71,,
227013,P,2002-05-02,30122,4,61.92,4.95,,
227014,P,2000-06-21,74212,10,75.32,4.51,,
227015,P,2000-08-21,29102,2,27.40,8.46,,
227016,P,2002-08-30,34772,9,48.87,4.22,,
227017,P,2002-08-29,12865,1,6.05,1.90,,
227018,P,2001-11-04,38981,8,91.20,6.44,,
227019,P,2001-09-12,99033,4,71.58,7.09,,
227020,P,2001-06-03,5700,7,22.68,6.10,,
227021,P,2001-11-25,85656,3,83.54,5.09,,
227022,P,2002-08-12,78631,10,92.82,3.04,,
227023,P,2000-11-26,2966,4,4.14,6.82,,
227024,P,2002-08-02,35109,5,16.59,0.97,,
227025,P,2000-04-11,42433,9,75.66,2.60,,
227026,P,2000-05-19,54626,2,9.23,5.96,,
227027,P,2000-07-22,63978,3,24.51,5.47,,
227028,P,2000-11-25,67026,5,66.93,9.78,,
227029,P,2002-06-06,10634,9,58.38,1.67,,
227030,P,2001-07-11,26771,2,50.77,0.78,,
227031,P,2000-09-09,60212,4,5.29,8.57,,
227032,P,2002-08-11,91560,1,3.76,7.20,,
227033,P,2001-05-05,66626,6,97.57,0.30,,
227034,P,2000-01-14,67696,10,67.81,9.48,,
227035,P,2001-07-22,68463,8,26.91,6.16,,
227036,P,2000-10-12,79269,5,20.44,8.94,,
227037,P,2000-10-25,18377,8,52.05,4.01,,
227038,P,2001-03-17,83060,9,1.87,8.48,,
227039,P,2002-07-15,39037,1,93.50,5.95,,
227040,P,2002-08-26,96123,7,38.15,3.26,,
227041,P,2000-11-22,58492,9,37.11,5.90,,
227042,P,2002-03-23,64679,7,18.83,4.70,,
227043,P,2001-03-04,42837,5,27.42,1.81,,
227044,P,2002-02-24,86393,6,85.58,6.91,,
227045,P,2001-04-21,35689,5,37.05,1.30,,
227046,P,2002-02-03,229,6,70.38,3.24,,
227047,P,2000-11-04,54072,10,6.68,2.93,,
227048,P,2001-09-08,31704,4,90.23,3.95,,
227049,P,2000-02-26,40798,7,93.40,8.88,,
227050,P,2002-05-18,34278,9,94.99,4.87,,
227051,P,2000-12-02,1003,5,82.39,6.30,,
227052,P,2000-05-31,54912,2,11.26,6.53,,
227053,P,2000-01-10,52820,6,5.65,4.43,,
227054,P,2002-06-03,68306,9,63.81,3.39,,
227055,P,2000-02-09,90520,3,41.25,5.92,,
227056,P,2002-05-20,60309,1,31.89,2.36,,
227057,P,2000-07-01,8043,3,17.62,3.83,,
227058,P,2002-04-22,49118,1,20.25,8.64,,
227059,P,2001-01-02,64853,3,8.34,3.31,,
227060,P,2000-12-15,26420,10,65.54,3.62,,
227061,P,2002-03-05,16513,9,21.78,6.78,,
227062,P,2000-12-09,6004,10,97.84,3.16,,
227063,P,2002-01-21,66066,3,26.98,1.20,,
227064,P,2001-12-05,76722,1,29.76,2.96,,
227065,P,2000-08-22,71248,1,97.20,6.67,,
227066,P,2002-06-06,34358,6,59.11,8.11,,
227067,P,2000-12-23,81969,4,66.82,5.07,,
227068,P,2002-05-24,81410,1,26.80,5.69,,
227069,P,2001-10-31,23850,9,72.94,6.56,,
227070,P,2002-05-01,83533,4,59.59,6.73,,
227071,P,2000-06-15,10561,1,68.58,3.53,,
227072,P,2001-05-28,99535,3,79.91,6.14,,
227073,P,2000-09-14,65004,3,14.70,7.26,,
227074,P,2000-02-27,87503,2,5.40,4.13,,
227075,P,2002-06-20,39909,8,72.21,1.13,,
227076,P,2001-11-16,53913,2,98.34,0.32,,
227077,P,2001-09-29,21265,9,89.18,4.12,,
227078,P,2001-02-06,91163,6,65.27,6.56,,
227079,P,2001-08-10,36572,5,56.99,2.81,,
227080,P,2000-05-13,87682,3,27.00,7.08,,
227081,P,2002-07-08,52140,9,45.46,9.61,,
227082,P,2000-05-11,96411,8,35.26,8.68,,
227083,P,2000-01-31,78049,5,50.75,8.11,,
227084,P,2002-09-21,44105,7,14.15,3.36,,
227085,P,2001-04-07,16366,9,5.92,3.80,,
227086,P,2000-10-08,28463,8,39.67,6.06,,
227087,P,2000-05-12,66740,4,13.60,2.58,,
227088,P,2000-02-01,37163,5,60.03,8.00,,
227089,P,2000-08-05,5080,3,38.29,6.67,,
227090,P,2000-12-28,57809,8,15.95,0.05,,
227091,P,2002-05-25,81187,6,85.52,3.44,,
227092,P,2001-12-28,45473,10,69.34,5.24,,
227093,P,2002-06-30,93217,7,3.57,9.33,,
227094,P,2002-02-21,38598,3,83.82,1.25,,
227095,P,2001-03-15,29020,6,88.76,3.38,,
227096,P,2002-08-19,21742,4,81.45,0.83,,
227097,P,2002-03-07,3072,9,44.07,8.26,,
227098,P,2002-02-12,79305,10,60.99,8.84,,
227099,P,2001-07-27,43919,2,51.84,3.87,,
227100,P,2001-11-07,15343,7,56.81,8.87,,
227101,P,2002-03-31,96423,8,8.68,7.94,,
227102,P,2000-10-14,43146,1,46.98,7.60,,
227103,P,2002-07-24,22012,3,46.35,8.89,,
227104,P,2001-07-22,47107,6,2.86,6.99,,
227105,P,2000-04-23,97260,10,47.95,8.48,,
227106,P,2000-01-17,14179,9,99.65,5.65,,
227107,P,2001-03-01,79594,3,53.91,9.08,,
227108,P,2001-01-13,58218,4,17.93,1.90,,
227109,P,2000-09-18,15426,1,58.81,7.51,,
227110,P,2000-04-15,79188,2,32.48,7.55,,
227111,P,2002-04-04,82249,8,50.90,7.03,,
227112,P,2001-07-30,49006,6,38.17,1.39,,
227113,P,2000-05-05,32944,4,0.21,0.73,,
227114,P,2000-02-07,84634,1,29.42,0.59,,
227115,P,2000-11-01,42976,9,88.09,6.70,,
227116,P,2000-11-08,31711,8,4.92,7.58,,
227117,P,2000-01-31,91352,9,75.66,5.01,,
227118,P,2002-02-16,13442,1,69.38,1.68,,
227119,P,2000-04-25,18078,6,71.50,2.41,,
227120,P,2002-08-25,96357,2,68.15,6.61,,
227121,P,2002-06-02,35110,2,83.75,6.61,,
227122,P,2001-04-02,94374,7,91.06,8.82,,
227123,P,2000-08-12,12826,1,23.26,7.26,,
227124,P,2002-05-25,90401,8,80.93,5.67,,
227125,P,2001-02-11,77282,2,67.00,1.65,,
227126,P,2000-10-17,47867,1,64.16,1.25,,
227127,P,2002-05-04,73069,6,32.13,9.86,,
227128,P,2001-05-15,3360,4,1.77,0.54,,
227129,P,2001-08-06,12947,5,27.49,0.59,,
227130,P,2001-01-13,6844,3,60.15,5.86,,
227131,P,2000-11-24,68711,1,82.34,8.41,,
227132,P,2001-01-16,24856,7,66.98,8.16,,
227133,P,2001-11-03,39023,7,73.25,4.70,,
227134,P,2001-09-09,50748,9,34.66,5.08,,
227135,P,2000-10-31,17508,9,64.67,2.36,,
227136,P,2000-04-20,22770,8,1.90,8.24,,
227137,P,2002-08-04,35086,3,4.17,1.92,,
227138,P,2001-08-28,68289,9,19.58,1.00,,
227139,P,2001-05-25,44918,2,51.34,2.31,,
227140,P,2000-03-29,1843,4,40.59,2.64,,
227141,P,2002-06-07,80800,1,41.87,7.71,,
227142,P,2000-03-03,53794,10,51.32,1.81,,
227143,P,2000-05-06,67969,9,20.28,8.80,,
227144,P,2001-03-15,86536,4,35.53,3.96,,
227145,P,2001-01-23,15989,6,29.79,1.60,,
227146,P,2001-09-16,92588,5,21.76,6.22,,
227147,P,2002-01-30,14658,10,47.05,2.63,,
227148,P,2002-09-21,81806,8,4.46,0.11,,
227149,P,2002-09-08,31673,2,52.26,9.92,,
227150,P,2000-07-22,69657,6,68.92,5.67,,
227151,P,2000-10-26,64381,5,65.12,5.35,,
227152,P,2002-07-14,24990,3,80.48,5.17,,
227153,P,2000-02-08,2918,4,84.34,2.52,,
227154,P,2001-08-05,85102,10,91.14,0.70,,
227155,P,2000-07-16,36662,5,44.86,0.13,,
227156,P,2001-05-02,86900,9,81.13,8.22,,
227157,P,2001-11-27,21249,8,81.07,5.07,,
227158,P,2001-06-22,6285,1,86.77,8.03,,
227159,P,2000-09-15,55835,5,12.00,5.01,,
227160,P,2002-04-03,86738,7,58.90,6.30,,
227161,P,2002-01-31,81563,2,84.65,0.96,,
227162,P,2000-12-27,21799,5,28.13,4.28,,
227163,P,2000-11-05,38719,2,7.22,2.86,,
227164,P,2001-02-25,43277,4,11.62,4.20,,
227165,P,2000-10-10,9390,8,87.46,9.93,,
227166,P,2000-03-13,42119,1,88.55,5.60,,
227167,P,2001-11-19,12610,5,21.90,5.27,,
227168,P,2001-02-28,72911,8,1.69,2.05,,
227169,P,2000-05-13,95893,7,57.73,1.91,,
227170,P,2001-07-07,7014,4,48.80,6.26,,
227171,P,2001-11-10,94618,3,2.38,2.68,,
227172,P,2001-07-31,68222,8,66.30,2.35,,
227173,P,2002-07-26,33562,9,59.17,2.86,,
227174,P,2001-04-22,44594,5,86.96,7.44,,
227175,P,2001-12-18,36576,3,75.88,0.86,,
227176,P,2002-04-18,93082,6,35.40,4.40,,
227177,P,2001-08-23,48504,2,98.51,4.11,,
227178,P,2002-06-26,30939,10,44.56,1.38,,
227179,P,2000-05-26,39449,8,53.69,9.91,,
227180,P,2000-12-18,70290,2,27.72,2.04,,
227181,P,2002-01-29,55978,7,61.04,3.71,,
227182,P,2002-07-31,58558,3,53.75,0.53,,
227183,P,2000-07-11,43305,1,65.07,2.56,,
227184,P,2000-07-04,56786,10,84.33,9.67,,
227185,P,2002-08-07,87060,3,14.76,7.97,,
227186,P,2001-02-07,10250,10,5.73,6.43,,
227187,P,2000-03-14,91859,1,59.34,6.90,,
227188,P,2000-06-12,86636,10,31.17,5.69,,
227189,P,2001-08-19,21601,6,49.46,7.39,,
227190,P,2001-01-02,16313,6,76.72,6.70,,
227191,P,2001-11-10,34281,9,66.04,2.47,,
227192,P,2000-06-13,35682,5,66.99,4.34,,
227193,P,2002-08-07,46931,10,13.05,2.86,,
227194,P,2002-07-07,17983,2,96.50,4.10,,
227195,P,2001-06-01,94744,5,60.30,4.58,,
227196,P,2001-05-30,94246,6,34.91,7.64,,
227197,P,2000-04-11,60299,6,90.75,3.17,,
227198,P,2000-06-03,10708,6,56.06,1.41,,
227199,P,2002-04-01,66313,9,37.66,6.77,,
227200,P,2000-07-22,58325,10,34.64,7.46,,
227201,P,2001-01-31,52355,4,75.61,5.96,,
227202,P,2000-06-07,46257,6,31.68,4.77,,
227203,P,2000-08-20,92352,4,24.62,9.90,,
227204,P,2002-01-26,58833,8,62.16,5.24,,
227205,P,2001-04-27,39543,1,31.91,2.41,,
227206,P,2002-06-23,90018,10,74.17,7.58,,
227207,P,2001-10-20,79183,2,3.78,4.70,,
227208,P,2001-10-25,31463,2,45.38,1.86,,
227209,P,2001-08-14,4642,1,43.48,3.40,,
227210,P,2002-03-14,90319,1,10.80,8.72,,
227211,P,2001-07-06,63249,8,86.59,0.49,,
227212,P,2000-04-19,27018,10,55.23,5.14,,
227213,P,2000-11-16,52728,3,31.70,7.05,,
227214,P,2000-01-06,60579,8,63.74,1.77,,
227215,P,2000-06-28,11695,7,43.58,4.87,,
227216,P,2001-10-08,88996,3,69.12,3.59,,
227217,P,2001-05-08,88715,3,4.93,7.50,,
227218,P,2001-10-02,38394,9,85.15,3.77,,
227219,P,2001-12-06,7656,7,46.74,1.55,,
227220,P,2001-04-12,4858,10,56.25,9.04,,
227221,P,2001-06-01,59197,10,3.45,6.51,,
227222,P,2001-05-08,7663,2,77.44,7.90,,
227223,P,2000-04-02,57190,8,85.10,4.87,,
227224,P,2001-04-28,28804,3,13.91,9.59,,
227225,P,2002-08-12,51034,1,56.94,0.14,,
227226,P,2001-03-06,65023,3,84.46,5.79,,
227227,P,2000-04-02,37621,10,91.60,7.01,,
227228,P,2000-08-13,13699,9,9.24,4.15,,
227229,P,2001-11-17,50864,1,79.09,7.52,,
227230,P,2000-06-22,1752,4,98.95,7.78,,
227231,P,2001-12-19,74159,9,75.70,5.23,,
227232,P,2002-02-08,82366,4,44.39,9.15,,
227233,P,2001-10-11,49320,8,95.71,7.55,,
227234,P,2002-07-07,36998,3,54.29,0.20,,
227235,P,2000-06-10,91028,6,70.84,7.08,,
227236,P,2000-01-17,42709,10,53.72,4.44,,
227237,P,2000-05-29,54733,9,50.24,6.93,,
227238,P,2000-01-26,38019,1,74.71,8.68,,
227239,P,2001-04-03,78597,2,86.21,0.75,,
227240,P,2002-06-28,83079,8,37.93,4.63,,
227241,P,2000-10-04,585,4,53.64,4.03,,
227242,P,2002-05-25,75053,4,13.20,3.52,,
227243,P,2002-03-24,42437,5,75.32,9.63,,
227244,P,2000-01-20,31482,7,51.42,6.63,,
227245,P,2002-03-21,68708,2,93.72,8.44,,
227246,P,2000-09-27,58471,5,85.47,6.68,,
227247,P,2002-02-26,57704,10,45.00,0.65,,
227248,P,2000-04-06,53656,6,46.12,8.30,,
227249,P,2002-07-01,80607,4,64.53,6.86,,
227250,P,2001-07-31,6810,10,81.25,7.84,,
227251,P,2001-07-21,98388,6,34.80,9.99,,
227252,P,2000-07-30,22042,9,62.40,6.69,,
227253,P,2000-08-31,83375,6,24.52,6.95,,
227254,P,2002-01-30,20394,10,39.34,4.63,,
227255,P,2000-07-02,55870,10,70.94,2.66,,
227256,P,2002-02-28,77098,4,58.13,6.67,,
227257,P,2002-04-18,97197,2,58.98,0.87,,
227258,P,2000-04-15,28434,4,8.70,6.35,,
227259,P,2000-10-09,53923,8,5.49,9.79,,
227260,P,2000-02-19,49416,9,74.63,7.24,,
227261,P,2000-04-19,46321,2,55.18,7.65,,
227262,P,2002-09-12,65886,8,52.75,1.84,,
227263,P,2002-03-23,20716,3,65.34,1.38,,
227264,P,2000-10-10,60622,10,96.49,6.66,,
227265,P,2001-04-20,21383,6,33.21,4.87,,
227266,P,2000-01-29,41756,5,70.44,5.66,,
227267,P,2000-10-11,73575,2,13.39,1.83,,
227268,P,2000-08-31,14398,2,65.98,8.33,,
227269,P,2001-04-05,59400,6,86.20,7.25,,
227270,P,2000-11-14,80741,3,75.88,8.34,,
227271,P,2001-10-15,67810,4,92.19,2.88,,
227272,P,2000-11-27,44309,4,38.91,0.54,,
227273,P,2002-05-31,85446,1,7.58,8.95,,
227274,P,2002-06-26,94823,1,40.72,6.97,,
227275,P,2000-08-12,17255,4,39.17,2.82,,
227276,P,2000-04-26,50247,10,6.82,5.02,,
227277,P,2000-11-20,52692,1,30.15,1.63,,
227278,P,2001-02-05,53488,10,57.97,9.99,,
227279,P,2002-08-10,54509,3,21.87,0.69,,
227280,P,2001-08-23,1712,5,89.04,1.29,,
227281,P,2000-11-11,49817,7,72.64,7.16,,
227282,P,2000-01-13,67097,10,85.23,1.76,,
227283,P,2000-08-09,25514,2,96.40,7.46,,
227284,P,2001-02-17,53447,5,94.84,0.14,,
227285,P,2002-05-13,61787,3,82.30,9.20,,
227286,P,2001-11-27,84919,6,53.65,8.16,,
227287,P,2001-01-18,97829,2,78.95,1.40,,
227288,P,2000-11-26,34161,4,0.92,2.18,,
227289,P,2000-10-13,23892,4,8.78,3.55,,
227290,P,2002-08-27,81314,5,83.64,6.63,,
227291,P,2000-02-25,4765,5,84.99,1.02,,
227292,P,2001-06-29,78957,3,31.36,6.41,,
227293,P,2002-03-29,5932,5,15.23,8.33,,
227294,P,2002-07-18,32433,4,36.86,8.27,,
227295,P,2000-07-29,97416,4,82.27,2.36,,
227296,P,2000-06-28,41592,10,47.71,0.74,,
227297,P,2001-12-01,50983,7,32.91,2.64,,
227298,P,2001-01-02,49020,3,85.65,1.70,,
227299,P,2000-11-26,78380,7,22.22,0.14,,
227300,P,2000-02-19,5375,6,34.13,7.21,,
227301,P,2002-08-05,96003,2,89.53,1.92,,
227302,P,2000-05-12,92760,4,7.49,1.56,,
227303,P,2001-07-27,79688,8,21.33,4.42,,
227304,P,2001-12-05,11779,3,90.42,7.06,,
227305,P,2001-05-19,78352,1,42.36,7.99,,
227306,P,2001-12-13,45856,8,71.93,4.46,,
227307,P,2000-05-19,34657,8,44.14,1.54,,
227308,P,2000-12-19,21908,3,30.74,4.82,,
227309,P,2000-05-27,65905,1,25.62,8.20,,
227310,P,2000-04-15,73819,9,12.28,6.28,,
227311,P,2000-09-17,10980,8,58.89,0.61,,
227312,P,2002-09-01,28515,1,99.95,7.14,,
227313,P,2002-01-26,77572,6,44.25,3.17,,
227314,P,2002-04-16,46990,6,36.16,3.80,,
227315,P,2001-08-06,73287,6,69.44,6.74,,
227316,P,2002-01-16,93283,3,85.51,2.40,,
227317,P,2002-09-11,2090,7,79.41,5.68,,
227318,P,2002-02-05,98388,3,83.38,4.27,,
227319,P,2001-07-19,48012,2,78.04,2.05,,
227320,P,2001-02-12,76146,10,53.91,2.53,,
227321,P,2002-06-19,15987,9,26.58,8.89,,
227322,P,2002-08-31,44979,10,85.61,8.17,,
227323,P,2000-08-11,40701,10,90.81,0.02,,
227324,P,2000-11-22,56623,3,32.94,0.45,,
227325,P,2000-10-27,31552,3,90.72,2.34,,
227326,P,2001-02-18,77021,1,55.03,3.16,,
227327,P,2001-05-02,24430,8,72.51,2.16,,
227328,P,2001-08-28,14656,3,30.32,0.54,,
227329,P,2001-12-23,73378,6,97.54,5.58,,
227330,P,2000-06-04,31171,6,36.74,1.56,,
227331,P,2001-06-20,11965,6,20.46,6.58,,
227332,P,2001-09-24,22643,6,80.45,9.27,,
227333,P,2001-06-14,55095,9,65.56,4.48,,
227334,P,2001-05-29,45889,2,1.09,2.86,,
227335,P,2001-02-17,2422,3,33.56,4.81,,
227336,P,2002-01-09,20789,4,5.29,9.10,,
227337,P,2001-08-18,77476,7,45.37,1.01,,
227338,P,2000-02-12,62385,10,16.60,2.59,,
227339,P,2002-05-01,49578,9,25.09,2.38,,
227340,P,2002-01-05,40717,8,23.27,9.29,,
227341,P,2001-09-30,6443,10,86.47,4.98,,
227342,P,2002-05-19,65349,5,18.34,5.88,,
227343,P,2001-01-30,27692,1,68.85,6.55,,
227344,P,2000-06-16,80238,7,93.88,7.81,,
227345,P,2002-04-15,25596,4,64.80,5.18,,
227346,P,2002-07-13,52941,4,47.65,6.63,,
227347,P,2002-02-10,99341,2,77.65,5.88,,
227348,P,2000-04-06,73797,10,78.85,1.49,,
227349,P,2000-10-30,55394,1,26.66,1.97,,
227350,P,2001-03-18,52288,10,93.91,1.51,,
227351,P,2002-04-02,94734,8,40.51,7.88,,
227352,P,2001-01-11,85289,5,52.12,1.29,,
227353,P,2001-07-19,85698,6,7.93,4.35,,
227354,P,2000-03-02,78052,9,54.43,6.22,,
227355,P,2002-08-15,12741,7,43.91,2.50,,
227356,P,2001-03-18,28887,9,94.11,7.75,,
227357,P,2001-11-27,24864,8,78.23,8.75,,
227358,P,2000-09-18,37677,5,82.84,5.14,,
227359,P,2001-11-18,37260,8,0.20,9.89,,
227360,P,2001-07-12,21292,7,35.11,9.59,,
227361,P,2001-03-07,36108,5,73.29,2.27,,
227362,P,2000-09-18,9220,8,49.17,5.90,,
227363,P,2001-02-07,42207,9,4.72,4.28,,
227364,P,2001-04-28,62520,8,25.65,1.46,,
227365,P,2002-04-28,66470,2,18.31,2.24,,
227366,P,2001-01-05,23551,9,29.66,1.74,,
227367,P,2002-03-24,54627,5,13.97,4.85,,
227368,P,2002-05-12,34636,5,89.06,2.97,,
227369,P,2001-03-11,67998,4,40.84,1.06,,
227370,P,2001-04-18,83307,9,0.27,9.06,,
227371,P,2000-12-06,33502,6,46.46,7.66,,
227372,P,2000-06-13,18967,4,72.61,5.80,,
227373,P,2000-11-16,75714,1,97.15,2.28,,
227374,P,2002-01-02,61414,3,85.21,5.30,,
227375,P,2002-09-06,98794,2,37.66,7.69,,
227376,P,2000-06-13,56099,1,93.31,10.00,,
227377,P,2002-07-12,82972,9,34.54,5.16,,
227378,P,2000-01-12,93798,6,20.57,6.40,,
227379,P,2002-04-18,71687,4,18.44,6.79,,
227380,P,2000-10-01,1035,9,8.23,7.68,,
227381,P,2000-10-30,6159,2,48.57,1.28,,
227382,P,2001-05-09,76010,1,48.85,0.63,,
227383,P,2001-04-12,75280,2,78.97,4.64,,
227384,P,2002-06-09,14279,8,95.17,2.77,,
227385,P,2001-12-06,47616,8,51.07,2.01,,
227386,P,2001-07-28,12776,6,40.17,1.74,,
227387,P,2002-01-01,98834,9,97.04,8.03,,
227388,P,2002-08-20,4924,1,30.63,1.84,,
227389,P,2002-05-23,99448,9,69.71,7.27,,
227390,P,2002-03-06,93079,8,60.99,4.74,,
227391,P,2000-03-24,81413,1,31.16,0.70,,
227392,P,2000-03-10,84140,6,93.41,3.70,,
227393,P,2002-01-20,69829,9,70.26,2.37,,
227394,P,2001-08-07,42188,5,38.72,2.32,,
227395,P,2002-01-24,80308,3,37.27,0.08,,
227396,P,2002-03-05,85700,8,96.20,9.26,,
227397,P,2001-02-14,75937,7,60.25,1.91,,
227398,P,2000-05-10,85488,6,67.32,4.04,,
227399,P,2000-05-09,44955,5,92.74,3.87,,
227400,P,2001-11-19,35542,6,71.34,5.94,,
227401,P,2001-03-31,16596,4,43.86,0.52,,
227402,P,2001-09-16,59360,4,75.22,7.60,,
227403,P,2000-12-17,85069,7,92.91,7.38,,
227404,P,2002-03-30,59966,10,88.24,3.53,,
227405,P,2002-06-20,41031,2,62.59,0.77,,
227406,P,2000-08-13,7483,1,33.74,1.71,,
227407,P,2000-12-17,71901,7,16.72,0.24,,
227408,P,2000-09-18,30138,4,72.95,9.21,,
227409,P,2000-03-07,7021,2,56.52,3.26,,
227410,P,2002-09-01,86919,3,3.28,3.72,,
227411,P,2001-12-14,67392,8,38.61,2.20,,
227412,P,2000-01-10,90035,9,22.94,4.33,,
227413,P,2000-01-21,71692,8,60.62,7.31,,
227414,P,2001-11-25,71723,3,59.40,0.18,,
227415,P,2000-03-21,17036,2,53.45,5.72,,
227416,P,2001-08-20,14597,8,9.39,1.13,,
227417,P,2001-03-19,23626,1,16.84,5.89,,
227418,P,2000-08-02,42624,8,6.30,0.25,,
227419,P,2002-05-04,2174,2,47.73,2.03,,
227420,P,2001-12-20,3481,3,63.40,8.03,,
227421,P,2002-07-08,50597,10,63.25,1.13,,
227422,P,2000-11-24,63298,10,30.90,5.99,,
227423,P,2000-02-05,59653,4,12.54,3.15,,
227424,P,2002-06-23,2649,4,19.41,9.68,,
227425,P,2002-07-26,53675,6,55.49,6.52,,
227426,P,2002-07-07,70146,7,93.32,3.21,,
227427,P,2000-04-25,57642,8,73.10,1.49,,
227428,P,2002-09-05,53340,8,23.54,8.77,,
227429,P,2002-08-30,45564,2,74.92,9.29,,
227430,P,2001-10-23,58903,4,20.74,5.55,,
227431,P,2002-08-03,4035,2,14.48,4.06,,
227432,P,2001-01-28,10442,3,4.53,4.89,,
227433,P,2002-09-07,25848,3,68.07,8.73,,
227434,P,2002-09-13,82041,5,42.56,1.55,,
227435,P,2002-03-17,32057,1,88.89,0.84,,
227436,P,2001-11-06,81168,4,59.57,9.54,,
227437,P,2002-02-28,88470,6,22.53,1.54,,
227438,P,2000-08-24,70353,2,16.16,5.68,,
227439,P,2001-02-01,18754,5,4.93,3.93,,
227440,P,2001-07-07,85616,2,41.54,1.36,,
227441,P,2001-06-25,96196,2,52.86,3.07,,
227442,P,2000-11-02,12710,4,35.55,0.36,,
227443,P,2001-04-24,21922,9,41.78,0.51,,
227444,P,2000-01-28,88949,7,8.55,8.50,,
227445,P,2001-02-01,13906,7,11.97,9.14,,
227446,P,2001-01-08,54770,8,2.02,3.18,,
227447,P,2001-03-08,20534,8,28.56,3.04,,
227448,P,2002-03-19,64284,6,64.22,9.76,,
