417183,P,2002-02-24,29065,8,32.32,4.32,,
417184,P,2000-10-24,14781,9,96.13,1.64,,
417185,P,2000-03-12,15487,7,30.28,2.64,,
417186,P,2000-01-31,58188,5,42.27,9.18,,
417187,P,2000-12-02,51363,5,73.42,4.95,,
417188,P,2000-05-28,31712,5,35.01,1.85,,
417189,P,2001-04-05,65856,8,48.75,9.07,,
417190,P,2000-10-20,32986,7,33.50,3.89,,
417191,P,2002-05-31,95616,1,69.22,1.29,,
417192,P,2002-03-24,29087,9,16.77,9.78,,
417193,P,2002-08-22,54041,8,85.74,5.46,,
417194,P,2002-06-01,57287,8,7.21,5.33,,
417195,P,2001-07-26,20580,9,31.88,2.49,,
417196,P,2002-03-06,37207,1,62.70,4.00,,
417197,P,2002-07-19,26756,5,81.08,1.54,,
417198,P,2001-08-30,84155,8,32.92,9.32,,
417199,P,2001-10-10,94742,5,0.36,0.72,,
417200,P,2000-06-01,43235,3,85.85,5.14,,
417201,P,2000-10-16,43946,1,81.07,7.29,,
417202,P,2000-08-02,88304,9,68.85,0.55,,
417203,P,2002-04-28,99537,10,75.21,1.70,,
417204,P,2000-10-21,5153,1,82.32,7.05,,
417205,P,2001-12-28,15318,6,36.22,8.73,,
417206,P,2001-09-04,38630,4,59.29,4.44,,
417207,P,2001-11-13,38916,2,55.12,1.30,,
417208,P,2000-07-15,16538,2,42.64,1.32,,
417209,P,2002-06-08,2208,9,4.07,5.66,,
417210,P,2001-02-22,71627,2,91.09,5.22,,
417211,P,2002-06-21,59969,1,89.88,4.70,,
417212,P,2001-01-23,96679,3,2.46,4.24,,
417213,P,2002-01-10,54241,7,79.46,2.90,,
417214,P,2001-03-06,71908,3,82.31,9.74,,
417215,P,2001-06-20,48,5,99.08,1.88,,
417216,P,2001-03-05,7981,7,96.83,5.08,,
417217,P,2001-05-28,65011,4,82.34,1.02,,
417218,P,2000-11-12,44552,8,36.33,8.46,,
417219,P,2000-05-22,12169,1,46.92,9.88,,
417220,P,2000-03-12,80447,7,44.52,3.97,,
417221,P,2001-07-18,32647,1,84.83,7.90,,
417222,P,2001-11-18,41662,2,78.32,5.92,,
417223,P,2001-05-14,16056,6,59.82,4.61,,
417224,P,2002-09-21,62094,8,38.70,5.39,,
417225,P,2002-03-27,55915,3,45.64,4.63,,
417226,P,2001-09-20,51218,8,54.19,8.68,,
417227,P,2001-08-03,74286,10,30.98,7.16,,
417228,P,2000-03-18,74829,10,44.12,2.08,,
417229,P,2000-11-06,34065,9,8.21,2.65,,
417230,P,2001-02-06,56219,8,42.06,4.40,,
417231,P,2000-10-09,28000,5,79.28,1.28,,
417232,P,2001-05-24,38726,6,86.31,2.04,,
417233,P,2000-01-08,98971,10,17.95,3.63,,
417234,P,2000-01-26,92685,8,88.76,5.27,,
417235,P,2001-12-26,11532,2,45.62,1.27,,
417236,P,2001-04-09,64189,4,1.79,7.18,,
417237,P,2000-02-06,64426,7,67.17,3.19,,
417238,P,2001-04-22,46208,8,36.10,8.04,,
417239,P,2002-08-09,8186,3,57.06,5.30,,
417240,P,2000-01-31,49487,6,9.45,2.01,,
417241,P,2001-03-08,52,4,90.38,2.00,,
417242,P,2000-01-19,6742,3,13.87,0.08,,
417243,P,2000-11-29,379,6,43.90,1.87,,
417244,P,2001-04-06,27814,8,6.56,9.50,,
417245,P,2001-07-04,45145,4,85.87,2.15,,
417246,P,2000-01-10,24182,2,86.31,1.54,,
417247,P,2001-06-10,52263,4,16.10,2.18,,
417248,P,2002-03-11,7620,4,64.29,9.33,,
417249,P,2000-01-09,30032,1,4.24,0.01,,
417250,P,2000-11-13,37599,2,71.83,4.19,,
417251,P,2001-01-17,69674,10,22.31,6.72,,
417252,P,2001-11-01,535,6,71.34,1.71,,
417253,P,2001-06-14,28434,4,61.65,7.88,,
417254,P,2000-09-02,59257,3,24.76,4.01,,
417255,P,2000-04-13,90389,6,77.11,1.37,,
417256,P,2001-08-21,84148,1,87.34,7.19,,
417257,P,2002-03-11,34517,6,68.62,9.49,,
417258,P,2001-01-03,55214,6,90.55,1.03,,
417259,P,2000-07-27,20630,10,20.07,3.58,,
417260,P,2000-03-06,6748,3,30.75,6.39,,
417261,P,2000-04-01,92004,4,78.45,0.93,,
417262,P,2002-08-21,91012,3,22.82,3.70,,
417263,P,2000-09-10,75905,8,65.25,3.62,,
417264,P,2000-03-24,47342,10,72.85,8.03,,
417265,P,2000-11-27,98355,8,41.72,6.79,,
417266,P,2000-08-17,86453,2,30.16,5.90,,
417267,P,2001-06-07,21492,1,86.63,5.48,,
417268,P,2001-05-12,6125,2,38.27,4.59,,
417269,P,2000-08-03,99092,5,65.04,8.61,,
417270,P,2001-11-10,28958,10,65.34,1.31,,
417271,P,2000-08-28,22258,3,32.34,1.63,,
417272,P,2000-01-06,83317,10,31.94,5.82,,
417273,P,2000-05-25,40269,5,21.96,1.46,,
417274,P,2000-09-19,44460,1,18.02,5.34,,
417275,P,2000-01-04,50353,6,75.64,4.92,,
417276,P,2001-01-08,74960,5,34.55,5.63,,
417277,P,2002-02-28,26010,7,64.19,8.54,,
417278,P,2000-11-23,78339,5,88.55,0.97,,
417279,P,2002-05-14,43156,8,75.68,6.88,,
417280,P,2001-05-18,662,2,89.34,7.30,,
417281,P,2001-03-04,76252,7,5.17,8.54,,
417282,P,2000-04-04,81873,9,95.34,9.67,,
417283,P,2002-08-20,29770,1,37.11,1.59,,
417284,P,2002-08-04,28038,3,6.30,0.16,,
417285,P,2002-07-13,22457,3,69.15,2.95,,
417286,P,2000-04-09,3699,9,83.64,3.30,,
417287,P,2002-01-22,29090,2,50.91,9.95,,
417288,P,2002-07-24,7360,6,51.90,2.58,,
417289,P,2002-06-27,82680,3,61.20,3.61,,
417290,P,2001-03-11,11422,2,32.99,7.77,,
417291,P,2002-09-07,98980,6,59.60,3.42,,
417292,P,2001-12-02,73133,2,1.74,6.49,,
417293,P,2001-09-04,47132,7,57.56,7.20,,
417294,P,2001-08-02,60375,4,92.27,3.76,,
417295,P,2001-08-06,99933,7,19.02,8.42,,
417296,P,2001-03-23,33333,10,77.29,8.61,,
417297,P,2000-11-19,82714,5,3.63,6.83,,
417298,P,2002-03-28,19505,6,45.07,7.32,,
417299,P,2002-03-04,36185,10,19.00,4.08,,
417300,P,2000-04-09,51941,7,50.50,8.40,,
417301,P,2001-11-03,92399,2,10.57,6.59,,
417302,P,2002-09-05,22419,6,55.67,9.16,,
417303,P,2002-07-07,30882,3,37.77,3.33,,
417304,P,2001-03-29,26295,7,99.90,7.92,,
417305,P,2001-12-22,88298,4,70.04,0.38,,
417306,P,2001-03-08,28625,7,58.57,0.77,,
417307,P,2001-09-16,95521,2,60.08,5.89,,
417308,P,2000-04-06,74499,10,26.14,9.58,,
417309,P,2001-11-06,36229,1,1.16,0.32,,
417310,P,2001-01-07,59630,7,87.23,2.75,,
417311,P,2001-07-20,68446,4,27.06,0.32,,
417312,P,2001-03-15,1919,4,69.23,2.60,,
417313,P,2000-06-28,61370,6,55.07,8.81,,
417314,P,2000-02-04,36855,9,35.75,0.97,,
417315,P,2001-07-09,33949,7,41.56,2.88,,
417316,P,2002-03-03,25723,3,22.17,0.40,,
417317,P,2002-08-11,49358,2,25.23,1.82,,
417318,P,2000-01-01,54949,10,52.92,4.65,,
417319,P,2001-01-27,4351,8,62.55,4.23,,
417320,P,2000-07-26,664,3,95.42,9.48,,
417321,P,2000-06-01,11231,4,81.98,5.24,,
417322,P,2000-07-18,16147,1,69.13,4.86,,
417323,P,2001-11-24,34657,1,25.44,4.37,,
417324,P,2000-06-13,13742,3,7.64,5.58,,
417325,P,2002-06-03,21452,8,88.71,5.07,,
417326,P,2001-11-30,27692,4,94.77,3.11,,
417327,P,2002-04-26,71906,6,93.58,2.55,,
417328,P,2001-01-04,97752,9,54.34,9.82,,
417329,P,2002-07-06,35981,7,51.26,9.11,,
417330,P,2001-04-22,44271,2,12.77,5.35,,
417331,P,2001-08-02,15281,7,29.20,1.68,,
417332,P,2002-03-14,22403,7,90.55,6.70,,
417333,P,2000-10-16,56111,1,95.28,2.22,,
417334,P,2002-08-31,53370,4,89.44,5.50,,
417335,P,2000-02-23,84181,8,90.63,0.57,,
417336,P,2002-09-14,5512,6,37.06,1.22,,
417337,P,2002-03-02,10238,7,34.49,4.10,,
417338,P,2000-07-15,51187,10,23.73,8.23,,
417339,P,2001-03-09,51048,4,84.08,7.64,,
417340,P,2002-07-14,15283,9,14.31,9.26,,
417341,P,2001-02-18,60963,4,11.10,4.35,,
417342,P,2001-06-02,33462,9,5.99,2.79,,
417343,P,2000-03-12,56043,2,1.59,0.42,,
417344,P,2001-11-18,15414,4,27.12,6.98,,
417345,P,2000-11-19,18889,4,15.05,6.26,,
417346,P,2002-08-02,51921,6,37.15,5.71,,
417347,P,2002-07-20,99891,6,68.67,4.45,,
417348,P,2001-02-28,32872,8,28.35,1.13,,
417349,P,2000-02-12,1565,3,31.49,4.35,,
417350,P,2000-09-14,90435,10,40.06,3.49,,
417351,P,2000-12-10,85400,2,75.12,6.00,,
417352,P,2002-06-16,80888,10,2.40,7.35,,
417353,P,2001-01-08,8562,1,18.31,2.80,,
417354,P,2001-06-17,99823,7,46.95,8.64,,
417355,P,2001-07-07,79939,6,49.09,0.89,,
417356,P,2001-08-09,5993,6,43.47,2.33,,
417357,P,2000-07-29,7921,8,59.22,9.05,,
417358,P,2000-08-17,91585,7,94.16,2.39,,
417359,P,2000-07-22,76143,1,49.76,8.48,,
417360,P,2000-07-19,61506,4,75.62,6.79,,
417361,P,2001-05-17,42669,3,9.97,3.36,,
417362,P,2002-03-13,25615,5,2.34,9.88,,
417363,P,2000-11-02,15035,10,5.05,9.12,,
417364,P,2000-05-04,50997,5,67.55,9.91,,
417365,P,2001-01-05,47595,4,39.89,0.33,,
417366,P,2002-03-16,95395,6,22.74,7.87,,
417367,P,2001-03-16,78421,10,86.43,7.28,,
417368,P,2000-06-04,19938,8,96.77,7.09,,
417369,P,2001-01-06,78567,5,94.04,7.90,,
417370,P,2002-04-12,96693,7,99.87,0.46,,
417371,P,2001-06-07,48604,8,70.73,7.28,,
417372,P,2000-10-19,75360,1,65.27,6.96,,
417373,P,2002-03-03,78725,9,12.14,5.53,,
417374,P,2001-07-26,79332,4,41.56,7.50,,
417375,P,2000-12-17,56483,1,67.00,2.54,,
417376,P,2001-04-23,6876,6,40.54,5.10,,
417377,P,2002-01-16,29295,9,15.11,6.85,,
417378,P,2000-09-03,13864,5,18.26,0.26,,
417379,P,2000-07-16,82335,3,44.09,6.83,,
417380,P,2002-08-31,98369,5,3.92,5.68,,
417381,P,2001-03-21,53813,7,83.78,2.10,,
417382,P,2001-12-02,2352,7,93.39,2.04,,
417383,P,2002-08-17,52508,8,46.82,4.91,,
417384,P,2000-12-27,32986,7,97.87,1.03,,
417385,P,2002-04-17,41899,7,70.37,8.75,,
417386,P,2001-06-29,39595,4,22.22,3.14,,
417387,P,2000-07-03,70869,4,6.20,9.61,,
417388,P,2002-09-22,96581,8,26.03,5.13,,
417389,P,2000-07-02,50021,8,62.32,2.38,,
417390,P,2001-03-10,46367,7,89.22,9.14,,
417391,P,2001-07-31,21103,7,73.00,2.17,,
417392,P,2000-03-26,40134,2,3.90,0.78,,
417393,P,2002-06-15,51908,5,14.50,3.25,,
417394,P,2002-01-28,1781,4,15.08,3.34,,
417395,P,2000-09-28,21000,1,67.99,3.09,,
417396,P,2002-07-24,95961,4,36.97,6.92,,
417397,P,2000-06-22,65373,3,66.97,5.87,,
417398,P,2000-08-17,25233,10,0.44,2.71,,
417399,P,2000-01-09,9232,7,63.84,4.29,,
417400,P,2001-08-20,58323,4,48.84,0.72,,
417401,P,2001-11-12,24863,2,62.43,3.33,,
417402,P,2001-10-25,24046,5,33.22,8.16,,
417403,P,2000-11-02,73979,4,57.38,7.39,,
417404,P,2002-08-13,15151,5,5.12,6.88,,
417405,P,2001-06-02,94554,7,26.05,0.59,,
417406,P,2001-12-23,56795,7,2.86,9.26,,
417407,P,2001-09-22,77707,7,89.23,1.45,,
417408,P,2001-03-07,53007,7,95.17,8.02,,
417409,P,2000-12-12,11271,8,2.29,4.56,,
417410,P,2001-08-23,61665,3,56.42,7.46,,
417411,P,2000-12-28,21553,7,78.78,9.82,,
417412,P,2002-07-17,16687,7,13.72,7.35,,
417413,P,2002-06-30,37470,1,60.42,7.86,,
417414,P,2000-01-22,93846,7,47.13,1.67,,
417415,P,2002-09-26,85760,3,75.10,5.03,,
417416,P,2001-11-14,68255,9,12.52,5.74,,
417417,P,2001-12-18,37849,8,26.98,1.98,,
417418,P,2002-01-13,37522,7,55.91,1.44,,
417419,P,2002-01-14,58081,7,20.88,6.11,,
417420,P,2002-03-03,55883,10,94.36,5.55,,
417421,P,2002-05-31,38566,6,93.36,3.46,,
417422,P,2002-06-24,67323,1,41.48,1.14,,
417423,P,2001-10-07,46741,9,95.81,7.32,,
417424,P,2002-06-20,39567,4,25.96,4.21,,
417425,P,2001-01-22,83738,4,5.59,6.25,,
417426,P,2000-01-26,42822,10,80.90,7.74,,
417427,P,2001-08-15,10178,2,12.51,0.47,,
417428,P,2000-08-22,38490,6,40.32,2.14,,
417429,P,2001-11-18,34963,8,7.78,5.88,,
417430,P,2000-09-09,52050,8,17.20,7.53,,
417431,P,2002-07-30,78867,5,79.73,3.89,,
417432,P,2001-07-29,67903,4,35.60,0.73,,
417433,P,2002-02-02,79582,6,26.24,4.62,,
417434,P,2000-06-02,32326,4,80.03,4.32,,
417435,P,2000-12-14,9836,1,34.36,4.40,,
417436,P,2002-08-03,37256,5,56.38,1.84,,
417437,P,2002-08-30,77999,2,43.42,1.78,,
417438,P,2000-08-31,30391,6,29.08,4.53,,
417439,P,2001-01-05,45745,8,0.86,5.60,,
417440,P,2000-04-25,61241,3,55.82,8.15,,
417441,P,2000-09-21,41596,5,0.67,5.24,,
417442,P,2000-07-05,51243,5,45.96,6.81,,
417443,P,2000-07-02,52229,8,69.24,4.29,,
417444,P,2002-09-17,57000,5,75.88,7.50,,
417445,P,2000-07-29,24615,8,24.12,8.91,,
417446,P,2000-06-12,68517,10,36.31,2.09,,
417447,P,2001-02-26,38554,3,20.29,4.70,,
417448,P,2000-05-17,31114,3,32.08,3.75,,
417449,P,2002-06-14,99766,7,56.34,1.11,,
417450,P,2001-04-02,69476,7,64.64,0.36,,
417451,P,2000-11-09,95107,2,84.76,3.67,,
417452,P,2001-03-07,774,9,2.88,0.92,,
417453,P,2001-08-27,46809,5,99.27,8.48,,
417454,P,2000-08-21,75055,9,10.08,7.40,,
417455,P,2001-06-30,69026,6,55.21,7.79,,
417456,P,2002-05-26,44255,8,2.11,3.94,,
417457,P,2002-05-26,410,1,34.38,6.38,,
417458,P,2000-10-10,11484,2,65.51,5.69,,
417459,P,2001-06-14,47075,9,11.71,1.01,,
417460,P,2002-04-28,64806,9,57.11,2.19,,
417461,P,2000-11-12,71852,3,47.16,0.74,,
417462,P,2001-06-23,65125,1,92.91,3.91,,
417463,P,2000-08-31,62147,1,48.04,4.46,,
417464,P,2000-06-26,33921,1,82.20,0.98,,
417465,P,2000-05-25,16074,7,35.58,9.91,,
417466,P,2000-03-04,53709,9,65.93,9.51,,
417467,P,2000-08-09,37535,4,22.48,2.92,,
417468,P,2001-10-02,99565,1,89.44,1.25,,
417469,P,2000-01-07,63893,5,55.97,8.22,,
417470,P,2002-09-21,57899,10,47.51,6.91,,
417471,P,2001-02-04,70126,5,57.37,5.56,,
417472,P,2000-04-17,45688,4,1.49,7.98,,
417473,P,2000-10-20,19038,2,58.26,1.18,,
417474,P,2000-01-03,14752,4,64.00,7.42,,
417475,P,2001-11-05,81223,7,80.57,6.77,,
417476,P,2000-01-26,95157,8,36.37,5.08,,
417477,P,2000-02-05,4652,2,18.48,9.76,,
417478,P,2002-01-23,67009,2,30.97,5.68,,
417479,P,2000-09-13,53508,7,85.10,2.17,,
417480,P,2002-01-28,27709,3,58.96,7.42,,
417481,P,2001-03-25,37401,9,68.50,4.00,,
417482,P,2001-06-05,39462,1,50.96,7.26,,
417483,P,2001-06-18,12674,9,81.97,1.48,,
417484,P,2002-01-04,80798,7,83.56,3.18,,
417485,P,2001-01-30,61736,8,9.24,6.42,,
417486,P,2001-05-17,2452,7,83.39,3.43,,
417487,P,2002-01-12,34046,6,73.99,7.66,,
417488,P,2000-07-21,98305,8,43.93,2.91,,
417489,P,2001-01-23,86036,10,75.13,9.89,,
417490,P,2001-08-29,38745,8,48.61,8.94,,
417491,P,2001-05-19,90797,10,15.61,4.70,,
417492,P,2002-07-26,8077,4,25.37,2.81,,
417493,P,2002-06-24,52282,7,4.79,6.73,,
417494,P,2002-04-10,42865,1,37.80,0.08,,
417495,P,2002-05-01,34784,3,44.28,8.16,,
417496,P,2000-09-19,71488,8,77.60,7.92,,
417497,P,2001-08-31,56392,5,8.96,6.10,,
417498,P,2002-04-27,96661,5,94.77,5.54,,
417499,P,2001-11-24,87003,10,22.45,3.05,,
417500,P,2000-03-29,754,1,56.95,2.91,,
417501,P,2000-12-22,62694,3,23.39,7.73,,
417502,P,2001-03-23,32954,2,60.85,6.85,,
417503,P,2001-06-30,10008,8,95.40,3.98,,
417504,P,2001-02-01,72316,3,9.95,9.37,,
417505,P,2000-03-03,40848,6,43.35,1.46,,
417506,P,2002-09-13,34932,1,65.79,3.99,,
417507,P,2001-05-19,50558,2,39.04,2.65,,
417508,P,2001-11-29,6196,4,40.62,7.14,,
417509,P,2000-06-05,36635,2,32.34,0.32,,
417510,P,2000-05-09,2911,4,8.45,7.58,,
417511,P,2001-05-11,67975,9,60.52,1.21,,
417512,P,2001-02-16,76976,5,19.13,8.56,,
417513,P,2001-06-24,10809,4,34.23,1.96,,
417514,P,2000-10-02,42444,10,2.77,4.52,,
417515,P,2000-11-18,20434,5,41.66,8.26,,
417516,P,2001-12-16,51303,7,79.97,7.92,,
417517,P,2001-07-17,54393,2,34.84,7.49,,
417518,P,2000-11-11,90245,4,22.88,2.68,,
417519,P,2002-07-18,14783,10,28.70,1.48,,
417520,P,2000-09-26,78511,7,87.51,5.52,,
417521,P,2001-05-21,65318,10,87.23,8.17,,
417522,P,2002-09-05,72105,3,45.42,5.00,,
417523,P,2000-06-14,63695,8,89.08,0.02,,
417524,P,2001-11-10,46536,3,8.53,3.42,,
417525,P,2001-07-11,22966,2,12.00,0.21,,
417526,P,2001-01-31,21686,8,12.04,6.96,,
417527,P,2002-04-17,93662,10,64.73,5.02,,
417528,P,2000-01-05,42286,7,67.83,6.69,,
417529,P,2002-09-07,45650,4,13.13,8.24,,
417530,P,2000-06-10,2747,1,88.74,9.25,,
417531,P,2000-05-11,43669,9,43.55,6.77,,
417532,P,2001-08-17,73853,2,21.82,1.83,,
417533,P,2001-01-12,42346,3,44.68,2.21,,
417534,P,2001-07-24,9595,9,90.78,4.73,,
417535,P,2002-04-29,58431,3,3.41,7.66,,
417536,P,2000-01-13,43083,10,16.66,6.11,,
417537,P,2002-09-08,76798,3,21.16,8.88,,
417538,P,2000-10-26,26463,3,53.54,4.11,,
417539,P,2002-08-07,37614,9,97.30,5.38,,
417540,P,2002-06-28,64251,3,96.35,3.38,,
417541,P,2000-05-16,63422,10,51.94,0.68,,
417542,P,2000-02-08,13102,10,26.13,9.79,,
417543,P,2001-06-13,94062,5,27.98,0.84,,
417544,P,2001-06-20,66503,9,63.33,1.73,,
417545,P,2002-07-29,19745,9,63.31,4.83,,
417546,P,2001-07-11,42776,4,42.62,8.37,,
417547,P,2002-02-16,31136,1,85.81,1.96,,
417548,P,2001-03-05,1799,9,4.27,7.10,,
417549,P,2001-07-17,48959,5,83.62,0.53,,
417550,P,2001-03-09,46534,1,45.06,0.92,,
417551,P,2002-08-09,18235,6,26.39,3.26,,
417552,P,2000-05-23,41174,10,15.83,0.16,,
417553,P,2001-01-02,16299,8,38.60,0.42,,
417554,P,2000-12-05,72320,3,34.98,4.02,,
417555,P,2001-03-15,60362,2,82.92,2.27,,
417556,P,2000-07-22,49470,7,87.09,7.43,,
417557,P,2001-01-07,71540,6,99.65,5.38,,
417558,P,2001-09-28,60902,2,24.09,2.41,,
417559,P,2000-09-08,65414,3,26.66,2.69,,
417560,P,2000-07-15,90448,8,24.66,6.72,,
417561,P,2001-06-01,30121,8,5.21,3.03,,
417562,P,2001-07-26,97044,5,38.27,1.84,,
417563,P,2002-07-23,94985,4,82.92,7.44,,
417564,P,2001-05-08,79590,7,71.37,7.89,,
417565,P,2000-05-15,60146,2,54.67,4.23,,
417566,P,2000-01-23,53258,9,56.42,9.48,,
417567,P,2000-08-16,7219,1,81.41,1.50,,
417568,P,2001-12-28,89498,7,62.98,3.07,,
417569,P,2000-04-11,28034,9,17.02,2.01,,
417570,P,2002-03-09,56948,7,64.87,9.73,,
417571,P,2000-03-03,42300,7,87.93,2.35,,
417572,P,2000-04-18,9542,1,10.99,7.61,,
417573,P,2001-01-16,90325,9,59.01,3.38,,
417574,P,2002-08-22,36234,1,44.90,5.46,,
417575,P,2000-02-17,31773,6,82.72,4.61,,
417576,P,2002-09-10,70290,4,51.39,4.33,,
417577,P,2001-07-22,59496,1,41.06,7.26,,
417578,P,2002-02-13,65413,6,86.38,5.76,,
417579,P,2000-03-04,40000,3,43.15,1.04,,
417580,P,2000-11-07,57588,6,45.19,4.52,,
417581,P,2001-04-04,36611,4,97.45,3.25,,
417582,P,2000-10-14,44074,4,92.45,5.58,,
417583,P,2001-11-29,90703,3,67.96,2.31,,
417584,P,2000-11-15,47037,9,75.54,6.62,,
417585,P,2000-10-27,77580,4,28.88,7.61,,
417586,P,2000-12-06,16592,4,2.37,7.07,,
417587,P,2002-07-19,5827,2,13.73,1.74,,
417588,P,2001-02-13,28803,5,19.95,2.32,,
417589,P,2002-03-18,1692,6,67.26,0.26,,
417590,P,2001-04-04,53831,3,78.05,3.43,,
417591,P,2001-01-30,17189,2,91.63,6.87,,
417592,P,2001-12-06,4527,4,16.55,7.32,,
417593,P,2001-11-05,28315,3,74.92,0.38,,
417594,P,2001-08-21,18137,2,83.22,9.77,,
417595,P,2001-07-14,98195,4,74.71,4.22,,
417596,P,2000-02-15,85272,6,91.76,4.44,,
417597,P,2002-09-14,76170,10,55.78,6.45,,
417598,P,2001-05-21,72443,10,59.21,7.83,,
417599,P,2000-12-21,33788,2,88.94,0.93,,
417600,P,2001-12-07,14425,6,62.20,3.56,,
417601,P,2001-05-08,69284,1,21.03,8.50,,
417602,P,2001-09-10,66158,6,17.42,6.98,,
417603,P,2002-01-31,60664,8,83.43,5.23,,
417604,P,2002-03-25,60724,4,31.41,6.22,,
417605,P,2000-06-04,69312,10,79.89,0.82,,
417606,P,2000-10-12,11823,8,11.84,8.42,,
417607,P,2001-07-02,74850,2,3.79,7.66,,
417608,P,2001-02-23,98085,3,46.96,7.80,,
417609,P,2002-01-01,12103,7,82.22,8.08,,
417610,P,2000-09-10,95527,2,15.42,5.65,,
417611,P,2000-09-15,40052,5,61.83,4.91,,
417612,P,2000-10-21,43329,4,65.43,2.08,,
417613,P,2002-01-14,75586,9,99.25,1.97,,
417614,P,2001-10-29,24263,2,42.74,3.09,,
417615,P,2001-08-17,10109,5,38.16,1.69,,
417616,P,2002-08-29,10413,5,34.05,8.14,,
417617,P,2002-04-16,87253,3,53.69,2.12,,
417618,P,2001-07-17,66151,6,32.80,5.27,,
417619,P,2002-06-29,98116,5,65.58,7.56,,
417620,P,2001-11-29,30124,8,59.88,6.75,,
417621,P,2000-09-22,34398,2,75.70,6.55,,
417622,P,2000-06-04,57277,8,31.68,2.26,,
417623,P,2002-02-25,9555,3,94.59,9.48,,
417624,P,2001-01-12,58682,2,42.12,4.02,,
417625,P,2000-05-16,597,5,58.33,9.82,,
417626,P,2002-01-02,656,6,37.60,4.87,,
417627,P,2001-10-10,10538,7,30.88,3.31,,
417628,P,2000-04-07,67407,5,18.58,6.27,,
417629,P,2000-02-13,21322,3,10.61,3.62,,
417630,P,2001-12-01,58476,2,64.11,2.24,,
417631,P,2001-01-14,99314,6,1.69,2.00,,
417632,P,2001-03-23,21959,5,94.37,9.44,,
417633,P,2001-02-10,89273,10,54.65,6.14,,
417634,P,2001-02-12,24324,1,78.28,6.81,,
417635,P,2000-04-12,37446,2,70.65,6.22,,
417636,P,2000-06-06,22860,8,76.22,5.58,,
417637,P,2001-03-29,81718,2,81.24,9.27,,
417638,P,2000-09-07,89719,8,0.11,5.02,,
417639,P,2000-10-15,3882,2,38.35,8.60,,
417640,P,2000-01-21,42146,6,18.73,7.46,,
417641,P,2001-03-02,85349,7,10.39,5.06,,
417642,P,2002-07-18,51956,7,53.11,6.29,,
417643,P,2000-05-28,18839,10,77.01,2.45,,
417644,P,2000-04-12,89206,7,23.25,5.92,,
417645,P,2001-05-23,47023,7,37.51,4.00,,
417646,P,2000-04-01,45405,6,41.41,1.51,,
417647,P,2000-11-09,74136,7,49.40,3.20,,
417648,P,2001-02-23,41936,7,54.93,2.78,,
417649,P,2001-04-24,4398,3,93.14,5.20,,
417650,P,2000-02-03,3371,10,57.05,7.57,,
417651,P,2001-03-24,44471,2,34.13,6.15,,
417652,P,2000-03-03,50947,8,1.38,2.21,,
417653,P,2002-06-07,43136,2,48.06,6.20,,
417654,P,2000-02-08,1157,4,91.43,6.73,,
417655,P,2000-05-17,45662,4,6.05,0.61,,
417656,P,2002-04-06,20995,4,45.62,3.39,,
417657,P,2002-06-12,87946,3,2.51,5.08,,
417658,P,2000-10-18,15674,7,74.46,7.63,,
417659,P,2001-01-23,42223,9,2.93,9.54,,
417660,P,2001-05-28,34759,1,74.41,2.18,,
417661,P,2002-09-11,76430,10,86.61,4.45,,
417662,P,2002-03-07,48052,1,32.60,9.27,,
417663,P,2001-03-23,64247,1,33.82,6.21,,
417664,P,2001-03-02,16651,10,0.02,8.88,,
417665,P,2001-04-18,95564,6,93.78,5.64,,
417666,P,2000-03-28,66960,9,51.77,2.34,,
417667,P,2002-09-11,73113,10,12.53,2.93,,
417668,P,2001-09-30,88596,5,50.34,2.99,,
417669,P,2000-12-26,83402,4,59.36,8.82,,
417670,P,2002-06-22,36425,7,51.48,6.67,,
417671,P,2002-05-09,23604,4,28.33,7.90,,
417672,P,2000-03-31,32955,5,58.58,3.65,,
417673,P,2000-05-03,6366,5,96.77,8.33,,
417674,P,2001-06-24,3740,6,21.87,4.69,,
417675,P,2002-06-21,46941,4,58.74,9.05,,
417676,P,2000-08-30,28827,1,20.06,8.23,,
417677,P,2001-07-31,3039,5,57.04,0.24,,
417678,P,2001-11-21,23368,9,14.04,9.19,,
417679,P,2001-02-06,61588,9,77.98,9.28,,
417680,P,2001-07-23,11948,4,21.70,1.57,,
417681,P,2001-05-11,30600,4,84.90,0.67,,
417682,P,2000-11-11,4169,5,42.92,7.20,,
417683,P,2002-05-05,18917,9,34.25,8.17,,
417684,P,2001-06-14,45900,6,3.95,4.73,,
417685,P,2000-10-19,18222,1,34.75,4.18,,
417686,P,2001-08-27,52074,1,14.90,7.15,,
417687,P,2000-03-13,69448,9,25.27,1.76,,
417688,P,2001-01-13,92849,1,98.64,2.62,,
417689,P,2001-03-31,44397,8,10.05,1.63,,
417690,P,2002-08-11,98787,3,29.67,5.26,,
417691,P,2002-08-04,23214,7,55.10,4.16,,
417692,P,2001-07-02,90066,1,84.61,8.76,,
417693,P,2000-08-26,38898,6,19.05,2.17,,
417694,P,2001-10-23,11770,3,4.31,9.26,,
417695,P,2000-01-11,39884,7,30.52,5.02,,
417696,P,2002-02-10,42984,8,68.76,8.09,,
417697,P,2002-01-12,82384,1,15.07,3.54,,
417698,P,2002-01-07,83250,2,24.80,2.99,,
417699,P,2002-09-01,56618,7,30.49,8.47,,
417700,P,2001-09-02,2686,6,52.92,3.49,,
417701,P,2000-11-30,29185,4,21.10,1.73,,
417702,P,2002-02-21,18817,4,30.57,6.60,,
417703,P,2001-05-14,60191,3,6.89,6.53,,
417704,P,2002-04-02,28337,4,72.20,4.25,,
417705,P,2002-05-28,70799,6,7.50,0.35,,
417706,P,2001-10-06,36624,4,82.20,5.76,,
417707,P,2002-01-15,9976,6,23.06,9.10,,
417708,P,2000-12-23,32926,4,35.12,7.42,,
417709,P,2000-12-25,79472,2,39.68,2.69,,
417710,P,2002-01-18,28776,4,21.71,8.19,,
417711,P,2000-02-01,45805,7,10.10,5.51,,
417712,P,2001-02-16,52176,7,76.44,7.60,,
417713,P,2001-11-17,42353,5,6.57,8.54,,
417714,P,2001-01-01,5267,9,87.05,2.25,,
417715,P,2000-02-09,13963,8,45.95,4.57,,
417716,P,2001-10-15,67498,10,59.83,1.93,,
417717,P,2002-06-17,59308,3,11.63,0.49,,
417718,P,2002-03-30,5390,1,83.08,7.71,,
417719,P,2000-10-05,70853,5,0.08,5.57,,
417720,P,2002-09-03,26766,2,9.56,3.50,,
417721,P,2000-08-03,31207,5,90.46,2.85,,
417722,P,2002-05-27,22337,4,60.97,5.47,,
417723,P,2002-03-08,26256,2,96.79,0.43,,
417724,P,2000-08-19,45184,5,18.58,8.18,,
417725,P,2002-06-22,86620,3,56.83,5.55,,
417726,P,2002-04-29,30215,3,87.41,3.72,,
417727,P,2001-04-09,98719,10,30.55,8.25,,
417728,P,2000-01-04,3635,1,78.11,6.17,,
417729,P,2000-11-21,28428,4,49.71,4.11,,
417730,P,2002-02-17,38050,1,8.14,7.92,,
417731,P,2002-06-13,14615,1,46.59,8.40,,
417732,P,2001-01-29,84005,8,27.57,7.27,,
417733,P,2002-03-28,95302,6,77.86,2.04,,
417734,P,2002-05-16,3969,6,14.98,9.09,,
417735,P,2001-12-25,64429,8,86.16,5.98,,
417736,P,2002-07-26,72445,6,29.79,8.70,,
417737,P,2000-05-23,7864,6,38.62,0.04,,
417738,P,2000-08-31,12871,9,40.91,0.83,,
417739,P,2001-05-18,98818,6,40.12,3.56,,
417740,P,2001-01-20,78417,8,99.79,9.90,,
417741,P,2001-01-25,48502,10,50.74,3.62,,
417742,P,2002-07-16,1236,6,86.54,8.61,,
417743,P,2001-03-12,36329,8,42.22,5.70,,
417744,P,2001-09-03,49533,5,80.60,1.72,,
417745,P,2002-05-20,21095,3,10.62,4.71,,
417746,P,2001-03-08,84269,7,51.10,7.09,,
417747,P,2000-12-21,17084,1,17.07,0.60,,
417748,P,2002-04-26,49813,5,0.17,3.54,,
417749,P,2001-12-04,43293,2,91.56,3.01,,
417750,P,2002-07-01,35130,2,80.90,7.51,,
417751,P,2000-01-11,41498,3,69.11,1.50,,
417752,P,2000-03-23,86860,5,38.95,0.25,,
417753,P,2002-07-24,63424,1,80.63,8.13,,
417754,P,2000-09-24,61586,2,8.38,8.61,,
417755,P,2002-05-20,94537,9,71.22,9.76,,
417756,P,2002-03-20,40719,6,65.60,8.96,,
417757,P,2002-04-28,45078,3,54.82,9.73,,
417758,P,2002-02-20,27318,9,55.50,5.91,,
417759,P,2000-02-17,41348,8,95.49,4.71,,
417760,P,2001-08-06,78744,1,53.86,0.87,,
417761,P,2002-03-14,51266,5,22.09,7.49,,
417762,P,2001-05-10,79572,5,23.47,8.13,,
417763,P,2002-07-25,4681,9,29.07,0.49,,
417764,P,2001-08-05,41596,8,50.96,0.17,,
417765,P,2001-05-05,98669,10,42.45,3.13,,
417766,P,2000-11-11,23729,7,81.78,0.20,,
417767,P,2002-07-25,34135,7,71.95,6.56,,
417768,P,2001-07-23,20347,6,34.64,5.03,,
417769,P,2001-06-20,2970,6,16.05,4.86,,
417770,P,2002-07-17,17931,5,81.13,4.06,,
417771,P,2000-04-09,12825,8,11.74,4.86,,
417772,P,2000-01-24,26675,8,30.51,9.86,,
417773,P,2002-09-10,18364,2,42.89,3.21,,
417774,P,2000-05-02,87505,4,60.67,3.75,,
417775,P,2000-03-18,50150,2,36.21,7.51,,
417776,P,2000-09-14,63434,1,56.98,3.11,,
417777,P,2002-08-07,48273,9,88.42,6.23,,
417778,P,2002-08-18,61323,10,87.59,6.65,,
417779,P,2002-07-17,98838,3,70.54,4.01,,
417780,P,2001-01-16,87295,10,73.99,1.52,,
417781,P,2002-02-26,55022,6,26.44,3.25,,
417782,P,2002-06-08,9210,7,68.34,3.92,,
417783,P,2000-01-14,50346,9,61.03,0.47,,
417784,P,2000-06-08,65553,10,47.67,5.31,,
417785,P,2000-05-20,57352,2,92.49,5.69,,
417786,P,2001-07-04,8958,3,17.24,4.94,,
417787,P,2001-10-29,99518,5,95.08,8.84,,
417788,P,2000-01-01,45152,10,20.91,0.35,,
417789,P,2000-05-27,2688,10,24.26,0.46,,
417790,P,2000-06-06,91060,2,22.52,5.93,,
417791,P,2002-02-10,64480,2,85.00,1.66,,
417792,P,2002-05-03,93882,4,54.07,4.09,,
417793,P,2001-02-16,29751,1,51.45,6.24,,
417794,P,2001-09-13,28052,2,99.23,7.78,,
417795,P,2000-08-30,5956,5,14.66,5.41,,
417796,P,2002-05-20,95878,2,51.22,9.08,,
417797,P,2002-04-16,88030,8,42.35,4.59,,
417798,P,2000-10-26,78698,7,7.71,9.24,,
417799,P,2001-04-09,63163,2,7.47,2.92,,
417800,P,2001-05-01,79116,3,60.61,4.65,,
417801,P,2000-07-28,96183,4,16.88,1.08,,
417802,P,2000-11-18,80812,1,5.32,6.97,,
417803,P,2000-01-20,78036,7,70.96,4.83,,
417804,P,2000-05-29,88009,1,52.23,6.43,,
417805,P,2000-01-02,90247,7,48.24,2.13,,
417806,P,2002-02-07,51497,6,57.68,1.78,,
417807,P,2000-04-18,31073,3,20.30,8.85,,
417808,P,2001-06-14,90495,4,71.84,0.87,,
417809,P,2000-08-09,14821,5,81.59,8.94,,
417810,P,2002-07-23,74883,1,21.03,3.86,,
417811,P,2002-06-30,64205,7,15.56,9.11,,
417812,P,2002-08-03,3295,3,63.99,4.59,,
417813,P,2002-04-02,14047,10,32.97,8.89,,
417814,P,2002-06-29,48175,10,69.86,9.11,,
417815,P,2001-01-21,49812,8,4.29,1.17,,
417816,P,2001-04-15,64504,9,69.55,3.93,,
417817,P,2001-01-17,4134,9,19.45,6.29,,
417818,P,2002-06-21,78045,10,94.39,1.39,,
417819,P,2000-06-14,29682,1,19.65,1.67,,
417820,P,2002-03-15,84402,3,96.34,2.83,,
417821,P,2001-08-27,60427,5,62.03,7.65,,
417822,P,2001-08-04,95740,7,29.22,5.89,,
417823,P,2000-12-07,65068,5,25.11,2.50,,
417824,P,2001-06-08,15817,5,63.38,9.01,,
417825,P,2000-12-04,99113,6,68.84,9.61,,
417826,P,2001-07-10,58331,10,68.75,0.99,,
417827,P,2002-05-02,66647,8,65.68,5.24,,
417828,P,2002-01-25,16142,10,42.98,7.73,,
417829,P,2002-08-28,15582,3,54.37,0.93,,
417830,P,2000-10-15,12290,2,20.02,6.90,,
417831,P,2000-05-27,39025,9,75.19,7.37,,
417832,P,2001-01-08,58552,9,48.69,3.11,,
417833,P,2002-06-25,16648,5,25.53,3.31,,
417834,P,2002-04-10,78003,6,79.46,0.86,,
417835,P,2000-01-13,41982,8,8.93,9.84,,
417836,P,2000-10-03,71298,9,6.42,0.91,,
417837,P,2000-11-02,56303,10,36.15,3.73,,
417838,P,2000-12-21,96148,7,40.14,3.72,,
417839,P,2002-07-04,97006,5,13.40,7.40,,
417840,P,2000-08-11,32635,5,17.98,2.20,,
417841,P,2002-03-22,29410,9,14.54,2.25,,
417842,P,2000-08-13,79567,8,10.58,5.68,,
417843,P,2002-09-20,3769,7,72.37,2.75,,
417844,P,2002-04-03,89222,10,24.78,2.56,,
417845,P,2000-03-15,70090,9,20.21,2.07,,
417846,P,2000-03-04,89048,1,26.17,4.09,,
417847,P,2002-03-14,60844,9,74.29,0.91,,
417848,P,2000-06-11,21181,8,80.08,8.80,,
417849,P,2002-08-31,3123,8,91.33,4.19,,
417850,P,2001-10-19,25993,5,53.04,9.05,,
417851,P,2001-12-20,5690,4,73.93,8.20,,
417852,P,2000-07-08,60042,7,81.22,7.52,,
417853,P,2000-05-25,5566,3,66.53,9.42,,
417854,P,2000-08-02,55847,1,56.71,7.29,,
417855,P,2001-12-18,20707,7,88.03,9.90,,
417856,P,2002-08-20,91338,2,62.01,6.65,,
417857,P,2001-09-12,645,3,55.49,7.27,,
417858,P,2000-07-05,36852,9,55.24,8.82,,
417859,P,2001-11-25,62344,5,75.73,5.26,,
417860,P,2000-01-15,75204,10,3.54,3.38,,
417861,P,2002-08-31,77906,2,67.28,8.89,,
417862,P,2001-07-08,51186,2,83.32,9.99,,
417863,P,2001-07-16,62698,9,52.10,7.78,,
417864,P,2000-08-01,31335,8,0.20,7.25,,
417865,P,2001-06-20,24039,3,12.33,5.88,,
417866,P,2002-06-14,12309,4,74.47,4.06,,
417867,P,2000-06-25,89350,5,62.85,0.64,,
417868,P,2002-01-24,43248,7,87.92,9.56,,
417869,P,2001-10-30,1974,9,7.75,9.72,,
417870,P,2000-10-21,18101,7,81.34,9.75,,
417871,P,2000-05-31,41530,9,43.95,7.39,,
417872,P,2000-12-23,48206,7,12.21,8.99,,
417873,P,2002-01-28,1556,8,99.05,3.93,,
417874,P,2001-12-07,14988,8,41.29,6.05,,
417875,P,2002-08-10,70259,3,33.64,1.67,,
417876,P,2000-10-13,73984,2,31.88,9.03,,
417877,P,2000-06-02,82853,8,48.55,8.67,,
417878,P,2001-01-28,94265,3,55.11,2.57,,
417879,P,2002-03-06,7622,5,55.39,9.97,,
417880,P,2002-04-02,20204,7,55.07,8.07,,
417881,P,2000-09-10,78517,9,65.19,6.06,,
417882,P,2001-06-22,31704,10,95.11,0.21,,
417883,P,2000-06-02,45387,10,21.49,4.13,,
417884,P,2002-09-09,17749,4,41.54,1.87,,
417885,P,2001-04-29,43837,9,36.54,8.31,,
417886,P,2001-01-02,10924,10,57.76,1.38,,
417887,P,2002-09-17,8562,1,79.75,0.94,,
417888,P,2001-12-01,14309,2,17.65,3.79,,
417889,P,2000-01-29,59359,7,78.93,4.59,,
417890,P,2000-12-25,93989,7,51.57,8.10,,
417891,P,2000-07-30,201,10,51.78,7.51,,
417892,P,2001-11-04,95805,6,21.52,3.09,,
417893,P,2000-10-13,78679,8,72.32,4.14,,
417894,P,2001-02-18,44487,7,76.66,8.61,,
417895,P,2001-09-14,81040,7,8.85,8.12,,
417896,P,2000-02-03,55020,9,25.69,2.89,,
417897,P,2000-06-30,55436,5,14.73,2.10,,
417898,P,2000-04-30,49942,8,92.21,1.25,,
417899,P,2002-03-29,5956,5,24.87,2.19,,
417900,P,2002-03-13,12150,5,5.98,5.22,,
417901,P,2000-10-25,15110,2,78.55,6.67,,
417902,P,2002-03-08,27636,5,23.34,9.42,,
417903,P,2001-06-15,73504,8,14.50,7.92,,
417904,P,2001-04-28,52541,6,85.49,2.87,,
417905,P,2000-07-06,1141,5,4.78,3.86,,
417906,P,2002-01-11,17007,5,1.90,3.14,,
417907,P,2001-01-02,71657,10,89.63,7.17,,
417908,P,2001-01-05,98489,10,98.32,7.50,,
417909,P,2000-08-20,57832,1,82.65,7.63,,
417910,P,2000-05-31,27532,7,85.20,2.51,,
417911,P,2002-09-06,56547,7,80.25,7.17,,
417912,P,2000-11-02,60614,6,86.16,9.82,,
417913,P,2002-03-12,93684,9,95.39,1.52,,
417914,P,2000-02-23,59539,3,52.69,9.19,,
417915,P,2002-09-18,26276,4,60.71,0.16,,
417916,P,2001-12-12,82433,9,23.74,2.86,,
417917,P,2001-02-01,42476,2,33.56,2.87,,
417918,P,2002-08-20,94808,8,49.84,4.76,,
417919,P,2000-12-27,20247,4,28.35,6.58,,
417920,P,2000-11-19,95411,9,37.87,3.96,,
417921,P,2001-04-17,27133,2,29.57,3.25,,
417922,P,2002-03-11,22945,3,32.49,0.44,,
417923,P,2001-08-20,77757,5,56.06,0.07,,
417924,P,2001-08-02,43812,7,93.75,0.80,,
417925,P,2001-11-15,55706,8,53.64,8.90,,
417926,P,2002-07-24,51425,9,69.29,3.02,,
417927,P,2001-03-11,71527,3,75.80,9.18,,
417928,P,2001-04-22,76208,7,24.16,5.53,,
417929,P,2001-10-24,63924,2,47.51,3.12,,
417930,P,2000-04-20,97760,8,9.80,6.31,,
417931,P,2001-07-14,95592,4,1.55,1.47,,
417932,P,2001-09-06,25068,7,55.34,1.49,,
417933,P,2002-08-31,10818,9,11.81,7.60,,
417934,P,2000-04-17,3198,7,1.09,6.42,,
417935,P,2002-06-25,52747,3,83.59,0.42,,
417936,P,2000-08-05,62419,10,12.34,4.42,,
417937,P,2000-10-27,26151,4,30.96,4.53,,
417938,P,2002-04-09,69466,3,39.32,3.24,,
417939,P,2000-10-20,14441,9,87.40,8.25,,
417940,P,2002-04-17,20853,1,16.64,4.10,,
417941,P,2000-02-16,59037,5,58.43,6.01,,
417942,P,2002-05-06,60953,1,3.68,8.33,,
417943,P,2002-08-04,58436,6,7.94,4.92,,
417944,P,2001-08-03,20201,10,27.66,9.96,,
417945,P,2001-11-19,41981,3,86.03,8.28,,
417946,P,2002-03-20,48723,1,34.62,1.78,,
417947,P,2000-04-13,99488,2,86.74,8.42,,
417948,P,2001-07-22,67318,10,57.42,6.31,,
417949,P,2002-01-17,40499,7,11.04,8.91,,
417950,P,2001-08-17,16973,10,19.23,1.70,,
417951,P,2002-08-19,69307,3,69.34,2.04,,
417952,P,2000-11-18,41988,3,29.74,9.03,,
417953,P,2001-07-03,61376,8,27.53,2.49,,
417954,P,2000-03-11,1123,8,47.68,4.92,,
417955,P,2002-07-03,93802,5,71.69,2.85,,
417956,P,2001-12-17,91680,6,8.51,9.30,,
417957,P,2002-06-04,3169,5,99.18,2.08,,
417958,P,2001-09-27,15470,7,59.80,8.23,,
417959,P,2002-01-24,85129,1,60.19,6.19,,
417960,P,2001-06-10,10839,6,91.07,6.68,,
417961,P,2001-11-11,41971,5,1.36,7.68,,
417962,P,2001-12-19,95931,9,77.03,1.51,,
417963,P,2000-10-05,35331,3,99.69,4.79,,
417964,P,2000-04-27,57413,5,14.35,3.98,,
417965,P,2001-07-24,97254,2,98.55,8.75,,
417966,P,2000-06-23,51889,8,54.20,3.57,,
417967,P,2000-08-28,88354,10,5.88,9.34,,
417968,P,2002-09-16,38955,10,11.77,4.92,,
417969,P,2002-01-07,51148,9,56.88,1.91,,
417970,P,2000-03-29,25767,7,39.85,0.17,,
417971,P,2001-01-28,94439,9,51.40,9.80,,
417972,P,2000-03-10,44633,4,65.50,8.40,,
417973,P,2000-12-02,60443,1,18.88,2.83,,
417974,P,2000-01-04,72864,10,25.22,7.90,,
417975,P,2000-02-02,86989,2,60.44,2.56,,
417976,P,2000-08-10,90182,10,46.09,9.10,,
417977,P,2001-09-02,24388,6,86.90,8.31,,
417978,P,2000-09-04,38790,4,91.38,6.15,,
417979,P,2000-07-02,22273,5,99.09,8.35,,
417980,P,2001-01-04,23866,7,43.40,2.16,,
417981,P,2000-08-24,71890,10,45.20,5.89,,
417982,P,2001-02-27,28681,1,88.71,1.58,,
417983,P,2000-11-01,2474,10,57.44,6.98,,
417984,P,2001-07-08,57319,8,72.45,8.59,,
417985,P,2000-12-22,2318,6,98.70,1.82,,
417986,P,2000-11-11,53939,1,59.54,0.83,,
417987,P,2001-10-03,33021,8,14.55,9.11,,
417988,P,2001-09-09,72253,9,48.82,0.37,,
417989,P,2001-10-10,30404,7,22.11,5.62,,
417990,P,2000-08-08,31758,5,41.85,8.45,,
417991,P,2000-03-07,58957,4,77.06,1.65,,
417992,P,2001-08-17,89904,10,37.75,7.00,,
417993,P,2002-03-26,7393,9,73.11,2.23,,
417994,P,2001-06-06,97069,5,69.00,6.08,,
417995,P,2000-01-29,87297,1,99.10,3.32,,
417996,P,2001-09-12,8454,7,0.86,8.00,,
417997,P,2000-03-08,43678,6,40.04,4.65,,
417998,P,2000-09-14,273,1,9.48,7.92,,
417999,P,2002-07-20,76533,5,62.59,5.15,,
418000,P,2001-02-10,87554,4,87.19,3.54,,
418001,P,2001-01-23,49231,6,22.32,7.97,,
418002,P,2000-01-11,28662,6,97.68,9.36,,
418003,P,2001-08-10,21917,3,64.85,7.98,,
418004,P,2001-08-20,22675,8,85.48,3.88,,
418005,P,2000-10-09,53334,2,63.72,9.47,,
418006,P,2001-05-08,35930,10,88.20,9.44,,
418007,P,2001-01-17,12182,5,63.24,1.42,,
418008,P,2000-02-16,52808,10,49.95,7.87,,
418009,P,2002-06-19,37209,7,93.69,5.22,,
418010,P,2000-05-05,39872,1,44.83,2.37,,
418011,P,2002-08-05,55274,9,52.89,3.12,,
418012,P,2000-03-05,31843,4,76.63,0.62,,
418013,P,2002-06-02,17673,5,4.15,1.40,,
418014,P,2002-05-29,91273,4,1.79,1.54,,
418015,P,2002-09-07,5083,6,67.68,5.01,,
418016,P,2001-10-24,13069,4,39.96,9.35,,
418017,P,2000-03-25,82502,10,42.06,1.32,,
418018,P,2000-09-22,62418,3,32.46,4.76,,
418019,P,2000-07-30,56031,2,63.61,7.91,,
418020,P,2002-02-01,86865,10,70.94,6.62,,
418021,P,2002-02-06,93506,5,32.51,1.43,,
418022,P,2002-04-06,75106,1,60.44,9.72,,
418023,P,2001-09-24,17125,3,48.01,1.68,,
418024,P,2002-09-02,35351,3,95.61,9.75,,
418025,P,2000-07-06,31960,10,30.31,3.81,,
418026,P,2000-01-07,36194,6,73.42,8.74,,
418027,P,2000-04-30,62879,5,72.25,5.20,,
418028,P,2001-09-27,82082,1,14.79,1.02,,
418029,P,2002-05-30,62727,8,16.71,2.68,,
418030,P,2001-02-15,79886,1,81.10,3.22,,
418031,P,2000-06-13,2058,1,74.06,5.04,,
418032,P,2001-04-24,16655,5,94.45,2.17,,
418033,P,2001-03-01,77211,9,94.02,6.50,,
418034,P,2000-08-05,85070,7,55.21,4.12,,
418035,P,2001-10-03,15560,6,84.20,9.20,,
418036,P,2001-05-01,15650,8,15.61,4.79,,
418037,P,2002-07-17,6429,5,56.10,2.26,,
418038,P,2001-11-13,14583,6,91.00,9.02,,
418039,P,2002-01-07,50926,10,68.63,8.72,,
418040,P,2000-10-06,1992,6,50.56,3.03,,
418041,P,2001-05-03,97146,10,47.66,4.37,,
418042,P,2001-11-05,7114,6,56.71,7.75,,
418043,P,2001-04-12,39803,4,23.27,7.32,,
418044,P,2002-04-26,5581,2,16.78,2.28,,
418045,P,2001-12-28,62931,5,11.19,9.70,,
418046,P,2001-05-12,74166,10,63.36,5.46,,
418047,P,2002-01-30,37871,5,75.00,5.68,,
418048,P,2000-05-25,76953,6,25.47,5.32,,
418049,P,2001-08-13,63566,1,8.49,8.17,,
418050,P,2002-09-12,61092,5,68.86,6.67,,
418051,P,2000-11-01,88976,4,19.78,1.24,,
418052,P,2001-08-30,43605,7,96.08,7.17,,
418053,P,2000-01-15,7597,4,2.57,0.02,,
418054,P,2001-02-24,78543,7,88.81,1.24,,
418055,P,2000-08-21,79517,5,35.73,9.76,,
418056,P,2000-04-11,28348,5,48.71,6.61,,
418057,P,2000-08-22,70902,4,71.05,8.31,,
418058,P,2002-09-04,78726,9,59.87,7.35,,
418059,P,2002-07-26,722,10,7.76,4.49,,
418060,P,2000-08-23,48737,2,72.26,5.58,,
418061,P,2002-01-25,14266,4,99.43,0.11,,
418062,P,2000-11-06,49592,4,50.97,7.02,,
418063,P,2000-09-28,50723,4,12.48,4.60,,
418064,P,2002-02-09,83429,5,80.85,6.95,,
418065,P,2000-10-12,77071,4,5.77,7.95,,
418066,P,2001-04-20,22803,10,53.99,0.84,,
418067,P,2000-01-01,73588,2,62.49,3.99,,
418068,P,2000-08-13,24890,6,76.95,0.27,,
418069,P,2001-12-09,89779,3,58.60,8.77,,
418070,P,2002-06-04,61819,2,18.49,8.77,,
418071,P,2001-06-26,83708,10,77.91,7.58,,
418072,P,2000-08-08,75928,6,79.64,0.07,,
418073,P,2000-10-05,90946,3,60.23,4.92,,
418074,P,2002-09-14,14127,4,9.64,0.90,,
418075,P,2000-12-28,79362,8,92.68,3.81,,
418076,P,2000-09-21,50073,6,0.38,8.49,,
418077,P,2002-09-26,90740,5,50.77,1.24,,
418078,P,2000-05-17,73703,9,16.91,4.68,,
418079,P,2002-01-22,47608,2,68.79,9.85,,
418080,P,2001-12-04,69368,1,19.35,3.67,,
418081,P,2002-07-05,98866,9,38.13,8.37,,
418082,P,2000-05-14,90765,4,63.20,9.11,,
418083,P,2000-05-11,12423,6,12.17,0.49,,
418084,P,2000-09-13,89797,3,1.25,6.29,,
418085,P,2001-04-14,6217,8,7.81,4.13,,
418086,P,2001-02-27,25732,3,25.54,9.17,,
418087,P,2000-10-10,99195,3,89.87,2.69,,
418088,P,2000-11-05,38625,3,9.57,2.43,,
418089,P,2002-03-10,78440,7,16.06,8.25,,
418090,P,2001-09-22,32547,3,58.22,0.22,,
418091,P,2001-06-19,61469,8,87.35,9.40,,
418092,P,2000-09-10,91999,7,48.03,3.92,,
418093,P,2002-05-03,75689,3,22.24,3.51,,
418094,P,2002-08-28,16268,9,32.92,5.39,,
418095,P,2002-03-02,11833,10,31.74,8.87,,
418096,P,2002-09-17,3172,1,77.59,8.42,,
418097,P,2001-01-27,1390,2,24.03,4.98,,
418098,P,2001-09-29,49138,8,5.92,7.66,,
418099,P,2000-10-22,52762,7,53.29,3.47,,
418100,P,2002-05-13,69931,4,18.81,1.32,,
418101,P,2002-09-22,48881,5,17.09,6.48,,
418102,P,2002-02-17,42958,4,30.54,4.81,,
418103,P,2000-09-21,14321,3,19.24,0.98,,
418104,P,2001-07-15,84958,6,26.10,7.70,,
418105,P,2001-03-30,24751,3,76.43,3.78,,
418106,P,2000-09-11,67045,9,85.35,2.12,,
418107,P,2000-11-10,53674,1,54.14,6.85,,
418108,P,2001-11-23,64910,9,16.24,7.96,,
418109,P,2000-04-15,65243,10,33.74,9.26,,
418110,P,2000-10-12,23471,10,60.58,8.90,,
418111,P,2002-07-29,87986,3,73.12,7.96,,
418112,P,2001-05-13,31988,6,14.18,9.52,,
418113,P,2002-02-06,33309,6,91.54,9.83,,
418114,P,2002-05-22,89658,10,37.79,6.05,,
418115,P,2002-06-30,98001,4,77.68,2.56,,
418116,P,2000-10-21,36970,7,50.17,2.39,,
418117,P,2002-05-14,3515,5,34.00,2.33,,
418118,P,2001-05-31,98014,9,5.23,4.22,,
418119,P,2002-08-30,56457,2,48.25,1.10,,
418120,P,2000-05-17,40974,6,75.70,0.27,,
418121,P,2002-05-02,69456,7,25.19,3.27,,
418122,P,2002-02-11,8536,10,54.15,7.17,,
418123,P,2000-05-28,50063,7,83.86,3.40,,
418124,P,2002-04-26,46851,5,29.66,0.92,,
418125,P,2002-02-11,9147,4,39.47,4.27,,
418126,P,2001-05-23,33290,2,74.52,1.25,,
418127,P,2000-08-01,80713,2,34.70,3.70,,
418128,P,2001-11-26,55947,8,81.62,7.61,,
418129,P,2002-04-27,91237,7,89.47,0.49,,
418130,P,2001-09-19,37559,10,14.45,5.05,,
418131,P,2001-07-24,37464,10,98.21,0.72,,
418132,P,2000-08-09,88974,6,29.58,2.93,,
418133,P,2000-02-23,70149,1,11.68,5.33,,
418134,P,2000-02-24,5248,1,88.68,1.86,,
418135,P,2000-10-10,3603,9,4.20,2.64,,
418136,P,2001-07-16,3810,5,69.33,3.44,,
418137,P,2002-05-31,96696,5,46.01,4.95,,
418138,P,2002-06-23,82066,4,90.08,9.11,,
418139,P,2002-07-13,27931,2,61.22,9.46,,
418140,P,2001-09-18,99637,7,88.50,1.72,,
418141,P,2000-11-01,51552,1,22.90,2.11,,
418142,P,2002-01-14,48232,8,23.45,1.94,,
418143,P,2001-06-14,93248,4,15.10,1.15,,
418144,P,2002-05-12,25800,6,31.62,8.41,,
418145,P,2000-05-24,91051,8,68.59,2.52,,
418146,P,2001-11-24,75485,5,74.56,8.02,,
418147,P,2002-02-23,21388,1,89.21,4.58,,
418148,P,2001-01-31,29380,5,38.34,3.60,,
418149,P,2000-08-30,25289,4,89.21,9.32,,
418150,P,2002-01-02,9418,2,18.36,2.14,,
418151,P,2000-08-21,43727,1,31.24,6.63,,
418152,P,2000-07-19,28118,8,70.42,0.51,,
418153,P,2000-08-30,15807,2,22.90,0.71,,
418154,P,2002-06-03,51277,8,40.21,7.37,,
418155,P,2001-07-29,29460,8,31.03,9.74,,
418156,P,2002-07-06,33575,6,38.89,4.53,,
418157,P,2001-04-10,64765,8,62.44,10.00,,
418158,P,2001-06-26,60262,10,31.47,10.00,,
418159,P,2000-04-14,87879,7,8.01,0.63,,
418160,P,2002-01-21,95648,3,90.13,3.35,,
418161,P,2001-02-05,16450,4,79.58,3.96,,
418162,P,2000-11-06,1913,5,98.52,9.93,,
418163,P,2000-08-13,11575,10,28.15,4.50,,
418164,P,2002-05-27,94725,9,10.39,7.57,,
418165,P,2000-12-01,94196,8,4.80,6.27,,
418166,P,2000-02-10,48044,6,40.35,7.89,,
418167,P,2001-05-25,2218,7,87.81,1.38,,
418168,P,2000-05-29,94386,5,8.59,9.72,,
418169,P,2000-10-20,15606,5,66.78,4.99,,
418170,P,2000-04-06,11585,6,84.49,9.56,,
418171,P,2002-09-11,36809,10,22.11,3.33,,
418172,P,2000-02-21,41864,8,63.55,4.02,,
418173,P,2002-04-06,89715,7,24.64,0.07,,
418174,P,2001-11-06,43451,5,34.61,0.08,,
418175,P,2002-06-09,55897,10,97.90,6.99,,
418176,P,2000-06-24,14092,9,85.42,3.53,,
418177,P,2001-12-05,25707,6,90.71,5.61,,
418178,P,2001-05-19,62236,6,21.97,8.95,,
418179,P,2001-07-14,87564,2,64.12,1.47,,
418180,P,2001-04-23,18680,3,27.86,8.21,,
418181,P,2001-07-24,66163,1,85.35,2.55,,
418182,P,2002-02-15,96079,5,85.84,5.34,,
418183,P,2000-04-13,59523,10,42.03,7.41,,
418184,P,2000-12-09,80751,7,91.05,8.29,,
418185,P,2001-11-01,4885,5,50.18,8.35,,
418186,P,2002-09-26,68342,5,85.19,7.35,,
418187,P,2001-11-18,47228,6,6.72,6.14,,
418188,P,2001-05-16,52581,8,96.12,0.55,,
418189,P,2000-03-10,58345,5,16.31,5.67,,
418190,P,2002-04-22,90140,8,29.55,0.50,,
418191,P,2002-01-06,71389,2,79.09,9.27,,
418192,P,2001-03-10,2393,2,36.40,9.84,,
418193,P,2002-03-17,16152,8,7.31,1.36,,
418194,P,2002-05-02,93474,2,78.35,9.59,,
418195,P,2001-06-28,95577,9,56.80,7.11,,
418196,P,2002-06-14,74385,10,46.54,1.83,,
418197,P,2001-04-19,30317,9,38.38,6.29,,
418198,P,2000-11-08,97780,4,67.01,5.41,,
418199,P,2001-01-13,87059,10,5.43,0.36,,
418200,P,2000-10-09,88198,1,78.84,3.02,,
418201,P,2001-03-04,64203,10,67.00,4.91,,
418202,P,2002-05-21,85276,2,30.20,2.96,,
418203,P,2001-02-01,63933,4,62.27,1.21,,
418204,P,2000-04-16,54645,8,58.42,9.11,,
418205,P,2001-07-09,52614,2,97.82,0.65,,
418206,P,2000-01-16,59943,3,45.63,8.91,,
418207,P,2000-11-08,83843,9,3.72,4.81,,
418208,P,2000-01-06,5225,5,35.43,7.01,,
418209,P,2000-02-19,43249,5,50.47,8.52,,
418210,P,2001-12-08,81566,2,64.93,5.17,,
418211,P,2001-11-23,63664,5,7.27,6.36,,
418212,P,2001-08-27,2592,9,73.79,1.42,,
418213,P,2000-04-08,81712,7,40.40,1.72,,
418214,P,2002-04-17,80577,5,95.90,5.79,,
418215,P,2001-03-12,66145,4,87.16,0.76,,
418216,P,2001-10-12,59260,1,15.50,4.89,,
418217,P,2000-04-11,44235,4,19.46,0.72,,
418218,P,2002-05-28,90054,1,94.25,8.99,,
418219,P,2000-01-16,95636,6,12.58,7.69,,
418220,P,2000-12-04,35193,1,74.22,9.65,,
418221,P,2001-08-24,31220,10,92.87,5.70,,
418222,P,2002-07-14,85586,3,98.19,5.49,,
418223,P,2001-07-22,73483,6,38.85,7.38,,
418224,P,2000-02-25,86096,5,72.15,4.66,,
418225,P,2000-05-29,78137,2,90.82,4.92,,
418226,P,2001-01-25,10070,10,67.89,3.93,,
418227,P,2001-09-12,37446,2,73.37,5.19,,
418228,P,2000-02-17,43239,4,25.67,7.74,,
418229,P,2001-07-03,33286,6,69.88,0.54,,
418230,P,2002-09-06,44970,9,18.91,7.40,,
418231,P,2000-08-18,29884,7,89.54,1.96,,
418232,P,2001-05-06,50348,7,23.59,4.13,,
418233,P,2000-05-02,92672,7,89.80,0.75,,
418234,P,2001-02-16,71300,10,11.00,4.43,,
418235,P,2000-01-21,27171,2,27.65,2.41,,
418236,P,2001-01-15,32088,10,6.65,8.68,,
418237,P,2002-02-20,5042,2,79.37,2.55,,
418238,P,2001-01-21,47942,10,58.66,8.74,,
418239,P,2002-02-16,51737,9,91.48,3.77,,
418240,P,2002-04-29,34008,7,81.45,5.30,,
418241,P,2002-05-26,88787,10,60.23,8.06,,
418242,P,2002-03-25,37070,5,87.60,6.40,,
418243,P,2002-05-08,46926,3,53.42,5.06,,
418244,P,2000-01-24,2412,3,35.03,7.51,,
418245,P,2001-11-28,89001,8,85.84,7.80,,
418246,P,2000-05-12,99664,8,75.79,1.58,,
418247,P,2000-02-05,36881,6,54.51,1.35,,
418248,P,2001-10-31,96340,10,0.90,9.10,,
418249,P,2000-05-30,11445,5,13.29,2.25,,
418250,P,2001-02-02,30646,3,82.34,7.36,,
418251,P,2000-02-26,57443,10,10.56,1.73,,
418252,P,2001-07-18,50069,2,10.91,6.09,,
418253,P,2000-09-08,16541,5,40.77,8.97,,
418254,P,2001-10-04,44411,1,85.78,4.74,,
418255,P,2000-07-18,38388,3,89.57,4.41,,
418256,P,2002-09-11,26311,8,50.11,0.32,,
418257,P,2000-08-12,95081,9,51.45,7.30,,
418258,P,2002-07-22,21971,1,70.01,8.09,,
418259,P,2001-08-31,8367,8,68.19,1.60,,
418260,P,2001-12-08,83163,5,98.04,6.17,,
418261,P,2002-08-15,70380,1,97.03,3.58,,
418262,P,2001-04-29,44182,10,72.73,0.20,,
418263,P,2001-06-20,29779,2,97.71,2.62,,
418264,P,2000-08-26,98049,10,80.03,6.10,,
418265,P,2001-06-26,67247,9,14.52,0.11,,
418266,P,2001-05-28,52187,1,73.24,6.32,,
418267,P,2002-03-23,52819,5,37.20,9.69,,
418268,P,2000-05-18,43569,1,87.37,9.33,,
418269,P,2002-04-14,8526,7,65.59,2.54,,
418270,P,2002-02-24,98010,10,4.98,4.78,,
418271,P,2000-01-12,9729,2,76.79,6.67,,
418272,P,2000-06-23,66560,10,23.88,4.14,,
418273,P,2002-08-02,85294,6,30.44,3.62,,
418274,P,2002-04-21,99893,6,76.49,5.58,,
418275,P,2001-01-08,2973,4,18.37,7.92,,
418276,P,2000-09-04,41182,4,49.77,3.16,,
418277,P,2000-08-17,53780,4,90.06,0.66,,
418278,P,2001-08-29,37590,2,21.76,3.45,,
418279,P,2001-08-24,42103,10,89.43,5.95,,
418280,P,2002-04-21,94199,3,7.23,7.16,,
418281,P,2001-10-23,5746,4,54.14,9.68,,
418282,P,2001-11-15,73274,4,48.46,6.82,,
418283,P,2001-08-03,84769,6,41.16,7.14,,
418284,P,2002-08-04,9158,4,34.42,3.84,,
418285,P,2001-04-18,33289,6,19.72,1.31,,
418286,P,2001-07-26,29800,9,47.71,0.17,,
418287,P,2002-03-10,94161,10,65.76,8.69,,
418288,P,2000-03-06,22755,8,28.81,3.67,,
418289,P,2002-09-16,43787,6,91.55,9.64,,
418290,P,2001-06-07,98787,9,10.12,9.03,,
418291,P,2002-05-21,96259,1,10.03,9.32,,
418292,P,2000-09-06,1848,4,9.92,0.90,,
418293,P,2002-02-19,9300,2,0.86,8.53,,
418294,P,2002-03-08,69525,1,12.12,5.12,,
418295,P,2002-04-02,33624,2,20.62,9.50,,
418296,P,2000-08-02,72854,5,32.12,7.31,,
418297,P,2001-06-23,37492,10,85.81,7.90,,
418298,P,2001-08-27,85622,2,44.52,7.89,,
418299,P,2002-02-03,88572,7,17.47,9.90,,
418300,P,2000-11-16,33364,4,97.02,1.43,,
418301,P,2001-11-15,3735,1,68.37,4.92,,
418302,P,2001-04-27,59735,1,59.59,0.36,,
418303,P,2000-05-22,68048,1,65.66,1.71,,
418304,P,2000-06-17,36462,9,11.43,9.64,,
418305,P,2000-03-22,35716,6,70.37,5.34,,
418306,P,2001-10-03,73828,7,29.13,9.06,,
418307,P,2001-02-09,98156,6,64.66,9.54,,
418308,P,2001-04-12,82980,1,21.27,0.51,,
418309,P,2002-01-14,72692,5,57.89,9.17,,
418310,P,2002-05-02,480,1,88.95,4.43,,
418311,P,2000-04-03,14802,7,97.31,4.96,,
418312,P,2002-07-16,36523,1,7.66,2.58,,
418313,P,2001-05-07,41882,2,89.04,1.70,,
418314,P,2000-11-23,21931,4,32.50,9.62,,
418315,P,2001-09-24,28843,6,86.55,0.65,,
418316,P,2000-03-24,40659,3,95.61,5.29,,
418317,P,2001-09-05,82741,2,72.50,3.18,,
418318,P,2002-01-23,36391,6,78.17,4.85,,
418319,P,2002-03-21,18323,5,77.66,4.87,,
418320,P,2000-12-25,71019,1,80.49,6.62,,
418321,P,2001-05-03,41731,10,74.51,7.27,,
418322,P,2001-07-20,64377,2,8.89,9.53,,
418323,P,2002-02-10,75796,3,74.07,7.88,,
418324,P,2000-03-20,63228,8,25.48,3.18,,
418325,P,2001-11-25,4107,4,12.10,2.65,,
418326,P,2002-01-06,47166,10,7.90,1.05,,
418327,P,2002-07-31,36052,5,4.45,7.89,,
418328,P,2000-03-07,98506,3,30.12,4.75,,
418329,P,2001-02-11,90508,10,6.71,9.41,,
418330,P,2002-05-30,49751,4,63.12,1.18,,
418331,P,2001-11-20,29513,3,32.96,9.68,,
418332,P,2002-06-22,7564,10,65.08,5.96,,
418333,P,2002-03-10,83848,6,50.31,2.82,,
418334,P,2000-04-23,37504,1,4.19,4.51,,
418335,P,2002-01-19,35512,3,60.74,1.35,,
418336,P,2000-12-30,73568,1,94.04,6.35,,
418337,P,2000-07-20,23776,5,1.85,9.51,,
418338,P,2000-01-12,20954,8,69.33,5.74,,
418339,P,2001-10-17,28681,4,53.15,4.66,,
418340,P,2002-08-03,48170,5,45.16,5.32,,
418341,P,2002-04-20,60910,2,66.12,3.49,,
418342,P,2001-12-05,5977,10,28.19,2.73,,
418343,P,2000-06-20,78257,8,89.74,8.62,,
418344,P,2000-09-08,96822,8,67.42,4.21,,
418345,P,2000-04-22,27836,3,46.67,3.01,,
418346,P,2001-12-07,29688,9,75.24,4.61,,
418347,P,2000-02-09,51116,6,27.85,5.72,,
418348,P,2001-12-03,3140,6,63.46,3.43,,
418349,P,2002-01-11,22266,10,28.26,5.67,,
418350,P,2002-08-20,33151,7,41.44,6.83,,
418351,P,2000-10-25,62057,5,81.46,7.89,,
418352,P,2002-03-06,11929,1,19.42,5.23,,
418353,P,2000-09-11,37258,8,78.74,1.95,,
418354,P,2000-10-22,50785,5,96.79,1.80,,
418355,P,2001-05-06,99814,5,4.45,6.56,,
418356,P,2000-01-20,398,6,6.61,1.46,,
418357,P,2000-01-03,25903,7,93.83,2.06,,
418358,P,2002-03-09,21309,4,38.60,7.33,,
418359,P,2000-02-22,71961,9,28.79,7.58,,
418360,P,2000-11-11,32399,6,54.63,0.38,,
418361,P,2000-03-15,76746,6,59.58,6.92,,
418362,P,2001-06-24,61016,1,28.12,4.60,,
418363,P,2002-01-04,6023,6,46.59,3.06,,
418364,P,2000-05-31,95470,7,47.53,8.05,,
418365,P,2002-03-14,83096,10,19.96,6.89,,
418366,P,2002-01-09,21845,3,91.20,0.66,,
418367,P,2002-07-07,5571,9,81.91,3.70,,
418368,P,2000-04-06,82918,1,54.00,0.96,,
418369,P,2002-06-29,95527,3,92.77,7.52,,
418370,P,2000-11-21,11745,4,26.87,9.93,,
418371,P,2001-02-01,29604,3,32.53,3.38,,
418372,P,2000-07-28,69639,8,87.85,4.73,,
418373,P,2001-11-06,76641,3,26.55,3.30,,
418374,P,2002-09-03,59726,4,76.20,7.20,,
418375,P,2001-09-17,38328,7,47.01,2.53,,
418376,P,2001-12-12,62634,8,40.39,3.31,,
418377,P,2000-03-03,75908,7,35.29,0.67,,
418378,P,2001-03-11,2835,1,35.10,4.93,,
418379,P,2001-09-08,50671,10,21.43,9.09,,
418380,P,2001-12-23,90308,9,58.95,2.15,,
418381,P,2001-07-09,54700,8,1.70,9.42,,
418382,P,2000-12-13,21249,4,17.14,7.15,,
418383,P,2000-08-31,29283,9,46.65,5.79,,
418384,P,2002-06-29,94770,8,52.12,5.43,,
418385,P,2002-01-01,53123,8,4.99,5.50,,
418386,P,2000-04-04,76225,8,33.02,9.76,,
418387,P,2001-09-02,55267,4,96.15,1.79,,
418388,P,2002-08-13,59234,7,90.49,8.08,,
418389,P,2000-06-03,63292,7,34.40,6.63,,
418390,P,2000-12-31,45137,10,88.73,3.80,,
418391,P,2000-07-23,7291,9,35.15,7.99,,
418392,P,2000-06-08,5918,7,24.47,1.66,,
418393,P,2001-03-21,61501,9,3.89,6.65,,
418394,P,2000-12-11,22511,7,50.08,1.70,,
418395,P,2001-02-19,36992,1,82.17,8.12,,
418396,P,2001-08-07,6339,2,63.71,8.05,,
418397,P,2000-06-18,32608,6,55.08,6.03,,
418398,P,2001-12-24,44693,4,59.44,5.97,,
418399,P,2000-03-23,23425,6,92.21,2.75,,
418400,P,2000-03-04,70759,7,96.37,8.68,,
418401,P,2002-02-18,82144,4,59.33,9.26,,
418402,P,2000-12-28,99142,4,71.58,0.32,,
418403,P,2001-04-21,32171,5,27.92,5.64,,
418404,P,2001-12-07,59087,3,20.29,6.32,,
418405,P,2000-07-13,73094,4,71.08,3.77,,
418406,P,2001-02-06,32,8,33.79,9.94,,
418407,P,2000-09-18,78686,7,78.24,6.55,,
418408,P,2000-12-27,23187,8,48.45,7.90,,
418409,P,2002-01-22,77915,1,56.38,7.39,,
418410,P,2000-03-02,63072,5,13.95,0.94,,
418411,P,2001-05-03,71288,5,54.23,1.31,,
418412,P,2000-10-08,45373,9,99.88,8.42,,
418413,P,2001-05-13,39177,2,44.16,9.96,,
418414,P,2001-12-01,84497,3,43.61,3.96,,
418415,P,2000-12-16,61794,8,2.83,9.70,,
418416,P,2001-03-28,33265,10,81.30,9.80,,
418417,P,2001-06-25,90053,10,59.10,8.05,,
418418,P,2000-06-02,30653,10,77.77,1.86,,
418419,P,2001-05-25,74226,6,78.84,6.08,,
418420,P,2000-07-26,49840,8,81.91,3.99,,
418421,P,2000-08-29,38296,4,42.18,5.11,,
418422,P,2001-06-25,80085,5,19.77,1.16,,
418423,P,2001-03-02,76804,10,6.89,4.67,,
418424,P,2002-09-25,57481,5,98.70,4.84,,
418425,P,2001-08-02,34226,2,86.00,2.96,,
418426,P,2000-03-26,56634,3,53.71,0.02,,
418427,P,2000-08-12,41158,9,59.07,5.33,,
418428,P,2001-10-21,15115,2,7.49,9.33,,
418429,P,2000-02-24,42965,6,98.38,5.14,,
418430,P,2000-07-09,22655,9,48.97,7.34,,
418431,P,2001-09-26,63855,2,85.20,7.17,,
418432,P,2001-09-25,28161,9,52.54,5.84,,
418433,P,2001-09-24,48427,9,49.98,9.07,,
418434,P,2001-10-24,1894,4,40.11,1.95,,
418435,P,2001-05-12,38544,10,21.28,3.97,,
418436,P,2002-07-25,94953,7,40.65,1.19,,
418437,P,2001-11-25,29723,3,39.73,5.17,,
418438,P,2000-10-24,95929,2,71.86,3.48,,
418439,P,2001-12-01,7109,8,90.83,5.76,,
418440,P,2000-02-01,64457,10,26.93,5.31,,
418441,P,2001-04-13,70873,6,54.39,2.24,,
418442,P,2001-02-11,93519,4,28.33,1.42,,
418443,P,2001-03-27,53264,10,93.85,8.55,,
418444,P,2001-02-24,35483,10,60.35,3.06,,
418445,P,2001-10-22,33508,5,0.85,6.77,,
418446,P,2001-02-20,34455,10,37.47,3.59,,
418447,P,2001-04-07,63504,5,90.43,2.55,,
418448,P,2002-02-15,69676,3,92.45,2.20,,
418449,P,2000-07-04,93856,5,13.85,4.04,,
418450,P,2001-07-01,16541,8,54.36,7.72,,
418451,P,2001-12-20,7738,7,14.04,8.99,,
418452,P,2002-01-13,57603,3,67.92,5.35,,
418453,P,2000-05-16,37205,10,63.83,1.85,,
418454,P,2002-07-26,57368,4,53.39,3.93,,
418455,P,2000-03-31,61303,2,61.27,6.40,,
418456,P,2001-01-10,36953,6,45.52,9.34,,
418457,P,2001-05-20,98503,10,39.11,4.52,,
418458,P,2001-06-21,18855,8,95.01,2.98,,
418459,P,2000-04-21,32522,7,56.20,4.82,,
418460,P,2000-11-17,68831,7,38.93,9.42,,
418461,P,2000-02-14,39458,6,90.28,4.37,,
418462,P,2001-08-24,80295,5,62.06,6.07,,
418463,P,2001-10-14,30886,5,44.75,0.18,,
418464,P,2002-05-12,72362,1,51.53,4.64,,
418465,P,2001-04-07,95104,4,43.54,8.11,,
418466,P,2000-11-18,81542,2,6.33,5.03,,
418467,P,2000-05-20,29163,6,92.92,9.76,,
418468,P,2002-01-25,2188,2,5.56,6.68,,
418469,P,2000-11-15,65139,6,16.90,6.59,,
418470,P,2001-06-15,22597,7,63.07,6.34,,
418471,P,2001-03-11,97396,10,61.38,1.31,,
418472,P,2001-03-01,61852,8,59.33,6.99,,
418473,P,2000-10-14,11462,8,18.86,6.14,,
418474,P,2001-01-21,18404,3,16.91,5.37,,
418475,P,2000-04-13,6070,2,93.52,2.65,,
418476,P,2000-10-10,94289,3,13.50,9.96,,
418477,P,2002-01-01,58820,2,5.56,0.51,,
418478,P,2002-02-04,46630,3,87.03,5.20,,
418479,P,2000-01-23,70443,9,37.84,7.75,,
418480,P,2001-01-25,96629,3,26.09,8.14,,
418481,P,2000-07-21,79546,2,53.06,7.35,,
418482,P,2000-06-21,17535,6,63.26,0.62,,
418483,P,2000-01-24,15135,7,99.61,9.43,,
418484,P,2001-04-04,73247,6,9.96,6.30,,
418485,P,2000-02-07,33168,3,0.42,2.78,,
418486,P,2001-10-31,1445,7,31.95,4.54,,
418487,P,2000-03-21,31111,4,47.55,8.02,,
418488,P,2002-01-12,66128,2,7.76,8.56,,
418489,P,2000-12-23,51930,5,45.76,9.71,,
418490,P,2001-06-09,1665,2,77.75,1.22,,
418491,P,2001-07-16,56753,10,61.10,6.57,,
418492,P,2002-08-25,19051,5,0.48,5.46,,
418493,P,2000-12-20,80390,7,40.57,0.41,,
418494,P,2001-05-14,73897,9,92.43,7.39,,
418495,P,2002-01-28,55545,7,39.80,2.19,,
418496,P,2001-11-03,14446,10,38.44,3.91,,
418497,P,2000-02-09,46927,2,75.64,4.10,,
418498,P,2000-10-16,32437,6,7.21,1.78,,
418499,P,2001-06-28,77013,5,86.11,0.37,,
418500,P,2000-06-23,97265,7,88.64,9.20,,
418501,P,2002-02-23,43587,2,64.36,5.58,,
418502,P,2002-03-14,95532,3,81.58,0.79,,
418503,P,2000-12-31,8229,8,13.57,3.79,,
418504,P,2002-06-18,75339,9,87.06,9.08,,
418505,P,2002-07-09,35681,5,19.40,1.09,,
418506,P,2002-05-09,76755,4,1.50,4.86,,
418507,P,2000-02-24,67003,10,99.39,4.06,,
418508,P,2002-05-13,37937,2,49.17,6.42,,
418509,P,2000-09-18,81203,3,17.34,2.02,,
418510,P,2001-06-21,97349,6,55.48,9.20,,
418511,P,2000-03-16,39778,4,7.60,9.64,,
418512,P,2000-01-19,40969,4,77.38,9.28,,
418513,P,2002-03-30,78473,9,0.96,9.03,,
418514,P,2000-09-06,43480,7,21.43,0.17,,
418515,P,2001-06-28,37342,1,15.19,0.08,,
418516,P,2000-10-15,92756,5,34.83,5.57,,
418517,P,2002-04-29,11981,8,97.05,0.63,,
418518,P,2000-11-06,11969,6,17.06,3.07,,
418519,P,2002-04-15,56288,8,23.58,4.50,,
418520,P,2001-12-03,91343,9,65.99,0.94,,
418521,P,2001-08-16,5207,10,45.41,0.01,,
418522,P,2001-02-06,65874,4,42.86,2.33,,
418523,P,2000-10-10,68200,2,42.12,2.61,,
418524,P,2000-05-11,77008,9,44.34,0.55,,
418525,P,2000-03-21,60894,7,78.83,6.06,,
418526,P,2001-05-05,69153,8,52.46,4.29,,
418527,P,2000-04-22,76862,5,24.46,1.41,,
418528,P,2002-05-26,20098,3,97.08,7.82,,
418529,P,2002-06-18,74871,8,62.57,5.12,,
418530,P,2002-03-31,25058,9,98.61,9.33,,
418531,P,2002-06-26,93725,7,58.35,5.07,,
418532,P,2000-05-14,38251,6,67.44,8.33,,
418533,P,2000-07-11,73744,10,72.20,9.13,,
418534,P,2002-04-20,32086,8,4.30,4.51,,
418535,P,2001-04-12,95601,8,6.89,3.59,,
418536,P,2001-01-23,10065,8,11.90,1.48,,
418537,P,2001-11-28,54041,4,79.21,5.09,,
418538,P,2000-04-06,50997,6,18.54,7.52,,
418539,P,2000-05-15,39833,7,72.52,1.73,,
418540,P,2002-08-12,80497,9,48.51,7.91,,
418541,P,2002-02-01,21631,7,33.64,1.09,,
418542,P,2001-05-08,91327,5,99.68,8.61,,
418543,P,2000-02-15,27940,3,61.99,4.46,,
418544,P,2001-04-01,66663,2,79.86,7.62,,
418545,P,2000-12-12,45176,5,73.78,0.15,,
418546,P,2001-10-25,31593,4,14.77,6.11,,
418547,P,2001-01-10,93631,8,20.68,7.00,,
418548,P,2002-05-29,70250,6,95.04,4.30,,
418549,P,2000-04-10,76616,6,88.24,5.25,,
418550,P,2000-07-10,6158,5,38.15,7.26,,
418551,P,2001-05-03,89392,8,44.48,0.61,,
418552,P,2000-03-10,95022,10,96.14,9.33,,
418553,P,2002-02-05,48914,2,31.04,9.06,,
418554,P,2000-10-14,53332,10,48.44,2.35,,
418555,P,2002-04-21,45928,8,15.46,2.86,,
418556,P,2001-08-28,25017,8,99.79,4.18,,
418557,P,2001-04-12,21993,7,94.20,4.05,,
418558,P,2002-03-06,34697,2,6.41,4.62,,
418559,P,2001-12-31,25859,5,29.60,2.45,,
418560,P,2002-02-23,90346,5,4.32,3.95,,
418561,P,2001-07-06,51934,10,88.86,1.80,,
418562,P,2002-07-22,83688,10,11.08,8.33,,
418563,P,2001-10-24,8083,5,38.70,5.76,,
418564,P,2000-12-23,77752,10,85.13,2.72,,
418565,P,2002-05-13,41684,5,41.10,6.73,,
418566,P,2002-08-09,35416,8,59.68,4.17,,
418567,P,2000-05-01,92492,5,30.93,6.33,,
418568,P,2000-06-01,16,8,83.37,4.72,,
418569,P,2000-01-21,61263,4,37.45,7.87,,
418570,P,2001-03-06,48183,8,40.74,5.61,,
418571,P,2000-08-11,81748,4,81.26,5.39,,
418572,P,2001-11-18,53626,5,91.96,7.69,,
418573,P,2000-06-15,48408,7,52.25,3.82,,
418574,P,2000-04-19,23999,3,80.34,9.36,,
418575,P,2001-02-12,30799,9,41.01,4.23,,
418576,P,2002-04-23,48959,2,20.68,7.09,,
418577,P,2000-11-28,16545,9,82.42,1.54,,
418578,P,2000-07-18,48324,10,91.47,7.44,,
418579,P,2002-06-22,99302,5,0.94,7.00,,
418580,P,2001-07-18,72482,4,42.76,4.39,,
418581,P,2002-05-06,1631,2,42.09,5.17,,
418582,P,2001-11-06,17102,1,29.20,5.93,,
418583,P,2002-05-18,23543,2,33.95,7.45,,
418584,P,2002-01-03,70117,6,32.61,8.73,,
418585,P,2001-09-28,32099,4,39.10,8.70,,
418586,P,2002-07-13,55083,4,80.65,5.43,,
418587,P,2000-03-27,97626,1,14.33,4.80,,
418588,P,2000-10-21,65628,1,51.08,9.08,,
418589,P,2001-01-13,85649,5,83.04,1.93,,
418590,P,2000-05-22,48569,10,89.47,7.65,,
418591,P,2002-02-19,4573,1,83.24,7.05,,
418592,P,2000-06-22,55667,6,40.22,4.11,,
418593,P,2000-10-08,61284,1,34.49,0.68,,
418594,P,2000-04-22,17423,9,4.66,0.33,,
418595,P,2002-04-16,46031,8,13.96,7.79,,
418596,P,2002-07-22,54602,9,18.76,5.57,,
