103331,P,2000-06-30,74589,1,72.63,9.04,,
103332,P,2001-01-02,89853,10,37.14,6.43,,
103333,P,2002-07-22,78790,7,72.10,1.90,,
103334,P,2002-05-23,31217,6,13.45,1.06,,
103335,P,2002-03-06,32684,3,65.65,7.94,,
103336,P,2002-04-17,35345,1,88.65,8.02,,
103337,P,2002-04-23,7926,3,24.52,8.42,,
103338,P,2002-04-25,20373,10,65.94,5.44,,
103339,P,2000-09-14,46702,8,92.29,3.93,,
103340,P,2000-03-18,4791,9,9.58,7.38,,
103341,P,2000-01-21,65126,6,29.46,4.70,,
103342,P,2000-09-24,61522,6,87.46,3.05,,
103343,P,2002-08-18,80209,10,77.41,2.72,,
103344,P,2001-06-22,99192,1,97.10,1.04,,
103345,P,2001-01-29,23492,9,94.40,8.58,,
103346,P,2002-08-24,62057,4,87.28,4.49,,
103347,P,2001-09-11,14370,6,11.23,4.04,,
103348,P,2000-11-03,23577,10,38.30,2.32,,
103349,P,2002-07-03,27584,4,48.88,9.30,,
103350,P,2001-07-07,22648,2,87.58,4.30,,
103351,P,2002-02-10,70494,6,34.72,6.60,,
103352,P,2002-03-01,22259,2,3.06,7.10,,
103353,P,2002-06-01,62943,2,21.67,2.72,,
103354,P,2000-07-06,50390,10,7.09,2.72,,
103355,P,2002-09-16,76162,8,20.74,3.39,,
103356,P,2001-11-14,57383,7,97.22,8.32,,
103357,P,2000-09-27,35053,8,45.52,5.03,,
103358,P,2000-03-12,18707,10,57.11,6.25,,
103359,P,2002-04-22,31641,4,89.05,6.99,,
103360,P,2000-03-22,24105,5,86.35,2.03,,
103361,P,2000-05-08,21256,8,0.97,5.46,,
103362,P,2002-02-22,50622,5,73.60,7.06,,
103363,P,2000-04-03,44763,6,21.91,0.04,,
103364,P,2000-07-14,7934,6,77.48,4.48,,
103365,P,2001-11-06,84138,3,23.60,9.18,,
103366,P,2001-05-01,4445,9,13.56,4.65,,
103367,P,2001-07-13,27152,2,86.52,0.94,,
103368,P,2001-07-01,39219,10,26.93,8.14,,
103369,P,2000-02-23,87576,5,7.60,1.34,,
103370,P,2000-01-18,51803,5,10.22,4.90,,
103371,P,2001-10-02,51307,5,73.92,4.52,,
103372,P,2002-03-19,35719,1,92.98,0.72,,
103373,P,2001-08-17,35829,9,59.91,7.82,,
103374,P,2001-04-16,84962,1,86.27,6.07,,
103375,P,2001-12-26,32593,1,99.61,8.76,,
103376,P,2002-01-13,2451,10,80.33,9.48,,
103377,P,2000-11-20,92243,7,48.31,6.57,,
103378,P,2002-02-11,77700,9,36.98,3.44,,
103379,P,2000-02-08,51895,5,61.47,6.35,,
103380,P,2002-08-05,75561,1,33.48,1.82,,
103381,P,2002-01-02,26393,9,70.92,6.92,,
103382,P,2002-03-03,4012,1,23.27,3.47,,
103383,P,2001-12-26,6112,10,80.22,8.49,,
103384,P,2002-08-19,38757,1,96.05,6.16,,
103385,P,2001-02-21,68139,7,38.48,5.80,,
103386,P,2002-06-12,57007,10,84.49,8.78,,
103387,P,2001-08-09,36812,4,13.24,5.01,,
103388,P,2000-07-01,27567,1,42.48,5.83,,
103389,P,2000-04-08,86804,2,99.75,4.82,,
103390,P,2002-04-08,5309,4,49.27,7.27,,
103391,P,2000-11-04,60764,5,66.58,4.01,,
103392,P,2001-01-02,19783,8,31.17,8.11,,
103393,P,2002-04-10,66107,1,51.44,2.42,,
103394,P,2000-08-29,36527,6,16.87,1.09,,
103395,P,2000-07-14,98708,2,64.47,6.02,,
103396,P,2001-04-28,87764,9,31.60,9.79,,
103397,P,2001-08-05,29726,7,12.08,4.49,,
103398,P,2000-01-07,22744,6,57.36,0.58,,
103399,P,2001-01-22,704,5,61.37,4.79,,
103400,P,2000-07-07,31007,2,82.64,3.46,,
103401,P,2001-05-14,73183,1,16.93,0.69,,
103402,P,2000-05-26,63509,6,61.13,4.34,,
103403,P,2001-03-08,8020,3,49.95,2.49,,
103404,P,2002-05-17,17410,8,81.00,5.30,,
103405,P,2000-03-02,8643,10,16.97,6.37,,
103406,P,2001-05-13,82388,1,72.10,4.00,,
103407,P,2002-06-11,50469,5,60.23,1.29,,
103408,P,2002-09-13,35129,9,11.83,6.57,,
103409,P,2000-12-20,88893,4,14.92,7.09,,
103410,P,2001-05-22,89177,8,53.79,0.47,,
103411,P,2002-02-17,25908,5,79.32,9.11,,
103412,P,2002-02-06,16441,7,12.64,5.62,,
103413,P,2000-11-17,2283,7,44.32,6.40,,
103414,P,2000-02-12,24817,1,68.47,4.59,,
103415,P,2002-08-16,48628,9,82.23,7.60,,
103416,P,2000-09-01,45153,5,35.97,4.02,,
103417,P,2000-09-02,68956,4,23.35,3.48,,
103418,P,2000-10-16,75896,3,11.63,8.20,,
103419,P,2000-01-15,91089,3,21.76,0.24,,
103420,P,2001-12-08,91978,10,64.84,5.05,,
103421,P,2002-08-12,92016,2,49.25,4.40,,
103422,P,2000-11-09,61502,10,30.40,8.21,,
103423,P,2002-01-29,68505,5,82.08,3.78,,
103424,P,2002-08-11,52573,10,45.65,7.80,,
103425,P,2001-02-16,18150,4,37.83,2.34,,
103426,P,2001-11-27,61420,2,69.11,5.61,,
103427,P,2002-09-09,11819,10,14.55,7.66,,
103428,P,2000-10-14,76458,8,43.36,7.63,,
103429,P,2002-03-26,55317,4,37.32,0.07,,
103430,P,2000-09-24,69340,6,65.58,9.34,,
103431,P,2000-10-15,8345,2,48.06,2.05,,
103432,P,2000-01-14,88715,6,35.12,2.18,,
103433,P,2000-09-19,10512,2,22.06,5.78,,
103434,P,2000-12-24,6218,4,40.70,9.71,,
103435,P,2001-01-14,38656,7,83.37,2.85,,
103436,P,2001-12-11,51221,4,22.11,7.08,,
103437,P,2002-01-18,28009,8,13.16,3.73,,
103438,P,2000-01-01,55990,6,31.80,5.98,,
103439,P,2001-02-03,80666,4,24.40,4.59,,
103440,P,2001-08-21,26158,7,59.01,9.87,,
103441,P,2001-12-29,96831,9,51.15,0.11,,
103442,P,2000-09-07,14725,3,88.57,1.91,,
103443,P,2000-01-04,24837,4,63.36,4.86,,
103444,P,2000-05-23,89114,7,78.26,2.91,,
103445,P,2002-01-22,96775,8,83.82,4.37,,
103446,P,2000-09-23,45943,5,17.95,5.91,,
103447,P,2001-01-22,58849,6,74.62,9.94,,
103448,P,2000-11-08,23851,8,73.42,4.43,,
103449,P,2001-09-11,91148,4,34.34,5.65,,
103450,P,2001-11-28,70727,5,96.67,8.63,,
103451,P,2000-02-01,14896,4,25.57,2.30,,
103452,P,2000-01-21,32110,9,9.29,9.49,,
103453,P,2000-02-10,26536,6,67.58,3.21,,
103454,P,2002-01-06,29344,8,59.91,4.54,,
103455,P,2001-01-03,9559,7,94.87,3.88,,
103456,P,2000-04-06,60307,3,19.11,4.65,,
103457,P,2002-03-27,45674,2,42.55,2.04,,
103458,P,2000-12-05,31486,10,95.15,2.84,,
103459,P,2001-08-07,95706,10,91.06,1.21,,
103460,P,2001-08-27,85190,3,67.15,4.42,,
103461,P,2001-04-12,43962,5,56.04,6.28,,
103462,P,2000-05-14,82259,4,66.01,9.59,,
103463,P,2001-07-05,34287,9,29.62,3.58,,
103464,P,2002-03-29,83774,4,98.26,5.09,,
103465,P,2000-10-02,94180,6,65.31,0.62,,
103466,P,2001-08-10,39960,5,58.44,6.87,,
103467,P,2000-03-26,12052,3,15.21,7.82,,
103468,P,2000-11-01,47655,7,27.53,6.29,,
103469,P,2001-12-23,79473,2,33.89,6.13,,
103470,P,2000-10-03,3127,6,77.45,8.62,,
103471,P,2001-06-12,22417,8,87.45,9.84,,
103472,P,2001-03-06,45365,10,65.35,2.23,,
103473,P,2000-08-15,75032,4,46.88,8.45,,
103474,P,2001-02-09,22629,4,48.06,8.44,,
103475,P,2001-12-25,7933,8,95.03,6.54,,
103476,P,2001-05-06,36228,2,65.13,10.00,,
103477,P,2000-07-17,73545,8,74.16,5.90,,
103478,P,2001-06-03,82122,10,76.73,2.89,,
103479,P,2000-01-01,71082,1,96.83,9.54,,
103480,P,2002-06-08,95929,2,71.24,1.40,,
103481,P,2000-06-24,20990,5,8.45,6.86,,
103482,P,2002-04-10,63550,6,4.21,8.54,,
103483,P,2002-06-19,77277,10,39.19,4.96,,
103484,P,2002-01-08,23062,6,11.48,9.95,,
103485,P,2002-03-10,86141,1,98.34,2.26,,
103486,P,2002-08-13,86322,5,75.43,5.22,,
103487,P,2000-05-17,26518,2,99.99,8.54,,
103488,P,2002-08-09,71701,5,31.68,1.88,,
103489,P,2001-08-02,41116,8,42.37,5.59,,
103490,P,2001-09-07,56006,9,46.80,2.71,,
103491,P,2001-11-07,77983,2,47.69,3.56,,
103492,P,2000-06-27,65125,3,14.31,4.81,,
103493,P,2000-01-21,99466,7,6.90,0.86,,
103494,P,2001-05-02,75393,10,61.80,7.52,,
103495,P,2001-07-29,53210,8,48.13,6.75,,
103496,P,2001-01-12,19793,3,92.08,9.15,,
103497,P,2001-07-19,72571,8,63.19,6.41,,
103498,P,2001-06-29,98352,1,6.32,0.68,,
103499,P,2000-06-12,98978,1,5.56,9.62,,
103500,P,2001-12-30,2232,5,56.82,2.90,,
103501,P,2001-06-26,3785,5,72.21,2.71,,
103502,P,2001-11-12,52752,2,15.44,8.85,,
103503,P,2002-09-20,18447,2,62.35,6.55,,
103504,P,2001-05-01,19572,7,73.68,1.40,,
103505,P,2001-03-22,99869,4,49.51,7.84,,
103506,P,2001-03-01,21944,7,9.41,5.18,,
103507,P,2000-08-15,59843,4,69.88,1.54,,
103508,P,2002-02-08,10773,1,40.36,4.41,,
103509,P,2001-02-04,74555,3,26.63,6.84,,
103510,P,2000-06-28,82740,8,31.97,2.69,,
103511,P,2001-09-09,41532,10,87.42,9.70,,
103512,P,2000-06-16,77881,10,31.52,9.71,,
103513,P,2002-06-22,87713,5,4.60,3.16,,
103514,P,2001-08-29,73309,6,6.65,8.34,,
103515,P,2001-09-21,25818,5,52.99,0.47,,
103516,P,2001-03-22,16745,2,50.17,7.52,,
103517,P,2001-01-08,41929,10,8.40,4.86,,
103518,P,2002-01-05,90140,1,30.18,2.67,,
103519,P,2000-04-08,32933,1,77.24,0.48,,
103520,P,2001-02-18,8070,8,25.09,1.41,,
103521,P,2002-03-26,53369,1,3.60,7.42,,
103522,P,2000-02-25,13024,7,35.53,7.61,,
103523,P,2000-03-18,28211,4,68.51,5.20,,
103524,P,2002-09-16,4320,3,64.07,9.98,,
103525,P,2002-07-20,23116,6,61.83,0.46,,
103526,P,2000-09-04,24009,5,45.64,5.21,,
103527,P,2002-03-20,56904,7,55.48,9.32,,
103528,P,2001-04-26,15629,10,41.55,6.81,,
103529,P,2002-05-16,68401,7,97.75,2.61,,
103530,P,2000-09-07,88749,4,85.40,0.21,,
103531,P,2001-09-22,99533,9,75.10,3.41,,
103532,P,2001-08-06,48685,7,74.59,1.97,,
103533,P,2001-02-12,50076,2,6.66,5.13,,
103534,P,2002-05-07,61718,3,36.41,2.60,,
103535,P,2000-07-13,42206,1,31.24,5.01,,
103536,P,2001-07-16,15918,4,50.53,0.22,,
103537,P,2001-03-11,94852,2,9.60,4.15,,
103538,P,2000-07-28,14454,4,41.22,2.91,,
103539,P,2001-06-11,96619,1,29.10,4.36,,
103540,P,2001-01-13,52228,5,8.77,2.32,,
103541,P,2000-05-24,30776,7,91.67,0.20,,
103542,P,2001-07-12,56937,10,54.33,5.29,,
103543,P,2002-05-10,7596,8,61.33,9.81,,
103544,P,2000-05-10,41306,7,40.55,8.90,,
103545,P,2000-09-26,14386,7,92.82,8.36,,
103546,P,2002-04-16,38926,2,43.22,5.14,,
103547,P,2002-04-21,54053,6,85.08,6.87,,
103548,P,2002-02-02,89055,10,92.06,1.49,,
103549,P,2000-02-24,74826,9,26.45,8.52,,
103550,P,2001-09-19,49489,6,46.27,3.27,,
103551,P,2000-12-17,73330,6,35.24,7.58,,
103552,P,2001-05-02,95613,1,22.59,2.64,,
103553,P,2001-08-19,72544,5,51.65,3.91,,
103554,P,2000-08-25,76390,5,40.96,1.69,,
103555,P,2001-04-13,32999,2,17.82,5.98,,
103556,P,2002-05-25,52933,7,78.53,0.47,,
103557,P,2000-01-03,11862,7,91.22,9.34,,
103558,P,2000-09-27,50293,4,75.78,5.99,,
103559,P,2000-01-06,65973,3,7.13,9.78,,
103560,P,2002-07-07,79373,9,6.67,8.34,,
103561,P,2002-09-03,11830,9,71.81,0.53,,
103562,P,2001-03-13,84503,1,43.88,8.49,,
103563,P,2001-05-07,96291,7,20.92,6.08,,
103564,P,2001-10-14,63942,4,57.61,0.33,,
103565,P,2000-12-30,35216,9,63.71,8.16,,
103566,P,2000-03-25,75599,4,86.98,8.96,,
103567,P,2001-05-18,35392,9,26.30,5.75,,
103568,P,2001-05-14,413,7,53.40,1.89,,
103569,P,2002-06-21,27659,2,50.78,5.86,,
103570,P,2001-02-06,41023,9,22.04,1.49,,
103571,P,2000-09-05,14626,5,8.30,7.48,,
103572,P,2000-07-28,58157,9,54.12,4.15,,
103573,P,2001-01-14,92276,5,48.83,5.61,,
103574,P,2000-08-31,76495,3,92.13,3.86,,
103575,P,2001-03-03,88363,1,2.64,1.85,,
103576,P,2002-06-04,42585,7,82.12,6.47,,
103577,P,2000-05-28,8138,4,33.87,6.29,,
103578,P,2001-08-25,86730,10,71.14,0.79,,
103579,P,2001-04-30,76256,7,97.75,2.56,,
103580,P,2001-08-04,31553,8,16.27,2.54,,
103581,P,2002-04-10,12553,2,7.19,1.50,,
103582,P,2001-10-09,23902,10,6.25,5.19,,
103583,P,2001-03-29,40283,6,37.07,9.90,,
103584,P,2001-05-01,27775,5,60.51,9.46,,
103585,P,2000-05-20,7926,10,43.14,2.34,,
103586,P,2002-02-09,35392,9,79.28,2.40,,
103587,P,2001-08-16,84053,1,66.07,6.18,,
103588,P,2002-02-09,10014,5,49.62,2.74,,
103589,P,2002-08-26,91974,6,54.43,7.59,,
103590,P,2001-03-29,65082,10,55.90,7.57,,
103591,P,2001-04-16,97864,10,68.33,1.62,,
103592,P,2000-11-06,86890,2,38.16,0.56,,
103593,P,2000-07-12,60817,9,53.00,5.61,,
103594,P,2001-01-11,11501,6,22.57,5.71,,
103595,P,2002-01-14,63499,8,94.09,3.16,,
103596,P,2000-05-13,87811,8,16.96,9.93,,
103597,P,2002-01-19,32549,9,73.96,2.00,,
103598,P,2002-05-24,47846,1,45.10,9.82,,
103599,P,2001-02-19,35172,3,75.22,2.62,,
103600,P,2002-04-16,60203,7,36.95,3.05,,
103601,P,2001-04-16,76237,10,24.54,4.27,,
103602,P,2000-12-10,49302,8,92.65,6.67,,
103603,P,2000-02-01,70629,2,47.40,8.68,,
103604,P,2001-08-11,39646,9,81.50,2.61,,
103605,P,2002-09-11,45970,5,92.91,9.11,,
103606,P,2002-01-07,48947,1,80.41,4.45,,
103607,P,2000-12-05,39801,5,10.36,4.37,,
103608,P,2002-02-21,83235,8,88.14,4.05,,
103609,P,2000-04-27,60232,5,28.19,2.27,,
103610,P,2001-04-04,69796,4,68.26,0.68,,
103611,P,2000-11-22,16316,1,39.54,6.82,,
103612,P,2002-03-17,54566,5,95.95,9.15,,
103613,P,2001-10-29,48538,4,13.45,4.99,,
103614,P,2001-01-04,48032,6,6.97,2.74,,
103615,P,2000-06-09,41292,9,59.13,0.72,,
103616,P,2000-02-12,47806,8,71.92,3.43,,
103617,P,2000-07-15,59560,1,52.74,9.17,,
103618,P,2001-08-06,31164,1,28.35,5.36,,
103619,P,2001-06-18,30432,8,64.44,3.37,,
103620,P,2002-05-27,53981,1,72.35,0.83,,
103621,P,2000-10-29,24380,7,0.19,5.93,,
103622,P,2002-04-10,61238,7,19.10,1.80,,
103623,P,2001-01-19,48774,9,1.30,8.61,,
103624,P,2001-11-08,97288,4,38.54,7.02,,
103625,P,2001-10-31,53476,10,28.22,2.58,,
103626,P,2000-01-16,94860,8,19.35,1.02,,
103627,P,2001-11-03,23443,9,61.61,0.50,,
103628,P,2000-05-04,30514,7,93.97,8.39,,
103629,P,2001-03-15,30441,10,87.75,7.40,,
103630,P,2000-02-18,95099,1,10.46,0.01,,
103631,P,2001-06-05,51102,8,61.39,1.17,,
103632,P,2000-11-14,40528,4,82.74,3.97,,
103633,P,2000-04-04,94829,7,51.90,3.47,,
103634,P,2000-06-02,54623,5,24.16,7.31,,
103635,P,2001-11-14,86971,9,11.33,2.66,,
103636,P,2002-05-04,80143,8,11.62,6.71,,
103637,P,2001-04-08,79927,7,26.55,7.64,,
103638,P,2001-04-19,4442,10,23.35,9.97,,
103639,P,2002-05-03,57415,9,22.69,5.57,,
103640,P,2000-05-11,63650,6,53.33,2.31,,
103641,P,2001-03-19,27005,10,94.59,1.07,,
103642,P,2001-10-16,67431,1,33.35,6.21,,
103643,P,2002-04-17,14434,1,98.60,1.67,,
103644,P,2001-11-08,62851,2,39.19,1.07,,
103645,P,2000-06-10,5487,3,94.85,5.27,,
103646,P,2000-12-09,48475,9,74.11,5.15,,
103647,P,2002-02-06,13790,4,0.10,3.42,,
103648,P,2002-04-17,43393,5,47.02,7.60,,
103649,P,2001-06-28,68294,5,58.84,8.51,,
103650,P,2000-05-16,56036,1,44.54,8.29,,
103651,P,2001-04-01,9338,10,44.74,8.75,,
103652,P,2001-05-31,10597,8,89.83,8.15,,
103653,P,2001-02-02,21299,9,48.67,7.56,,
103654,P,2000-03-10,22347,2,89.62,4.73,,
103655,P,2001-01-01,57620,4,87.62,9.90,,
103656,P,2002-01-15,96001,4,19.28,6.03,,
103657,P,2000-11-10,70768,9,3.53,3.55,,
103658,P,2001-04-19,77321,8,56.29,1.39,,
103659,P,2000-02-10,8584,2,97.53,5.45,,
103660,P,2002-09-13,65510,3,35.01,0.06,,
103661,P,2002-01-19,22278,9,7.26,8.23,,
103662,P,2002-03-27,17706,8,87.14,5.42,,
103663,P,2001-09-27,77764,8,45.60,3.87,,
103664,P,2002-01-15,85784,3,46.82,5.46,,
103665,P,2001-08-18,5380,9,35.52,8.15,,
103666,P,2002-08-23,55603,10,98.89,1.15,,
103667,P,2002-05-01,66493,4,51.56,0.22,,
103668,P,2002-05-14,31259,1,87.27,2.92,,
103669,P,2000-03-17,25824,4,62.83,3.52,,
103670,P,2002-01-20,6727,2,19.79,4.26,,
103671,P,2000-10-25,31687,1,50.29,5.93,,
103672,P,2000-10-12,57066,6,36.02,3.17,,
103673,P,2000-03-10,50013,8,8.80,7.60,,
103674,P,2002-05-09,37168,6,87.61,2.79,,
103675,P,2001-01-03,73383,5,27.56,4.47,,
103676,P,2002-07-19,87142,3,73.62,5.59,,
103677,P,2002-01-16,88086,7,12.15,3.17,,
103678,P,2001-02-08,15386,10,29.89,5.79,,
103679,P,2001-01-20,21909,8,63.23,5.36,,
103680,P,2002-03-01,36145,8,57.03,7.68,,
103681,P,2000-03-08,42756,10,74.43,4.06,,
103682,P,2001-06-22,98538,1,25.45,5.69,,
103683,P,2000-08-03,82667,9,49.78,1.16,,
103684,P,2001-05-19,63183,8,64.92,7.67,,
103685,P,2001-03-18,2641,3,90.96,4.11,,
103686,P,2000-03-06,61589,9,0.19,6.54,,
103687,P,2000-04-13,20333,1,91.86,4.76,,
103688,P,2001-08-24,45467,9,38.87,4.93,,
103689,P,2001-08-15,52444,7,26.29,0.35,,
103690,P,2002-08-26,8493,5,98.25,7.19,,
103691,P,2000-03-26,41336,3,45.61,2.89,,
103692,P,2000-01-21,43728,10,86.45,9.19,,
103693,P,2002-08-02,21357,1,10.46,9.40,,
103694,P,2000-12-09,94232,5,73.10,1.96,,
103695,P,2001-03-01,85473,4,7.74,0.12,,
103696,P,2000-04-09,47071,8,63.31,8.56,,
103697,P,2001-12-31,2124,6,48.42,4.98,,
103698,P,2002-08-02,71102,6,22.18,1.11,,
103699,P,2000-09-01,50723,7,91.70,2.31,,
103700,P,2001-11-12,43742,2,13.70,5.44,,
103701,P,2001-08-29,94360,4,11.04,7.56,,
103702,P,2001-09-08,90867,5,40.82,6.39,,
103703,P,2000-05-21,81353,5,38.98,3.15,,
103704,P,2001-09-24,72896,3,94.81,2.91,,
103705,P,2001-07-02,80450,9,23.05,1.89,,
103706,P,2001-02-21,49631,7,66.31,9.84,,
103707,P,2000-05-23,40042,3,64.90,5.24,,
103708,P,2000-04-05,52905,7,93.16,3.99,,
103709,P,2001-08-23,25123,2,83.18,4.05,,
103710,P,2002-06-02,50147,10,54.16,6.34,,
103711,P,2000-01-01,54881,4,15.95,9.74,,
103712,P,2000-07-23,3752,5,55.75,2.61,,
103713,P,2001-08-09,28478,10,96.54,3.08,,
103714,P,2001-06-24,32664,8,74.96,3.94,,
103715,P,2000-11-23,75379,9,87.20,3.24,,
103716,P,2002-09-01,32861,1,96.21,5.99,,
103717,P,2000-01-22,76818,2,57.05,5.82,,
103718,P,2001-10-15,58332,7,29.23,4.68,,
103719,P,2000-04-16,6425,2,34.74,6.83,,
103720,P,2000-06-29,63909,5,42.89,6.52,,
103721,P,2000-10-27,40762,6,53.56,3.31,,
103722,P,2000-02-05,67579,1,3.27,4.68,,
103723,P,2000-06-29,39387,8,84.56,3.93,,
103724,P,2000-08-17,98106,2,1.76,1.82,,
103725,P,2002-05-03,78530,6,81.13,2.12,,
103726,P,2001-10-03,59874,6,29.06,5.30,,
103727,P,2001-12-24,24775,7,58.02,2.89,,
103728,P,2000-03-20,99278,6,30.80,9.10,,
103729,P,2001-11-24,34928,5,91.91,5.58,,
103730,P,2001-12-12,96742,2,34.18,1.82,,
103731,P,2002-03-25,51712,8,73.14,2.65,,
103732,P,2002-02-16,73285,9,86.45,4.37,,
103733,P,2001-09-15,21405,1,85.37,7.38,,
103734,P,2002-07-25,30905,4,51.63,7.10,,
103735,P,2000-08-27,16937,4,35.31,9.68,,
103736,P,2000-02-21,61445,3,55.14,1.50,,
103737,P,2001-01-16,68921,2,20.13,0.97,,
103738,P,2001-06-02,77668,1,86.78,7.47,,
103739,P,2001-11-23,70771,2,52.66,8.99,,
103740,P,2000-06-08,29346,3,94.41,7.64,,
103741,P,2002-08-02,55408,6,35.99,1.65,,
103742,P,2000-07-28,13484,1,36.25,1.33,,
103743,P,2000-04-19,16507,8,80.91,3.67,,
103744,P,2002-03-02,29759,8,59.92,0.96,,
103745,P,2001-11-13,83376,4,7.32,3.38,,
103746,P,2001-07-26,32781,5,19.71,1.49,,
103747,P,2001-10-14,57721,10,93.76,6.04,,
103748,P,2000-02-13,25283,7,46.77,7.47,,
103749,P,2000-08-14,94106,5,47.55,7.05,,
103750,P,2000-09-05,70106,2,4.79,0.05,,
103751,P,2001-10-29,2901,2,35.15,7.56,,
103752,P,2000-11-13,13227,4,28.94,7.17,,
103753,P,2000-01-31,85994,4,68.24,9.63,,
103754,P,2000-09-03,98207,3,6.75,1.17,,
103755,P,2000-08-14,48601,3,8.63,6.16,,
103756,P,2002-06-22,22403,7,83.93,3.75,,
103757,P,2001-01-15,94599,4,26.97,8.49,,
103758,P,2001-08-08,11577,10,51.97,0.23,,
103759,P,2000-09-16,9707,6,82.82,5.90,,
103760,P,2000-11-30,21910,3,53.20,1.38,,
103761,P,2002-07-22,33014,1,58.19,5.91,,
103762,P,2002-01-06,22062,3,17.66,4.45,,
103763,P,2002-03-14,95538,8,9.87,6.70,,
103764,P,2002-06-25,85680,3,44.56,5.95,,
103765,P,2000-12-14,45961,10,64.89,9.49,,
103766,P,2002-03-03,72146,3,34.48,6.81,,
103767,P,2002-08-07,60627,4,52.23,2.51,,
103768,P,2002-05-09,73947,7,42.01,2.51,,
103769,P,2001-12-30,24724,4,53.59,2.40,,
103770,P,2000-10-01,78580,7,95.19,1.82,,
103771,P,2002-02-01,55122,4,2.72,7.50,,
103772,P,2000-08-16,45362,9,46.87,6.77,,
103773,P,2001-06-04,34241,7,27.40,9.69,,
103774,P,2000-02-19,8611,7,23.16,9.30,,
103775,P,2001-07-01,46739,4,67.75,1.24,,
103776,P,2002-01-18,86856,9,35.68,5.42,,
103777,P,2000-11-14,64223,2,90.93,8.19,,
103778,P,2000-01-03,45526,1,61.10,8.69,,
103779,P,2001-11-04,41793,10,77.98,5.55,,
103780,P,2001-10-12,48606,4,58.43,0.38,,
103781,P,2002-01-21,85783,2,19.52,6.44,,
103782,P,2001-01-21,14533,8,59.77,6.13,,
103783,P,2000-07-21,21828,9,8.19,6.80,,
103784,P,2000-02-18,24408,7,81.23,7.19,,
103785,P,2000-03-23,28636,5,42.41,0.04,,
103786,P,2001-09-07,81103,5,29.60,6.71,,
103787,P,2000-12-01,52589,3,61.42,7.58,,
103788,P,2001-11-09,87046,10,39.19,9.02,,
103789,P,2000-12-21,43974,4,62.07,7.98,,
103790,P,2001-08-28,69929,10,48.06,2.09,,
103791,P,2001-03-21,65196,4,11.47,3.73,,
103792,P,2002-08-17,2398,7,89.35,3.76,,
103793,P,2000-03-11,13,3,2.30,0.88,,
103794,P,2001-10-02,87376,4,13.63,4.42,,
103795,P,2001-04-04,7918,9,81.96,6.90,,
103796,P,2001-01-22,13125,1,28.66,2.53,,
103797,P,2001-08-08,49209,2,25.29,0.33,,
103798,P,2000-02-04,5825,8,55.93,8.44,,
103799,P,2002-03-07,22724,4,28.22,0.26,,
103800,P,2001-05-21,2922,9,3.81,9.33,,
103801,P,2000-09-15,71150,2,80.65,9.30,,
103802,P,2000-11-09,37960,8,43.27,5.23,,
103803,P,2001-03-20,14500,5,41.50,3.89,,
103804,P,2001-04-09,93773,2,31.46,1.97,,
103805,P,2002-07-21,3628,8,34.57,6.32,,
103806,P,2000-07-18,61033,6,62.01,7.10,,
103807,P,2001-06-08,79987,9,75.33,3.80,,
103808,P,2002-05-06,55702,7,61.85,9.26,,
103809,P,2002-01-27,63816,6,6.20,9.61,,
103810,P,2002-09-04,37249,4,22.56,5.12,,
103811,P,2000-04-01,58553,2,29.65,9.51,,
103812,P,2000-11-23,88410,2,37.05,9.74,,
103813,P,2001-04-12,93083,9,83.05,3.08,,
103814,P,2000-07-03,97710,3,90.65,8.57,,
103815,P,2001-03-10,15951,2,24.09,7.60,,
103816,P,2000-08-23,8024,1,1.15,1.76,,
103817,P,2000-05-27,37890,4,99.90,5.18,,
103818,P,2001-08-30,4994,3,39.87,8.23,,
103819,P,2001-02-28,6240,5,9.87,3.50,,
103820,P,2001-02-06,23219,1,73.98,8.30,,
103821,P,2000-02-18,75621,2,91.09,7.39,,
103822,P,2001-09-08,16090,2,64.00,5.62,,
103823,P,2000-07-29,97852,3,28.11,1.17,,
103824,P,2002-06-11,63866,2,48.58,1.70,,
103825,P,2001-10-05,24143,8,80.68,6.57,,
103826,P,2000-03-09,8588,7,8.51,9.79,,
103827,P,2001-02-09,16390,2,22.15,8.04,,
103828,P,2001-11-02,79075,4,98.62,9.36,,
103829,P,2001-09-28,20699,4,28.23,5.46,,
103830,P,2000-12-20,52694,8,70.07,6.50,,
103831,P,2002-03-16,78398,8,63.51,1.86,,
103832,P,2001-09-28,44623,9,41.23,9.72,,
103833,P,2001-07-14,88918,2,47.33,7.83,,
103834,P,2001-01-23,60343,9,54.64,1.25,,
103835,P,2000-11-04,41808,7,81.40,9.33,,
103836,P,2002-08-31,7447,6,34.79,7.17,,
103837,P,2002-03-13,53200,4,14.69,7.80,,
103838,P,2002-01-29,80866,2,70.55,6.90,,
103839,P,2001-01-29,87487,3,96.88,2.97,,
103840,P,2001-10-07,18494,1,1.50,7.83,,
103841,P,2000-12-20,6815,5,30.56,7.19,,
103842,P,2001-04-27,30500,1,87.58,5.71,,
103843,P,2001-08-07,68754,8,20.45,8.45,,
103844,P,2000-10-22,44715,9,63.02,2.48,,
103845,P,2002-09-26,41080,6,60.00,7.51,,
103846,P,2001-08-10,64580,2,88.40,3.52,,
103847,P,2000-11-13,63531,6,41.77,2.79,,
103848,P,2001-06-21,44835,6,47.14,2.91,,
103849,P,2000-11-17,4745,4,96.04,1.76,,
103850,P,2001-02-11,3161,9,82.11,0.68,,
103851,P,2000-12-23,81742,9,40.64,4.24,,
103852,P,2001-07-18,97954,3,66.36,7.30,,
103853,P,2001-07-12,33779,8,57.12,1.95,,
103854,P,2002-05-30,54078,5,34.31,8.07,,
103855,P,2002-01-30,1542,8,0.83,9.63,,
103856,P,2002-04-15,83113,3,24.33,9.80,,
103857,P,2001-06-08,70239,6,58.62,0.12,,
103858,P,2002-04-17,68702,2,82.51,8.10,,
103859,P,2001-09-26,6928,2,27.78,6.40,,
103860,P,2002-08-02,63795,10,24.14,2.20,,
103861,P,2001-11-26,22567,9,89.05,5.93,,
103862,P,2001-10-15,56709,9,77.28,2.49,,
103863,P,2001-03-26,97772,6,73.20,1.16,,
103864,P,2001-06-09,68558,3,5.13,0.24,,
103865,P,2001-01-01,1118,10,17.41,7.94,,
103866,P,2001-03-23,48474,1,93.44,9.33,,
103867,P,2001-04-14,84636,5,65.55,4.33,,
103868,P,2002-08-03,61857,10,52.84,9.53,,
103869,P,2000-01-28,56190,5,88.85,4.86,,
103870,P,2001-02-08,79938,9,94.81,7.78,,
103871,P,2001-12-17,37055,7,97.93,6.87,,
103872,P,2002-09-07,29487,5,86.56,5.86,,
103873,P,2000-11-29,70711,4,36.43,8.18,,
103874,P,2002-08-17,6632,3,92.10,6.84,,
103875,P,2002-04-06,14126,3,53.80,7.69,,
103876,P,2000-11-01,63379,6,99.06,9.24,,
103877,P,2001-08-25,18129,5,98.38,0.50,,
103878,P,2000-07-19,35507,1,88.48,7.44,,
103879,P,2002-05-04,99867,5,81.41,3.19,,
103880,P,2000-03-20,49687,1,41.25,2.55,,
103881,P,2002-09-19,88397,5,42.69,5.12,,
103882,P,2001-01-07,18222,8,67.30,5.26,,
103883,P,2001-04-17,84641,3,29.20,6.03,,
103884,P,2001-11-12,19923,8,70.59,8.88,,
103885,P,2002-01-22,23072,4,54.14,5.07,,
103886,P,2002-01-30,9210,3,62.52,1.28,,
103887,P,2000-03-16,9041,6,9.15,2.45,,
103888,P,2001-11-15,28545,5,55.04,5.02,,
103889,P,2002-09-10,68084,6,3.87,0.92,,
103890,P,2000-08-27,92522,2,95.04,7.62,,
103891,P,2001-06-09,69999,7,70.29,6.37,,
103892,P,2001-04-18,74675,6,84.59,4.00,,
103893,P,2000-01-09,76392,5,55.24,6.01,,
103894,P,2001-09-25,99409,2,41.12,7.52,,
103895,P,2002-01-16,11985,7,88.51,5.13,,
103896,P,2000-02-12,61205,7,16.21,3.43,,
103897,P,2000-12-18,1099,10,48.94,6.07,,
103898,P,2002-08-14,1537,4,48.36,0.22,,
103899,P,2002-04-24,72600,5,51.06,2.57,,
103900,P,2002-07-28,60491,3,17.89,0.56,,
103901,P,2000-10-27,84802,5,0.18,8.10,,
103902,P,2000-09-17,70572,1,76.15,0.70,,
103903,P,2001-02-06,92784,1,62.04,0.89,,
103904,P,2001-08-26,58748,9,73.11,0.33,,
103905,P,2000-09-25,84459,6,41.87,4.12,,
103906,P,2001-05-28,19122,1,33.40,6.02,,
103907,P,2002-06-03,8542,4,51.21,0.93,,
103908,P,2002-07-10,99031,10,37.00,0.51,,
103909,P,2002-06-20,28016,8,24.31,3.93,,
103910,P,2000-08-15,8784,8,72.51,7.45,,
103911,P,2000-04-23,55504,10,16.56,9.19,,
103912,P,2000-04-03,7146,8,0.58,3.13,,
103913,P,2000-01-01,57191,4,40.06,0.53,,
103914,P,2000-03-02,56652,9,90.79,4.63,,
103915,P,2000-06-22,83577,4,61.45,8.75,,
103916,P,2000-05-19,82410,3,50.37,2.51,,
103917,P,2002-03-04,31004,7,49.02,0.02,,
103918,P,2001-08-26,37576,10,31.38,5.21,,
103919,P,2000-11-11,91466,3,53.63,2.29,,
103920,P,2001-01-02,30767,3,89.17,3.44,,
103921,P,2001-05-30,85082,8,55.68,2.38,,
103922,P,2001-02-28,43469,1,8.80,3.50,,
103923,P,2000-04-07,61598,3,8.21,3.98,,
103924,P,2002-08-13,51684,3,23.35,4.54,,
103925,P,2002-08-01,76625,4,7.34,1.97,,
103926,P,2000-04-10,82154,8,62.93,6.32,,
103927,P,2000-02-09,27975,8,81.04,0.30,,
103928,P,2001-05-29,93106,5,13.62,3.88,,
103929,P,2000-03-23,92627,1,6.73,1.38,,
103930,P,2000-04-28,27166,2,69.57,4.71,,
103931,P,2000-07-19,17691,3,53.19,1.41,,
103932,P,2000-01-26,7798,7,80.95,4.59,,
103933,P,2000-08-10,95324,2,35.70,9.01,,
103934,P,2000-11-17,49836,6,80.66,0.80,,
103935,P,2002-06-11,95529,9,43.48,9.51,,
103936,P,2000-11-06,44722,8,72.06,6.74,,
103937,P,2002-08-31,94547,9,68.16,1.15,,
103938,P,2002-04-02,1933,1,93.31,3.40,,
103939,P,2000-06-29,92374,2,91.71,4.12,,
103940,P,2000-07-02,72439,5,52.82,4.37,,
103941,P,2002-09-02,31313,4,43.65,0.60,,
103942,P,2002-02-02,23006,7,3.63,6.46,,
103943,P,2001-06-01,83922,3,1.45,5.19,,
103944,P,2001-06-06,27838,5,90.17,7.79,,
103945,P,2000-04-18,62983,5,31.58,5.44,,
103946,P,2000-08-18,44803,1,31.79,6.19,,
103947,P,2001-01-05,37452,9,4.44,4.39,,
103948,P,2000-09-09,16198,3,51.72,6.58,,
103949,P,2002-05-23,22260,9,7.63,9.04,,
103950,P,2001-04-07,20989,6,33.68,2.19,,
103951,P,2002-05-10,54500,9,58.89,5.74,,
103952,P,2001-08-27,32438,4,41.05,9.55,,
103953,P,2001-07-01,57473,7,74.77,8.38,,
103954,P,2002-09-14,64290,10,2.05,0.24,,
103955,P,2000-11-10,97373,2,39.45,9.20,,
103956,P,2000-02-18,36649,5,5.97,7.78,,
103957,P,2002-01-18,29009,3,28.66,9.96,,
103958,P,2000-03-18,65503,2,36.19,3.10,,
103959,P,2002-06-13,68484,6,16.38,6.42,,
103960,P,2000-05-01,18544,4,95.53,7.39,,
103961,P,2000-08-01,18182,4,43.39,1.77,,
103962,P,2001-10-18,48413,2,12.78,8.00,,
103963,P,2001-01-19,12995,5,32.63,0.24,,
103964,P,2001-12-01,66852,6,26.15,7.91,,
103965,P,2002-03-23,11943,3,66.87,8.59,,
103966,P,2001-04-26,5179,8,18.77,4.54,,
103967,P,2000-12-14,24186,7,74.86,2.93,,
103968,P,2000-08-20,63228,8,26.92,5.12,,
103969,P,2001-04-30,87398,10,96.19,2.13,,
103970,P,2001-10-16,31286,2,89.64,6.78,,
103971,P,2002-05-19,81502,2,85.59,7.40,,
103972,P,2001-05-01,69919,5,30.31,8.50,,
103973,P,2000-11-12,52418,10,48.29,3.38,,
103974,P,2002-03-03,26724,9,27.17,4.50,,
103975,P,2002-08-20,71339,4,59.43,7.17,,
103976,P,2001-10-24,73520,9,7.30,7.52,,
103977,P,2000-06-14,32811,6,44.36,3.41,,
103978,P,2000-11-19,85163,2,68.03,5.30,,
103979,P,2002-02-03,89110,8,87.43,1.65,,
103980,P,2002-04-10,46869,7,70.50,2.16,,
103981,P,2000-02-06,47044,10,5.75,0.55,,
103982,P,2001-06-21,51384,5,45.87,6.13,,
103983,P,2002-02-26,65096,5,68.35,8.06,,
103984,P,2001-04-03,65728,9,91.26,2.49,,
103985,P,2000-02-23,32120,5,84.05,0.86,,
103986,P,2002-06-18,61074,9,37.04,5.63,,
103987,P,2000-11-13,72348,7,55.47,5.05,,
103988,P,2002-03-26,76691,8,45.44,9.87,,
103989,P,2001-01-29,96731,3,84.69,5.56,,
103990,P,2001-11-05,28593,10,10.55,2.69,,
103991,P,2000-03-13,70332,2,59.89,5.48,,
103992,P,2001-12-28,54397,2,35.65,1.72,,
103993,P,2002-06-14,15389,4,54.87,7.70,,
103994,P,2000-07-21,73776,1,12.59,9.26,,
103995,P,2001-08-30,59202,9,88.09,4.06,,
103996,P,2002-06-13,71107,10,18.65,6.68,,
103997,P,2000-01-22,13456,1,61.85,0.31,,
103998,P,2002-07-01,65803,1,44.42,9.19,,
103999,P,2001-01-10,56484,6,96.16,8.57,,
104000,P,2002-09-23,11254,8,84.70,3.05,,
104001,P,2000-04-26,79076,2,0.81,8.48,,
104002,P,2001-10-17,72081,3,20.01,6.22,,
104003,P,2002-07-29,5472,1,71.15,0.78,,
104004,P,2001-09-03,44923,4,59.41,3.33,,
104005,P,2001-12-02,59365,8,51.70,9.32,,
104006,P,2000-05-03,7141,9,65.19,9.69,,
104007,P,2002-06-14,1572,3,35.72,6.81,,
104008,P,2002-04-19,6659,9,38.23,8.41,,
104009,P,2001-01-29,27019,1,95.94,6.67,,
104010,P,2002-06-14,78516,4,69.18,6.21,,
104011,P,2002-06-07,77448,3,12.84,9.72,,
104012,P,2000-09-04,53458,9,67.21,5.02,,
104013,P,2002-06-25,10287,7,16.50,0.61,,
104014,P,2002-03-11,86859,4,92.27,8.83,,
104015,P,2002-05-03,8209,5,21.82,8.74,,
104016,P,2000-03-07,37931,7,56.56,2.46,,
104017,P,2000-02-25,85140,4,38.20,6.77,,
104018,P,2001-10-28,19718,10,67.01,2.57,,
104019,P,2001-12-07,40596,8,83.19,9.95,,
104020,P,2000-07-11,18508,6,59.84,5.89,,
104021,P,2002-08-06,86209,4,15.74,9.39,,
104022,P,2001-07-11,67358,5,91.83,4.31,,
104023,P,2002-01-08,1626,3,0.14,8.17,,
104024,P,2001-10-27,49901,3,56.26,9.74,,
104025,P,2001-05-08,26553,5,12.09,5.46,,
104026,P,2002-04-05,2749,7,20.62,1.81,,
104027,P,2000-01-22,34972,7,58.23,2.15,,
104028,P,2000-02-18,86961,2,91.98,4.57,,
104029,P,2001-08-14,19751,2,79.76,5.82,,
104030,P,2001-03-02,67585,3,10.31,0.99,,
104031,P,2000-10-23,72021,2,17.74,1.68,,
104032,P,2000-08-10,80730,6,36.02,9.96,,
104033,P,2001-10-06,44146,6,99.67,9.07,,
104034,P,2001-05-23,95071,3,32.26,1.87,,
104035,P,2001-01-27,78801,4,99.34,1.72,,
104036,P,2001-07-31,35097,4,8.21,7.57,,
104037,P,2000-07-02,50427,10,62.33,2.53,,
104038,P,2000-08-15,60806,6,68.70,3.17,,
104039,P,2000-11-15,68410,8,26.84,0.16,,
104040,P,2000-05-26,78031,1,34.36,6.96,,
104041,P,2001-06-23,72170,6,8.79,0.15,,
104042,P,2002-08-24,83966,8,41.46,6.29,,
104043,P,2002-01-25,27337,1,44.97,8.53,,
104044,P,2001-07-20,12618,8,19.05,5.29,,
104045,P,2000-04-24,46382,2,27.86,2.06,,
104046,P,2001-08-23,68621,2,65.77,6.29,,
104047,P,2001-06-05,45109,6,55.95,5.12,,
104048,P,2002-03-31,2828,10,56.81,0.16,,
104049,P,2000-12-26,14996,1,45.21,5.60,,
104050,P,2002-06-12,88349,6,24.70,4.04,,
104051,P,2001-01-22,26395,5,74.88,5.27,,
104052,P,2001-08-17,56064,7,32.08,1.69,,
104053,P,2000-09-26,58855,10,72.72,5.48,,
104054,P,2001-05-08,12555,2,38.74,0.28,,
104055,P,2000-01-09,44779,7,22.49,7.48,,
104056,P,2001-05-12,33780,1,73.23,1.84,,
104057,P,2001-06-18,81245,10,4.54,0.57,,
104058,P,2000-11-03,55345,1,5.91,3.12,,
104059,P,2002-04-17,5706,3,89.55,1.67,,
104060,P,2000-06-17,85312,3,59.47,5.17,,
104061,P,2002-07-13,45746,2,35.40,8.58,,
104062,P,2001-01-04,76878,2,77.16,3.51,,
104063,P,2001-04-17,71398,7,70.83,7.57,,
104064,P,2000-08-19,95761,8,16.04,3.31,,
104065,P,2001-02-13,39529,7,88.12,9.38,,
104066,P,2000-05-02,33915,8,20.14,2.39,,
104067,P,2001-10-07,2913,2,19.24,2.71,,
104068,P,2001-03-08,97453,4,47.06,7.83,,
104069,P,2001-04-15,77701,8,11.77,9.58,,
104070,P,2001-11-23,95683,3,72.99,0.71,,
104071,P,2000-10-12,69025,4,70.62,2.64,,
104072,P,2000-08-07,21956,6,37.35,7.86,,
104073,P,2002-01-14,48317,6,15.38,8.53,,
104074,P,2002-01-23,72573,5,87.88,5.42,,
104075,P,2002-03-19,22484,1,21.74,9.55,,
104076,P,2001-10-18,24952,10,36.78,9.77,,
104077,P,2000-01-25,47188,4,58.51,1.00,,
104078,P,2000-04-11,39522,3,71.59,8.05,,
104079,P,2001-07-27,64770,5,94.42,5.30,,
104080,P,2002-04-14,79459,3,16.70,1.00,,
104081,P,2001-02-05,95088,4,66.11,4.89,,
104082,P,2000-10-05,73947,10,50.21,5.28,,
104083,P,2000-11-01,72820,6,4.42,1.78,,
104084,P,2000-04-22,94537,6,35.87,5.12,,
104085,P,2001-06-16,17527,5,40.54,7.45,,
104086,P,2001-12-23,33263,3,27.21,6.01,,
104087,P,2000-08-15,97296,2,86.40,2.65,,
104088,P,2000-07-11,97835,5,79.89,0.87,,
104089,P,2002-06-03,78315,5,81.81,0.87,,
104090,P,2002-01-26,54024,10,57.36,2.18,,
104091,P,2000-09-17,55980,1,85.79,8.50,,
104092,P,2002-09-19,20123,7,95.38,1.64,,
104093,P,2002-02-06,23970,5,80.17,1.13,,
104094,P,2000-03-25,95247,1,41.73,6.88,,
104095,P,2001-05-25,28215,6,2.00,7.62,,
104096,P,2002-05-06,94654,2,59.31,3.98,,
104097,P,2002-04-13,29121,5,99.70,3.43,,
104098,P,2000-01-02,67978,5,18.67,6.20,,
104099,P,2002-02-27,45768,9,69.25,8.22,,
104100,P,2000-02-16,99838,9,58.27,1.41,,
104101,P,2002-05-18,2050,9,79.81,5.69,,
104102,P,2000-11-26,28335,5,88.43,2.77,,
104103,P,2002-06-08,73144,5,86.68,7.23,,
104104,P,2001-02-11,21586,4,99.04,3.88,,
104105,P,2000-12-13,21536,3,49.77,1.65,,
104106,P,2002-07-16,16664,3,86.02,7.04,,
104107,P,2000-11-18,79366,10,69.50,2.23,,
104108,P,2000-07-16,61041,1,49.83,6.56,,
104109,P,2000-06-02,12388,4,22.54,8.99,,
104110,P,2001-06-01,28534,7,49.71,1.11,,
104111,P,2000-06-20,54932,3,73.94,3.77,,
104112,P,2002-05-26,99,5,99.64,0.86,,
104113,P,2000-09-06,84350,6,13.80,9.38,,
104114,P,2002-06-28,70229,4,77.60,9.45,,
104115,P,2001-09-09,34483,3,60.51,2.71,,
104116,P,2001-04-03,63448,8,89.09,4.06,,
104117,P,2002-03-02,85868,3,56.34,9.61,,
104118,P,2000-12-11,90488,9,27.02,5.17,,
104119,P,2001-11-21,82079,2,9.93,1.90,,
104120,P,2000-05-18,72957,8,53.70,7.91,,
104121,P,2000-03-10,71944,7,81.08,7.88,,
104122,P,2000-12-23,1147,8,38.83,4.65,,
104123,P,2001-04-21,76103,6,61.53,7.40,,
104124,P,2000-07-16,32881,10,52.48,5.33,,
104125,P,2000-09-23,6178,10,33.21,6.87,,
104126,P,2000-08-31,68777,8,10.65,8.61,,
104127,P,2002-09-12,43589,10,33.29,1.14,,
104128,P,2000-08-18,73230,8,74.06,7.91,,
104129,P,2001-07-25,61586,1,85.82,6.75,,
104130,P,2001-07-02,18151,8,29.60,9.93,,
104131,P,2001-06-07,66055,6,82.94,6.65,,
104132,P,2001-05-20,60598,1,96.24,3.78,,
104133,P,2001-12-26,45248,2,30.26,6.43,,
104134,P,2000-08-25,23609,2,17.81,4.15,,
104135,P,2001-05-26,44340,9,28.92,5.30,,
104136,P,2001-03-23,85564,1,47.10,4.85,,
104137,P,2002-08-08,21939,7,71.51,8.55,,
104138,P,2000-11-12,47450,8,76.29,8.86,,
104139,P,2001-02-27,59089,3,35.42,6.51,,
104140,P,2000-09-06,82740,9,60.05,7.81,,
104141,P,2002-01-12,79302,7,51.17,6.12,,
104142,P,2000-03-16,45120,7,40.21,4.04,,
104143,P,2001-03-24,88150,9,70.14,5.72,,
104144,P,2001-07-20,8354,8,76.32,1.04,,
104145,P,2001-09-03,2382,3,52.22,5.87,,
104146,P,2001-12-14,93226,8,58.14,3.24,,
104147,P,2000-02-10,45696,4,55.06,7.20,,
104148,P,2000-08-25,9140,2,98.32,2.51,,
104149,P,2000-01-10,16503,1,89.50,2.02,,
104150,P,2002-07-04,21049,4,2.89,5.48,,
104151,P,2002-01-13,86716,10,4.53,8.61,,
104152,P,2001-05-10,7206,10,70.38,0.34,,
104153,P,2001-03-04,19908,3,36.47,9.97,,
104154,P,2000-03-14,49552,4,50.17,0.33,,
104155,P,2001-08-01,45251,4,23.59,0.75,,
104156,P,2000-02-21,29496,10,20.96,6.88,,
104157,P,2000-04-22,52584,10,97.89,0.66,,
104158,P,2000-06-10,41971,4,98.53,2.76,,
104159,P,2000-08-16,48947,3,15.15,6.74,,
104160,P,2000-11-02,30557,6,98.79,7.32,,
104161,P,2000-10-06,94626,2,62.07,3.61,,
104162,P,2001-11-28,79192,2,97.69,4.52,,
104163,P,2002-07-05,19689,2,92.09,8.05,,
104164,P,2000-06-05,93479,9,18.09,0.12,,
104165,P,2000-11-28,71606,7,16.07,6.56,,
104166,P,2002-06-10,34674,3,16.55,5.53,,
104167,P,2002-03-22,85894,7,69.12,3.31,,
104168,P,2001-09-14,43428,3,18.79,6.56,,
104169,P,2002-01-09,55924,6,67.29,6.86,,
104170,P,2002-08-01,10293,8,29.12,1.39,,
104171,P,2000-04-14,17429,3,55.63,1.23,,
104172,P,2001-01-12,50588,3,76.00,3.57,,
104173,P,2002-08-22,8196,4,54.47,9.08,,
104174,P,2002-02-13,3098,6,48.34,4.95,,
104175,P,2000-08-08,94809,7,53.84,1.55,,
104176,P,2001-03-06,67395,7,58.44,7.57,,
104177,P,2001-03-13,98750,2,3.04,9.58,,
104178,P,2001-11-09,9377,8,35.63,0.92,,
104179,P,2000-09-24,68298,6,50.46,2.28,,
104180,P,2001-10-30,66139,8,90.52,5.26,,
104181,P,2000-10-13,29000,8,4.44,5.15,,
104182,P,2000-11-15,26248,10,90.07,1.84,,
104183,P,2002-04-04,45851,6,13.49,4.51,,
104184,P,2000-04-28,43194,5,50.60,0.14,,
104185,P,2002-01-30,36434,6,79.31,3.05,,
104186,P,2000-07-08,80764,7,54.81,6.18,,
104187,P,2002-06-01,11448,3,15.76,2.52,,
104188,P,2000-08-11,13963,5,10.32,4.03,,
104189,P,2001-09-17,2497,2,50.79,0.52,,
104190,P,2000-04-22,11533,6,18.00,0.68,,
104191,P,2001-11-13,25258,4,21.39,7.20,,
104192,P,2001-08-10,12445,1,33.22,5.55,,
104193,P,2002-01-10,82406,5,69.26,7.01,,
104194,P,2001-02-18,70900,1,65.50,6.25,,
104195,P,2001-09-12,96736,5,84.37,1.78,,
104196,P,2002-08-17,28385,8,51.34,4.87,,
104197,P,2000-04-26,79901,6,2.84,5.94,,
104198,P,2000-05-12,74806,8,72.05,2.27,,
104199,P,2000-05-31,61126,8,51.38,9.55,,
104200,P,2002-02-06,73540,3,67.34,3.69,,
104201,P,2000-02-22,12405,10,4.33,6.86,,
104202,P,2000-04-22,10759,10,9.36,5.06,,
104203,P,2002-06-01,35836,6,75.90,9.12,,
104204,P,2001-04-07,38696,7,76.91,1.66,,
104205,P,2000-07-31,32014,9,41.25,9.89,,
104206,P,2000-12-05,35526,6,47.94,1.71,,
104207,P,2002-02-25,61069,8,48.32,8.89,,
104208,P,2000-08-07,65156,4,72.61,7.59,,
104209,P,2000-06-21,29047,4,86.30,1.27,,
104210,P,2002-03-13,19694,2,86.30,4.04,,
104211,P,2002-02-16,62217,10,15.66,0.66,,
104212,P,2002-03-12,2927,5,76.88,3.29,,
104213,P,2002-08-28,13215,8,7.01,7.00,,
104214,P,2000-09-06,43548,3,58.78,9.67,,
104215,P,2001-10-19,29988,9,12.43,2.49,,
104216,P,2002-07-24,96327,5,16.27,8.60,,
104217,P,2001-06-17,1991,3,44.35,8.34,,
104218,P,2000-08-11,25395,6,45.30,2.69,,
104219,P,2000-04-17,20832,3,78.18,1.91,,
104220,P,2001-03-07,70596,3,85.67,4.82,,
104221,P,2002-04-14,66882,7,10.58,6.41,,
104222,P,2002-01-25,88339,2,30.67,2.85,,
104223,P,2002-05-05,24503,3,42.83,7.10,,
104224,P,2001-03-07,98404,1,30.89,1.30,,
104225,P,2002-06-23,82842,6,98.00,4.29,,
104226,P,2001-01-25,50764,10,34.51,7.10,,
104227,P,2000-03-25,93059,10,72.94,0.43,,
104228,P,2001-06-26,21862,2,14.18,4.08,,
104229,P,2002-08-20,20757,7,85.51,3.38,,
104230,P,2000-04-22,12331,7,9.35,1.17,,
104231,P,2002-07-27,59641,6,82.17,1.64,,
104232,P,2000-03-05,13198,4,11.11,8.94,,
104233,P,2002-07-01,53541,8,26.06,1.29,,
104234,P,2000-04-27,11223,3,88.10,3.90,,
104235,P,2000-11-29,94091,10,70.64,6.18,,
104236,P,2000-03-07,14375,9,42.90,9.07,,
104237,P,2000-08-21,6972,1,12.39,8.44,,
104238,P,2000-10-11,66240,4,4.80,1.10,,
104239,P,2002-04-27,18890,9,65.52,8.24,,
104240,P,2000-09-19,50499,8,51.86,0.26,,
104241,P,2001-03-27,86901,3,13.47,2.48,,
104242,P,2000-07-29,83823,8,85.97,5.99,,
104243,P,2002-06-16,45583,5,52.25,8.13,,
104244,P,2002-09-04,97159,5,87.91,8.36,,
104245,P,2001-06-19,80518,3,43.84,5.19,,
104246,P,2002-01-25,35066,1,49.32,8.69,,
104247,P,2002-03-16,99561,2,39.88,2.57,,
104248,P,2002-09-11,18785,6,10.70,9.69,,
104249,P,2001-08-25,35591,3,95.32,0.45,,
104250,P,2002-05-26,93846,3,47.59,2.58,,
104251,P,2002-07-25,69779,7,40.49,2.97,,
104252,P,2000-01-19,94477,8,96.12,2.39,,
104253,P,2000-05-14,29401,3,19.74,6.47,,
104254,P,2001-12-02,63622,8,44.14,7.52,,
104255,P,2000-09-15,3716,2,35.61,2.47,,
104256,P,2002-02-04,1309,8,77.89,9.33,,
104257,P,2001-11-22,5161,8,85.36,7.01,,
104258,P,2000-09-16,37148,5,52.29,1.23,,
104259,P,2001-08-22,97897,3,75.72,8.40,,
104260,P,2000-03-07,47695,7,6.36,6.67,,
104261,P,2001-02-23,91983,5,0.54,4.95,,
104262,P,2001-01-29,17708,7,34.29,1.87,,
104263,P,2001-09-24,10922,5,34.73,0.06,,
104264,P,2001-03-17,16973,1,17.97,6.22,,
104265,P,2001-08-11,86597,1,78.29,4.14,,
104266,P,2001-12-05,21333,10,98.52,0.66,,
104267,P,2001-08-30,88672,4,74.23,4.58,,
104268,P,2002-09-11,83855,10,51.02,0.03,,
104269,P,2001-12-04,57634,8,6.00,5.15,,
104270,P,2000-11-24,27111,7,10.51,2.44,,
104271,P,2000-07-12,39382,6,30.21,8.17,,
104272,P,2002-09-22,14896,2,41.22,9.09,,
104273,P,2000-01-30,32659,1,17.94,8.93,,
104274,P,2000-07-26,792,4,68.60,7.44,,
104275,P,2001-01-23,10914,5,79.34,0.08,,
104276,P,2000-03-24,75436,6,42.67,4.43,,
104277,P,2002-08-03,98258,10,18.95,9.50,,
104278,P,2000-01-15,41718,6,93.16,4.51,,
104279,P,2001-02-01,74895,2,12.55,8.85,,
104280,P,2000-04-22,73437,7,3.68,6.75,,
104281,P,2001-09-21,83266,3,30.49,0.11,,
104282,P,2001-04-14,58351,5,20.96,1.51,,
104283,P,2000-11-27,33596,8,90.68,6.49,,
104284,P,2000-12-28,67295,6,51.80,3.82,,
104285,P,2000-07-15,12863,4,11.47,2.97,,
104286,P,2001-04-21,64108,3,58.86,0.08,,
104287,P,2001-08-18,1649,4,33.04,1.79,,
104288,P,2001-12-28,2737,1,15.94,7.24,,
104289,P,2000-05-04,62599,10,73.89,0.10,,
104290,P,2000-12-16,7132,2,19.26,5.02,,
104291,P,2000-12-18,75855,10,6.37,5.05,,
104292,P,2000-05-01,58261,2,72.61,2.43,,
104293,P,2001-05-27,68442,3,75.85,6.70,,
104294,P,2000-08-27,29864,2,63.76,2.59,,
104295,P,2000-09-21,97198,1,79.69,4.94,,
104296,P,2001-05-23,73971,3,40.12,0.53,,
104297,P,2002-06-18,51403,5,90.54,8.21,,
104298,P,2001-08-23,48654,6,41.55,0.83,,
104299,P,2000-07-28,90065,3,73.49,2.44,,
104300,P,2001-01-12,72091,9,49.74,0.46,,
104301,P,2001-07-23,51461,8,29.91,8.82,,
104302,P,2000-09-20,33745,8,12.89,3.80,,
104303,P,2001-05-28,35965,4,39.19,5.91,,
104304,P,2000-07-27,13479,1,13.97,9.89,,
104305,P,2000-02-18,13119,5,50.26,6.75,,
104306,P,2001-12-18,45047,8,67.76,8.75,,
104307,P,2001-09-12,65972,8,49.83,0.13,,
104308,P,2002-02-02,21378,1,29.35,7.01,,
104309,P,2001-11-16,29171,8,53.62,3.95,,
104310,P,2002-08-21,93767,10,36.59,5.65,,
104311,P,2002-05-03,32914,1,15.90,6.40,,
104312,P,2000-08-24,76373,4,87.96,4.75,,
104313,P,2001-10-30,91484,1,95.38,6.49,,
104314,P,2001-12-11,13749,2,38.60,1.22,,
104315,P,2000-11-25,47101,2,76.37,8.80,,
104316,P,2000-01-07,74698,6,42.78,4.06,,
104317,P,2002-07-06,72446,10,7.69,0.77,,
104318,P,2002-04-20,47188,2,31.17,1.21,,
104319,P,2000-10-05,33229,6,64.05,9.62,,
104320,P,2001-08-31,99875,5,44.73,3.23,,
104321,P,2000-03-29,93185,2,93.72,1.27,,
104322,P,2002-05-07,61056,2,60.11,7.72,,
104323,P,2000-08-16,16587,8,45.19,9.68,,
104324,P,2001-06-12,10758,10,9.12,6.00,,
104325,P,2000-06-08,7285,6,49.27,1.77,,
104326,P,2001-05-30,93278,6,73.06,9.39,,
104327,P,2002-02-04,37919,4,18.55,1.80,,
104328,P,2002-04-17,16727,5,31.77,5.86,,
104329,P,2002-02-07,64880,2,36.67,0.35,,
104330,P,2002-08-03,69695,4,52.63,3.68,,
104331,P,2002-06-30,52689,3,25.05,9.50,,
104332,P,2001-01-30,51975,8,0.58,8.93,,
104333,P,2000-11-25,64104,7,5.23,1.58,,
104334,P,2001-10-27,26574,8,20.08,3.65,,
104335,P,2000-10-02,82775,8,47.95,2.01,,
104336,P,2001-03-05,19598,2,86.52,8.21,,
104337,P,2001-01-29,36718,1,99.89,7.81,,
104338,P,2000-04-07,93719,7,25.44,9.86,,
104339,P,2000-06-18,25749,3,2.71,3.84,,
104340,P,2000-10-22,65771,7,81.46,7.28,,
104341,P,2001-06-20,83575,6,94.99,8.21,,
104342,P,2001-02-02,35435,5,29.61,7.16,,
104343,P,2002-07-01,76038,9,4.97,4.58,,
104344,P,2000-12-02,59702,8,30.41,9.39,,
104345,P,2001-06-24,41761,9,44.34,9.90,,
104346,P,2001-05-26,72715,6,41.48,2.63,,
104347,P,2002-09-27,41294,3,63.01,9.44,,
104348,P,2000-03-01,79604,8,5.73,2.67,,
104349,P,2001-01-27,99683,2,62.35,2.23,,
104350,P,2002-09-11,34930,10,13.07,0.34,,
104351,P,2001-02-07,86051,1,14.57,3.77,,
104352,P,2002-04-10,33050,8,46.29,6.77,,
104353,P,2002-05-08,14703,9,56.27,2.22,,
104354,P,2001-12-29,75975,5,97.96,1.27,,
104355,P,2000-03-23,76485,7,58.58,4.73,,
104356,P,2000-08-12,26284,10,9.46,6.69,,
104357,P,2001-08-23,67295,6,35.19,6.10,,
104358,P,2000-01-11,3572,6,98.49,8.48,,
104359,P,2002-09-25,52031,1,82.19,9.12,,
104360,P,2001-04-13,91950,10,29.32,7.28,,
104361,P,2000-07-11,95960,2,60.00,7.25,,
104362,P,2000-03-22,44533,6,53.94,8.37,,
104363,P,2000-07-04,11661,5,27.86,1.72,,
104364,P,2002-03-22,7148,9,43.66,0.39,,
104365,P,2000-05-31,18451,7,49.50,2.34,,
104366,P,2001-05-22,77019,6,60.08,7.21,,
104367,P,2001-12-29,6108,7,80.52,8.97,,
104368,P,2002-07-10,44673,8,87.73,1.76,,
104369,P,2000-01-12,70810,1,21.47,4.64,,
104370,P,2001-01-12,54,9,39.90,7.94,,
104371,P,2000-09-26,95189,10,86.90,8.81,,
104372,P,2002-06-19,66003,2,54.07,0.45,,
104373,P,2000-05-08,45548,5,21.04,2.43,,
104374,P,2000-05-29,75774,10,53.43,4.69,,
104375,P,2001-11-03,68632,8,82.23,3.63,,
104376,P,2001-10-24,27982,6,4.54,6.54,,
104377,P,2000-06-13,62598,3,35.57,0.56,,
104378,P,2000-03-13,72309,6,96.30,1.44,,
104379,P,2001-07-02,64107,5,81.06,5.42,,
104380,P,2000-08-18,86892,8,63.59,0.64,,
104381,P,2000-04-22,52694,6,97.53,9.14,,
104382,P,2000-03-05,49748,3,56.21,9.69,,
104383,P,2002-01-23,68290,10,18.47,2.85,,
104384,P,2000-03-08,99345,9,31.16,9.72,,
104385,P,2001-03-01,58927,5,56.50,8.39,,
104386,P,2001-10-07,26397,3,7.00,8.69,,
104387,P,2001-08-14,35452,5,46.01,1.45,,
104388,P,2001-06-08,32293,9,58.82,8.22,,
104389,P,2000-01-08,3357,3,14.36,9.32,,
104390,P,2000-10-01,88141,1,39.12,2.53,,
104391,P,2001-09-16,92973,7,20.03,4.02,,
104392,P,2001-01-31,11377,10,79.69,5.91,,
104393,P,2001-10-21,55077,8,77.44,2.79,,
104394,P,2002-02-23,74960,10,24.34,1.08,,
104395,P,2002-08-29,17152,6,33.22,5.95,,
104396,P,2001-03-09,11198,2,57.66,9.15,,
104397,P,2000-02-05,74410,6,70.22,7.31,,
104398,P,2001-09-04,31448,2,99.55,3.45,,
104399,P,2000-04-26,11532,4,23.66,9.30,,
104400,P,2000-08-29,39102,2,35.02,0.27,,
104401,P,2002-06-23,95242,5,62.03,9.75,,
104402,P,2000-10-29,25228,8,44.22,2.68,,
104403,P,2001-03-08,14118,9,18.76,5.30,,
104404,P,2001-10-25,84313,8,10.59,9.40,,
104405,P,2002-07-07,29202,3,87.10,0.84,,
104406,P,2002-08-31,49160,9,88.26,7.36,,
104407,P,2000-03-31,71106,1,66.69,8.19,,
104408,P,2000-12-27,77345,8,91.94,5.46,,
104409,P,2001-11-11,10558,3,13.90,5.93,,
104410,P,2001-11-03,88892,6,91.71,3.32,,
104411,P,2000-02-20,97325,3,81.05,6.86,,
104412,P,2001-08-06,31724,4,75.95,8.08,,
104413,P,2001-05-06,16528,7,66.05,6.11,,
104414,P,2002-07-13,8928,8,78.34,3.49,,
104415,P,2000-06-27,58141,10,44.25,0.26,,
104416,P,2000-04-09,51101,5,83.81,3.66,,
104417,P,2002-01-16,7693,10,99.77,2.09,,
104418,P,2001-01-23,3291,9,77.22,4.98,,
104419,P,2000-01-30,64836,5,61.12,6.03,,
104420,P,2001-03-01,51341,9,54.18,4.48,,
104421,P,2000-08-16,72872,1,47.28,1.61,,
104422,P,2002-01-17,81950,8,65.37,2.07,,
104423,P,2001-02-18,54336,10,43.80,5.81,,
104424,P,2002-02-24,31734,10,18.27,6.75,,
104425,P,2002-05-31,21578,2,4.44,2.10,,
104426,P,2001-06-02,99493,10,80.21,7.61,,
104427,P,2000-11-16,57610,6,51.57,1.02,,
104428,P,2001-12-14,90366,9,31.51,0.59,,
104429,P,2000-06-20,98610,4,3.58,5.78,,
104430,P,2000-04-28,52314,10,90.51,4.45,,
104431,P,2000-04-20,35258,5,90.76,8.21,,
104432,P,2001-01-10,64038,2,17.36,1.13,,
104433,P,2002-02-13,10929,8,75.44,3.26,,
104434,P,2001-04-02,75877,1,61.03,8.19,,
104435,P,2002-08-29,17300,6,17.21,4.39,,
104436,P,2001-03-28,28647,8,90.35,2.72,,
104437,P,2001-10-20,87674,5,45.04,3.90,,
104438,P,2001-03-03,49272,1,78.27,8.96,,
104439,P,2002-01-23,54411,1,90.61,6.45,,
104440,P,2000-09-22,51444,8,3.44,6.77,,
104441,P,2002-01-21,84852,10,86.06,3.64,,
104442,P,2000-12-18,90947,1,62.63,1.64,,
104443,P,2000-04-21,35081,7,61.84,8.91,,
104444,P,2000-04-07,51486,1,34.54,7.79,,
104445,P,2002-05-07,1787,2,32.13,0.73,,
104446,P,2001-01-27,66948,7,82.09,3.29,,
104447,P,2002-06-26,5592,1,48.55,9.52,,
104448,P,2001-09-10,12255,7,69.44,0.28,,
104449,P,2002-01-31,24176,6,57.31,1.11,,
104450,P,2000-04-29,12112,5,21.10,8.92,,
104451,P,2002-02-17,57106,7,88.18,1.83,,
104452,P,2002-01-01,92693,5,37.86,8.89,,
104453,P,2002-04-02,35117,8,22.89,3.23,,
104454,P,2002-03-22,7558,5,38.59,7.16,,
104455,P,2002-01-10,74145,6,32.33,2.93,,
104456,P,2000-04-21,59278,6,54.58,5.66,,
104457,P,2002-08-03,47941,4,42.82,8.60,,
104458,P,2002-05-04,20596,10,15.83,8.21,,
104459,P,2000-12-26,86985,9,30.54,0.71,,
104460,P,2001-05-31,30693,9,43.68,1.01,,
104461,P,2001-07-30,51560,6,23.05,0.11,,
104462,P,2000-02-27,25661,1,67.58,3.12,,
104463,P,2001-08-20,75007,3,97.85,3.03,,
104464,P,2000-11-04,12681,6,76.84,9.83,,
104465,P,2000-02-07,4107,2,39.03,3.18,,
104466,P,2002-08-18,25277,7,3.46,9.97,,
104467,P,2002-04-29,26430,6,67.16,2.34,,
104468,P,2000-09-02,34545,5,78.74,5.53,,
104469,P,2002-06-29,87415,9,13.89,9.57,,
104470,P,2000-07-03,35736,2,86.71,5.64,,
104471,P,2001-05-30,21909,9,46.29,6.44,,
104472,P,2001-06-08,37069,2,57.40,3.52,,
104473,P,2000-02-02,12652,5,84.10,9.04,,
104474,P,2002-04-10,95106,5,57.23,4.06,,
104475,P,2001-08-29,27728,10,95.67,7.50,,
104476,P,2000-04-12,57513,7,93.91,9.79,,
104477,P,2002-08-05,21919,9,20.10,6.47,,
104478,P,2001-05-02,98060,9,12.86,9.85,,
104479,P,2002-05-02,52023,4,16.19,8.10,,
104480,P,2001-05-14,1768,9,11.80,5.10,,
104481,P,2000-01-17,24323,1,15.98,8.36,,
104482,P,2000-07-30,88965,10,92.07,5.85,,
104483,P,2001-01-28,82933,9,13.11,6.90,,
104484,P,2000-01-18,85618,6,86.43,3.65,,
104485,P,2001-08-12,55574,3,51.52,6.62,,
104486,P,2000-11-20,4205,9,16.69,7.84,,
104487,P,2001-02-26,69480,4,28.52,5.50,,
104488,P,2001-04-30,64424,8,80.48,0.05,,
104489,P,2002-08-14,91728,10,83.08,8.24,,
104490,P,2001-01-23,39692,3,26.87,0.63,,
104491,P,2001-05-05,87931,6,63.97,8.98,,
104492,P,2001-04-02,48451,2,90.24,4.70,,
104493,P,2002-01-31,15249,2,64.56,3.06,,
104494,P,2001-12-01,8029,3,53.25,8.70,,
104495,P,2001-02-13,1845,10,10.81,4.10,,
104496,P,2000-12-15,10620,6,30.38,1.89,,
104497,P,2001-11-26,93737,5,79.06,3.38,,
104498,P,2001-12-02,93439,9,81.87,6.97,,
104499,P,2001-10-17,95194,10,65.39,3.05,,
104500,P,2000-12-30,87018,8,83.30,5.84,,
104501,P,2001-04-25,8554,6,78.75,6.54,,
104502,P,2002-05-19,46351,4,49.35,0.79,,
104503,P,2000-02-03,46068,1,30.82,7.83,,
104504,P,2002-05-24,97138,7,84.88,2.53,,
104505,P,2000-08-29,95622,6,7.52,4.97,,
104506,P,2001-12-13,79487,6,49.32,2.05,,
104507,P,2000-10-03,73633,6,74.16,1.04,,
104508,P,2001-12-29,62418,4,56.38,9.72,,
104509,P,2001-01-20,38820,8,98.30,1.52,,
104510,P,2001-02-13,95307,7,91.39,7.03,,
104511,P,2002-04-29,71643,6,63.04,0.47,,
104512,P,2000-01-21,15352,7,15.69,8.60,,
104513,P,2002-04-28,71680,6,75.14,3.88,,
104514,P,2002-05-31,8559,8,7.22,7.88,,
104515,P,2001-07-31,16720,10,93.68,2.70,,
104516,P,2000-09-04,18416,2,48.34,3.79,,
104517,P,2002-05-21,48940,3,18.48,3.58,,
104518,P,2002-07-30,4578,3,43.25,8.67,,
104519,P,2002-06-23,48473,1,4.95,8.68,,
104520,P,2002-04-21,92433,4,40.53,9.47,,
104521,P,2000-04-25,37831,1,24.62,9.68,,
104522,P,2001-03-28,7659,4,95.00,0.44,,
104523,P,2002-06-12,56237,9,54.89,8.67,,
104524,P,2002-02-13,89264,7,92.47,6.00,,
104525,P,2001-02-17,74261,8,81.64,4.27,,
104526,P,2000-07-22,78814,6,98.04,9.71,,
104527,P,2000-06-13,15869,10,35.43,3.02,,
104528,P,2000-08-27,45987,7,88.28,9.20,,
104529,P,2000-03-08,47178,3,91.70,1.46,,
104530,P,2001-01-02,71737,4,2.41,8.85,,
104531,P,2001-03-26,3885,3,22.28,5.22,,
104532,P,2001-06-06,52388,7,99.41,2.65,,
104533,P,2000-10-03,67643,10,23.67,9.44,,
104534,P,2001-09-05,53874,4,15.31,2.55,,
104535,P,2001-08-12,41717,6,23.70,6.21,,
104536,P,2001-05-21,64269,6,60.16,9.02,,
104537,P,2001-04-27,55853,3,98.77,4.33,,
104538,P,2001-05-31,89230,2,34.27,3.51,,
104539,P,2001-01-11,20108,1,38.29,9.26,,
104540,P,2002-02-07,64276,6,27.79,7.57,,
104541,P,2001-11-10,49603,1,63.36,5.74,,
104542,P,2001-06-29,98211,2,76.29,2.21,,
104543,P,2001-10-06,978,3,26.95,1.13,,
104544,P,2001-01-26,12181,7,60.98,2.05,,
104545,P,2000-10-03,67722,5,27.01,9.90,,
104546,P,2001-09-28,75161,2,90.88,6.69,,
104547,P,2000-04-26,88107,1,63.32,6.19,,
104548,P,2001-06-25,59007,4,2.25,4.50,,
104549,P,2001-04-13,49546,2,28.72,4.15,,
104550,P,2000-07-26,58764,4,87.91,6.31,,
104551,P,2000-05-11,32730,8,37.80,3.78,,
104552,P,2001-07-26,91768,5,20.73,2.43,,
104553,P,2000-10-21,58802,3,92.14,6.94,,
104554,P,2000-07-07,2490,6,59.51,2.21,,
104555,P,2002-07-25,52917,4,7.12,6.08,,
104556,P,2001-03-25,1576,9,73.53,1.13,,
104557,P,2001-12-08,35035,4,69.88,0.57,,
104558,P,2000-10-09,62545,9,92.45,0.83,,
104559,P,2000-04-04,47883,7,95.48,6.17,,
104560,P,2002-05-27,77332,8,85.70,1.89,,
104561,P,2000-01-05,27230,3,36.14,5.68,,
104562,P,2000-08-20,95354,1,90.90,5.52,,
104563,P,2002-09-12,1019,7,81.87,5.06,,
104564,P,2001-01-24,71625,3,75.35,9.12,,
104565,P,2002-07-06,96757,4,63.98,7.93,,
104566,P,2002-06-14,10306,1,43.81,0.42,,
104567,P,2001-04-09,28518,2,54.06,4.09,,
104568,P,2002-05-28,31578,10,76.40,7.48,,
104569,P,2002-01-02,89231,10,59.49,4.68,,
104570,P,2001-09-20,22400,7,76.20,1.72,,
104571,P,2002-09-05,89760,9,91.70,1.54,,
104572,P,2000-05-07,51689,5,44.82,7.47,,
104573,P,2001-06-25,13528,6,43.10,0.25,,
104574,P,2000-08-23,5496,9,82.06,0.71,,
104575,P,2002-02-15,87374,1,27.58,2.42,,
104576,P,2000-10-30,45184,4,68.27,0.24,,
104577,P,2002-08-10,76711,4,4.65,6.16,,
104578,P,2000-10-05,62754,6,43.80,3.84,,
104579,P,2002-03-03,49491,10,47.10,7.87,,
104580,P,2002-05-07,89719,3,8.31,3.07,,
104581,P,2001-07-10,67877,9,21.99,6.08,,
104582,P,2001-09-01,50687,8,75.38,0.94,,
104583,P,2000-07-26,70389,10,47.82,1.95,,
104584,P,2002-05-11,1881,1,45.73,5.12,,
104585,P,2000-06-05,70726,5,96.57,2.92,,
104586,P,2002-08-19,58049,3,31.43,2.26,,
104587,P,2000-09-19,39098,5,67.29,7.67,,
104588,P,2001-06-23,39874,2,57.92,5.11,,
104589,P,2000-08-14,31663,10,96.56,7.30,,
104590,P,2001-05-18,14410,8,0.02,9.60,,
104591,P,2000-07-01,20866,6,72.26,7.89,,
104592,P,2000-08-14,20777,2,83.04,2.23,,
104593,P,2001-09-25,95430,10,68.39,9.93,,
104594,P,2001-09-18,75668,3,0.95,3.15,,
104595,P,2001-05-16,92183,8,5.56,5.64,,
104596,P,2002-05-29,85002,10,70.97,8.49,,
104597,P,2001-06-03,11148,3,97.21,1.06,,
104598,P,2000-01-20,53260,3,71.04,0.17,,
104599,P,2001-02-15,94398,10,57.69,3.36,,
104600,P,2001-01-24,42788,8,36.29,4.00,,
104601,P,2000-02-01,34997,6,25.08,6.06,,
104602,P,2002-05-02,8398,6,34.42,2.57,,
104603,P,2002-03-11,8691,5,71.83,5.25,,
104604,P,2000-03-16,0,6,32.26,0.43,,
104605,P,2002-09-20,87637,6,94.03,9.34,,
104606,P,2000-11-07,73722,5,36.29,7.09,,
104607,P,2001-06-11,630,9,81.03,8.48,,
104608,P,2002-08-27,93752,6,98.68,2.51,,
104609,P,2000-01-29,16720,5,70.62,4.58,,
104610,P,2001-04-06,6724,10,85.66,9.71,,
104611,P,2001-04-07,65053,1,89.38,5.70,,
104612,P,2000-08-12,90328,7,57.86,7.37,,
104613,P,2001-02-27,68112,3,93.68,7.42,,
104614,P,2002-07-28,42744,8,94.57,2.73,,
104615,P,2000-10-01,36696,9,63.51,3.85,,
104616,P,2000-10-13,50298,8,18.50,7.66,,
104617,P,2001-10-29,37117,5,64.49,6.63,,
104618,P,2002-06-09,79481,7,43.32,9.58,,
104619,P,2000-09-04,29185,4,95.83,4.59,,
104620,P,2002-04-12,58787,5,23.40,3.93,,
104621,P,2002-09-08,70932,4,72.94,1.38,,
104622,P,2001-10-02,39598,8,54.03,0.82,,
104623,P,2000-01-29,23515,8,70.39,5.24,,
104624,P,2000-10-21,13526,5,94.96,2.55,,
104625,P,2000-03-22,69889,6,39.90,9.08,,
104626,P,2002-09-03,14986,8,70.85,8.83,,
104627,P,2001-04-14,80332,3,16.83,9.39,,
104628,P,2001-02-21,79775,9,7.05,9.73,,
104629,P,2000-03-08,96109,2,84.33,8.81,,
104630,P,2000-10-01,34064,4,54.03,2.76,,
104631,P,2002-06-19,64019,9,75.07,2.35,,
104632,P,2001-04-08,92965,1,91.16,2.69,,
104633,P,2000-04-21,75319,7,11.29,2.67,,
104634,P,2001-11-02,87669,4,49.98,0.30,,
104635,P,2002-06-10,87281,4,59.31,6.48,,
104636,P,2002-03-21,25872,10,24.07,7.40,,
104637,P,2000-05-04,21463,1,36.22,3.23,,
104638,P,2001-08-03,58611,8,10.20,6.25,,
104639,P,2001-09-17,16242,1,64.24,2.70,,
104640,P,2001-08-07,62963,1,65.86,0.78,,
104641,P,2000-02-19,63463,6,17.53,8.93,,
104642,P,2001-10-06,59648,3,69.08,4.81,,
104643,P,2001-05-29,53500,2,86.14,7.97,,
104644,P,2001-10-05,97074,4,95.72,6.79,,
104645,P,2001-02-07,47968,7,68.96,3.04,,
104646,P,2000-12-01,96805,8,89.45,5.85,,
104647,P,2000-01-25,84094,3,66.80,0.12,,
104648,P,2002-04-04,96405,1,61.41,8.62,,
104649,P,2002-02-02,99192,3,96.11,5.71,,
104650,P,2002-02-28,38885,4,86.90,1.99,,
104651,P,2002-01-04,84456,2,22.44,7.06,,
104652,P,2002-08-03,74322,1,56.69,1.19,,
104653,P,2000-09-09,53087,3,1.47,6.37,,
104654,P,2001-02-23,82629,8,60.90,9.49,,
104655,P,2001-08-31,20585,9,39.64,2.72,,
104656,P,2001-04-25,77759,3,89.83,9.88,,
104657,P,2000-10-11,4565,3,66.57,4.59,,
104658,P,2002-09-15,35556,4,0.31,1.76,,
104659,P,2001-07-03,48574,2,96.43,6.11,,
104660,P,2001-11-17,26446,8,72.23,8.79,,
104661,P,2000-09-04,33104,6,70.05,9.52,,
104662,P,2001-12-21,86015,3,71.98,9.71,,
104663,P,2002-02-04,69843,9,0.77,3.40,,
104664,P,2001-07-04,60602,10,10.85,0.14,,
104665,P,2000-01-10,19476,6,22.15,2.62,,
104666,P,2002-04-13,63410,2,68.12,7.81,,
104667,P,2001-07-21,60497,8,51.06,9.96,,
104668,P,2002-08-31,35037,2,61.65,3.48,,
104669,P,2001-11-24,98846,6,17.28,7.57,,
104670,P,2002-08-17,34463,6,53.96,5.89,,
104671,P,2000-11-02,84623,10,30.86,5.41,,
104672,P,2001-05-19,65737,6,99.03,6.29,,
104673,P,2002-03-03,31645,4,85.32,4.23,,
104674,P,2000-12-29,7501,5,71.18,1.48,,
104675,P,2000-01-10,73022,8,88.73,9.79,,
104676,P,2001-02-01,17431,4,48.95,2.05,,
104677,P,2002-04-12,40584,10,5.14,8.26,,
104678,P,2002-07-22,20137,1,98.69,0.26,,
104679,P,2000-05-21,42711,6,41.70,9.41,,
104680,P,2000-05-14,34711,6,86.87,5.81,,
104681,P,2000-11-18,84457,3,98.87,3.62,,
104682,P,2002-06-14,67025,9,33.08,3.57,,
104683,P,2001-06-01,20296,2,7.48,6.66,,
104684,P,2001-02-11,62395,10,92.20,1.70,,
104685,P,2002-08-22,49358,4,39.92,5.82,,
104686,P,2001-04-30,55461,10,84.12,8.31,,
104687,P,2000-08-06,28492,5,19.43,1.52,,
104688,P,2000-12-03,56659,10,99.22,1.66,,
104689,P,2000-10-04,77445,9,99.37,6.38,,
104690,P,2000-07-12,53070,7,61.53,9.80,,
104691,P,2002-05-17,26285,2,14.02,9.35,,
104692,P,2001-01-07,94048,3,33.03,2.21,,
104693,P,2002-02-11,87839,3,95.83,6.69,,
104694,P,2001-08-23,48564,6,17.88,9.71,,
104695,P,2001-03-12,84876,7,34.80,3.78,,
104696,P,2002-04-17,20423,6,76.60,3.90,,
104697,P,2000-10-26,18436,8,47.45,2.84,,
104698,P,2000-11-22,90615,1,49.53,3.89,,
104699,P,2001-11-11,78629,1,80.06,1.29,,
104700,P,2002-01-23,23350,8,48.56,0.42,,
104701,P,2002-09-05,2916,2,50.33,3.10,,
104702,P,2000-06-23,9529,9,71.42,7.77,,
104703,P,2000-07-16,1060,1,70.11,6.08,,
104704,P,2002-09-12,84701,8,6.11,7.27,,
104705,P,2001-01-07,73570,4,5.02,6.07,,
104706,P,2001-03-01,8526,7,44.07,1.09,,
104707,P,2001-08-19,41063,8,39.91,7.81,,
104708,P,2002-03-05,76300,10,37.78,9.07,,
104709,P,2002-08-30,3730,10,64.71,6.15,,
104710,P,2000-08-22,2933,6,10.32,4.18,,
104711,P,2001-02-22,24030,2,40.79,5.46,,
104712,P,2002-05-25,38126,9,1.40,4.61,,
104713,P,2001-10-15,85657,3,48.00,2.83,,
104714,P,2001-03-20,19942,3,38.78,2.54,,
104715,P,2000-04-04,32743,8,75.69,3.20,,
104716,P,2002-09-13,61692,7,32.53,6.16,,
104717,P,2002-02-07,53077,5,70.03,1.50,,
104718,P,2000-04-19,16414,7,61.83,9.76,,
104719,P,2000-09-16,59812,7,52.57,6.32,,
104720,P,2002-08-22,40959,6,25.85,3.42,,
104721,P,2000-06-05,23611,8,21.57,0.54,,
104722,P,2002-05-10,81872,1,92.79,6.18,,
104723,P,2002-08-09,85285,10,95.97,6.86,,
104724,P,2001-09-29,24221,4,8.98,8.73,,
104725,P,2001-10-16,87427,2,26.55,3.02,,
104726,P,2001-12-04,57629,8,10.69,6.40,,
104727,P,2000-03-25,34881,9,7.74,1.27,,
104728,P,2002-04-15,27141,5,26.59,2.74,,
104729,P,2001-07-24,92752,5,50.27,2.87,,
104730,P,2002-06-27,52795,10,10.34,7.05,,
104731,P,2002-07-20,15308,4,56.63,9.94,,
104732,P,2002-02-05,89118,1,87.78,3.22,,
104733,P,2002-05-06,41086,9,54.56,7.07,,
104734,P,2000-09-03,83698,7,93.22,2.73,,
104735,P,2000-02-16,31768,5,9.25,0.87,,
104736,P,2002-05-25,4340,2,59.80,5.96,,
104737,P,2002-03-02,20361,2,52.19,1.57,,
104738,P,2000-04-29,2683,10,83.46,0.72,,
104739,P,2000-02-22,71007,8,49.22,9.31,,
104740,P,2002-09-09,89552,2,58.84,9.53,,
104741,P,2000-01-12,51790,10,95.19,0.05,,
104742,P,2001-08-31,56745,6,48.32,6.51,,
104743,P,2002-08-12,97244,2,49.74,4.23,,
104744,P,2002-07-10,55722,9,11.69,0.72,,
104745,P,2001-06-09,60161,6,77.98,7.42,,
104746,P,2000-02-19,87840,4,11.52,6.59,,
104747,P,2000-12-19,95876,8,89.20,1.74,,
104748,P,2002-09-05,66755,10,63.04,1.53,,
104749,P,2001-01-14,14757,2,88.82,1.02,,
104750,P,2001-03-26,19372,7,90.38,6.35,,
104751,P,2002-06-04,53945,6,51.41,3.07,,
104752,P,2001-10-22,28440,10,62.91,3.28,,
104753,P,2000-11-06,58392,8,72.47,7.82,,
104754,P,2001-12-22,45149,7,83.12,0.76,,
104755,P,2001-09-20,18340,2,36.35,2.58,,
104756,P,2000-08-14,86336,7,37.85,4.99,,
104757,P,2000-07-29,42660,10,47.47,7.67,,
104758,P,2002-08-16,76346,4,83.06,1.52,,
104759,P,2002-02-21,37662,2,5.63,3.03,,
104760,P,2000-01-07,30641,4,58.16,7.14,,
104761,P,2000-02-12,34947,8,88.98,0.50,,
104762,P,2000-05-17,29279,6,48.31,1.13,,
104763,P,2000-07-31,16257,5,64.95,1.03,,
104764,P,2000-08-01,67691,2,56.12,6.87,,
104765,P,2002-02-22,34984,9,34.55,4.03,,
104766,P,2000-09-22,67397,10,52.07,3.14,,
104767,P,2000-06-06,79131,8,17.14,2.69,,
104768,P,2000-08-25,99516,7,96.71,8.72,,
104769,P,2001-10-08,71464,2,88.57,1.23,,
104770,P,2001-08-19,55993,8,71.88,3.39,,
104771,P,2002-06-05,71875,3,89.42,7.54,,
104772,P,2001-05-28,17632,10,79.51,9.57,,
104773,P,2001-03-29,65453,10,93.71,3.91,,
104774,P,2001-12-11,64686,4,79.45,5.08,,
104775,P,2000-10-24,9521,9,26.65,8.98,,
104776,P,2001-04-21,18035,9,48.41,7.98,,
104777,P,2002-08-16,84153,10,26.46,0.96,,
104778,P,2002-05-18,73056,2,19.70,1.90,,
104779,P,2000-01-12,66527,3,49.08,6.63,,
104780,P,2000-03-31,75458,6,10.75,7.44,,
104781,P,2002-09-23,43685,1,3.28,3.98,,
104782,P,2000-09-22,31800,9,95.99,1.32,,
104783,P,2002-04-25,95822,6,9.64,4.80,,
104784,P,2002-03-26,86653,10,16.29,3.49,,
104785,P,2001-09-07,69881,5,89.11,5.20,,
104786,P,2001-03-04,71817,9,57.28,9.94,,
104787,P,2001-02-15,44430,4,2.20,9.85,,
104788,P,2001-12-26,46222,6,62.76,4.32,,
104789,P,2002-01-04,27370,10,53.47,7.50,,
104790,P,2002-07-07,34450,2,75.57,9.76,,
104791,P,2002-05-12,5698,2,78.14,7.98,,
104792,P,2000-02-15,55035,5,93.50,1.04,,
104793,P,2002-09-01,83007,6,2.00,7.31,,
104794,P,2001-12-10,52986,8,42.27,6.16,,
104795,P,2000-07-20,10417,4,38.30,9.05,,
104796,P,2000-10-10,7141,7,91.57,3.60,,
104797,P,2000-12-24,6905,4,8.28,9.02,,
104798,P,2001-05-02,49000,7,5.27,3.48,,
104799,P,2001-11-03,83150,3,94.06,8.92,,
104800,P,2000-02-23,87437,8,99.18,0.79,,
104801,P,2002-01-27,97633,8,47.67,8.73,,
104802,P,2000-12-10,8611,7,61.62,3.99,,
104803,P,2002-06-08,95162,6,25.84,9.87,,
104804,P,2001-07-20,18446,4,37.60,2.86,,
104805,P,2002-09-03,89874,5,88.81,6.89,,
104806,P,2001-06-11,86915,10,31.69,6.24,,
104807,P,2002-03-10,79251,10,39.83,6.81,,
104808,P,2002-09-24,40688,3,9.85,3.01,,
104809,P,2002-07-17,4351,4,22.06,3.94,,
104810,P,2000-06-16,48544,9,6.04,3.30,,
104811,P,2000-09-02,47715,5,50.04,0.76,,
104812,P,2001-03-30,58551,3,32.69,9.10,,
104813,P,2002-02-24,36156,3,77.44,3.08,,
104814,P,2001-05-24,69658,5,21.94,6.74,,
104815,P,2000-07-11,666,3,62.00,3.12,,
104816,P,2000-12-29,14795,9,91.88,0.58,,
104817,P,2001-04-21,40471,2,67.19,7.72,,
104818,P,2000-03-16,2029,7,85.98,8.30,,
104819,P,2000-09-13,66145,3,28.99,2.55,,
104820,P,2001-09-28,94298,4,90.79,3.21,,
104821,P,2001-10-10,32322,3,82.39,7.42,,
104822,P,2000-03-05,83983,7,23.33,3.65,,
104823,P,2001-04-07,86789,2,84.77,2.63,,
104824,P,2002-02-16,70824,10,21.19,4.42,,
104825,P,2000-11-13,63935,1,91.68,7.58,,
104826,P,2000-06-06,31483,2,98.42,1.10,,
104827,P,2000-02-13,27385,6,17.36,0.81,,
104828,P,2002-06-09,95144,9,78.68,6.64,,
104829,P,2000-01-10,52378,1,18.32,8.32,,
104830,P,2000-07-02,67454,9,51.83,8.33,,
104831,P,2001-11-04,59636,6,17.20,2.18,,
104832,P,2000-04-14,8285,1,1.41,6.83,,
104833,P,2002-07-17,53054,7,23.70,7.06,,
104834,P,2002-01-17,29416,1,8.85,3.15,,
104835,P,2000-11-06,74968,1,76.32,8.35,,
104836,P,2002-08-03,50712,7,34.99,5.82,,
104837,P,2000-06-09,67095,10,24.78,5.41,,
104838,P,2000-05-02,25203,6,70.62,0.27,,
104839,P,2000-12-02,22331,10,37.63,2.57,,
104840,P,2000-03-12,18840,9,48.20,6.50,,
104841,P,2002-03-23,57342,1,96.36,9.26,,
104842,P,2000-05-25,27483,7,25.64,8.41,,
104843,P,2002-03-03,77960,6,80.17,4.82,,
104844,P,2002-07-05,50601,9,8.35,7.20,,
104845,P,2001-09-07,7210,1,22.13,3.68,,
104846,P,2000-07-02,20343,5,29.82,1.67,,
104847,P,2000-01-24,81924,6,50.05,6.86,,
104848,P,2001-01-31,39745,10,88.74,8.56,,
104849,P,2002-07-13,61099,1,37.67,9.05,,
104850,P,2000-02-14,27066,4,70.35,3.57,,
104851,P,2001-03-22,14656,8,39.24,8.79,,
104852,P,2000-10-06,26162,3,90.98,1.17,,
104853,P,2001-11-22,27498,7,42.94,7.64,,
104854,P,2001-12-10,26006,6,62.83,4.66,,
104855,P,2000-10-30,48971,1,6.27,0.13,,
104856,P,2001-06-07,41568,10,35.60,6.15,,
104857,P,2001-01-28,3174,2,43.63,8.65,,
104858,P,2001-10-09,39579,5,86.57,6.02,,
104859,P,2002-07-06,59399,8,91.28,9.63,,
104860,P,2002-04-30,94246,9,54.35,6.38,,
104861,P,2000-10-01,94025,8,80.55,7.43,,
104862,P,2000-02-29,883,5,12.67,7.76,,
104863,P,2002-05-06,39261,1,90.21,2.34,,
104864,P,2000-06-22,28727,4,25.31,9.97,,
104865,P,2002-01-22,13144,8,44.94,5.49,,
104866,P,2000-03-10,89529,8,30.43,7.08,,
104867,P,2000-10-23,34259,2,54.77,4.22,,
104868,P,2000-08-20,68156,2,61.64,1.87,,
104869,P,2001-12-17,11842,2,29.60,6.59,,
104870,P,2002-06-13,97737,3,65.41,7.62,,
104871,P,2000-11-02,22160,2,93.21,1.47,,
104872,P,2000-09-11,72809,8,55.14,6.13,,
104873,P,2000-07-31,14286,8,92.44,0.50,,
104874,P,2000-07-08,36514,7,41.61,6.43,,
104875,P,2001-04-21,17851,3,46.15,4.29,,
104876,P,2001-06-15,34126,6,65.06,1.08,,
104877,P,2000-11-14,60646,9,56.23,5.87,,
104878,P,2000-07-10,4127,4,16.49,0.15,,
104879,P,2002-03-04,85188,9,4.20,9.15,,
104880,P,2002-05-10,73923,5,39.84,0.10,,
104881,P,2000-08-21,96575,9,4.16,2.76,,
104882,P,2001-09-26,2651,6,77.12,7.87,,
104883,P,2002-04-27,11688,1,64.30,9.23,,
104884,P,2002-06-23,76874,7,93.34,8.70,,
104885,P,2001-01-19,55927,4,5.44,6.82,,
104886,P,2000-07-25,19048,3,53.59,5.65,,
104887,P,2001-11-22,7687,4,54.00,1.02,,
104888,P,2001-12-14,97618,4,44.80,9.89,,
104889,P,2001-01-14,85380,4,69.72,6.99,,
104890,P,2002-06-07,39088,7,18.57,2.81,,
104891,P,2002-07-09,60688,7,34.50,1.17,,
104892,P,2000-08-28,91519,2,6.59,8.59,,
104893,P,2002-06-29,40622,9,0.34,6.36,,
104894,P,2001-02-11,79930,9,65.38,0.66,,
104895,P,2000-05-06,70084,6,45.23,6.38,,
104896,P,2000-07-18,94141,6,62.87,1.77,,
104897,P,2001-09-22,34467,7,30.70,9.09,,
104898,P,2001-04-04,14339,6,58.33,1.10,,
104899,P,2000-12-01,72246,9,65.29,2.61,,
104900,P,2001-11-24,69275,1,83.85,4.83,,
104901,P,2001-03-10,39086,1,35.68,2.40,,
104902,P,2002-09-25,72200,7,87.29,3.38,,
104903,P,2001-08-21,76778,9,49.63,1.04,,
104904,P,2000-05-12,51027,9,30.49,7.89,,
104905,P,2001-12-04,30568,4,21.63,7.39,,
104906,P,2000-07-25,67175,8,48.16,1.00,,
104907,P,2000-04-26,37527,6,81.12,1.60,,
104908,P,2001-03-25,19618,5,39.21,7.19,,
104909,P,2000-07-30,73581,1,6.69,3.92,,
104910,P,2002-08-07,77189,2,21.00,6.87,,
104911,P,2000-01-12,97285,10,5.54,3.31,,
104912,P,2002-04-24,59266,6,84.81,4.05,,
104913,P,2001-12-19,51980,2,36.27,6.85,,
104914,P,2000-02-21,36913,9,85.56,1.34,,
104915,P,2000-08-16,85726,8,30.37,0.51,,
104916,P,2000-06-22,2267,5,30.16,5.79,,
104917,P,2001-07-15,10693,5,79.83,7.00,,
104918,P,2001-06-10,94121,5,22.47,5.61,,
104919,P,2001-10-17,28213,1,86.11,2.57,,
104920,P,2001-05-23,93257,7,34.55,5.93,,
104921,P,2000-04-15,10225,3,75.54,5.88,,
104922,P,2000-12-11,46180,7,91.42,7.63,,
104923,P,2001-07-02,11692,3,59.17,2.50,,
104924,P,2001-10-31,13138,5,22.84,4.37,,
104925,P,2002-06-07,9969,1,2.56,6.56,,
104926,P,2000-04-03,57155,9,15.67,9.23,,
104927,P,2000-01-03,43728,1,67.17,0.50,,
104928,P,2002-02-27,92891,5,9.56,2.79,,
104929,P,2002-02-06,51397,6,0.54,8.12,,
104930,P,2000-01-27,95576,4,5.58,8.38,,
104931,P,2000-02-12,80366,4,90.42,2.51,,
104932,P,2002-06-08,21594,10,77.04,4.81,,
104933,P,2002-01-19,56203,7,22.05,9.00,,
104934,P,2001-03-28,48037,9,5.12,1.49,,
104935,P,2002-01-28,92779,7,34.83,7.74,,
104936,P,2000-12-31,52680,9,80.14,8.03,,
104937,P,2002-08-23,29218,2,97.21,2.98,,
104938,P,2000-06-24,11826,8,54.01,4.35,,
104939,P,2001-06-20,8927,9,68.97,3.44,,
104940,P,2000-11-14,27916,3,84.02,6.19,,
104941,P,2001-10-07,311,10,30.60,6.40,,
104942,P,2000-10-22,79061,7,29.59,5.99,,
104943,P,2001-01-10,70537,4,72.64,7.49,,
104944,P,2001-11-03,38465,1,92.25,4.26,,
104945,P,2001-10-22,45157,4,61.95,5.13,,
104946,P,2002-09-10,96441,1,99.34,8.85,,
104947,P,2000-11-07,75470,9,87.04,3.50,,
104948,P,2001-06-26,64993,9,68.64,6.29,,
104949,P,2000-09-24,74939,9,89.31,9.13,,
104950,P,2000-01-28,58537,10,60.67,0.18,,
104951,P,2002-02-05,74784,4,71.40,3.07,,
104952,P,2001-10-26,29682,6,97.50,8.77,,
104953,P,2001-11-08,41591,6,30.47,7.29,,
104954,P,2000-07-10,69110,4,41.85,4.99,,
104955,P,2002-01-13,25872,6,0.54,4.77,,
104956,P,2001-11-18,11968,1,14.31,0.04,,
104957,P,2000-06-14,89426,10,57.98,1.37,,
104958,P,2002-06-04,58560,4,40.04,7.36,,
104959,P,2002-03-12,62611,4,48.13,3.24,,
104960,P,2001-04-16,74711,1,81.36,0.89,,
104961,P,2001-03-03,31728,3,1.26,8.85,,
104962,P,2002-02-14,81997,2,67.82,5.42,,
104963,P,2002-08-05,38689,2,62.25,4.99,,
104964,P,2002-01-14,628,1,69.17,9.13,,
104965,P,2001-06-27,83240,5,43.53,2.58,,
104966,P,2001-05-30,79875,4,34.86,8.61,,
104967,P,2001-07-25,96835,9,91.44,7.04,,
104968,P,2000-02-28,80276,8,4.87,5.63,,
104969,P,2002-05-07,56663,9,19.35,8.50,,
104970,P,2000-04-17,75914,1,81.93,1.75,,
104971,P,2002-09-21,84775,3,93.25,1.84,,
104972,P,2000-11-24,42266,9,77.88,4.54,,
104973,P,2002-09-09,87674,9,52.22,8.65,,
104974,P,2001-07-29,31214,1,92.97,9.44,,
104975,P,2000-04-09,56503,2,1.39,9.17,,
104976,P,2002-03-01,22176,8,46.93,7.65,,
104977,P,2001-05-02,7800,9,46.26,6.67,,
104978,P,2001-04-19,91215,4,76.74,5.06,,
104979,P,2002-02-18,17897,3,31.08,4.13,,
104980,P,2001-02-02,64769,4,38.09,1.25,,
104981,P,2000-08-04,3365,7,90.74,9.13,,
104982,P,2000-07-06,7351,9,2.63,9.97,,
104983,P,2001-11-19,97375,6,31.73,9.78,,
104984,P,2000-02-06,42119,2,24.96,4.60,,
104985,P,2000-09-05,62907,4,95.50,6.10,,
104986,P,2001-12-28,21903,4,85.44,1.83,,
104987,P,2000-06-07,1134,8,49.04,8.23,,
104988,P,2000-08-15,5889,2,9.15,4.96,,
104989,P,2002-08-17,84783,4,38.76,2.51,,
104990,P,2002-09-22,31582,8,28.58,8.47,,
104991,P,2000-04-11,8610,9,92.28,0.94,,
104992,P,2001-03-21,16817,3,63.65,8.87,,
104993,P,2001-01-04,76214,4,66.44,5.87,,
104994,P,2002-05-27,51132,1,14.51,9.43,,
104995,P,2001-03-08,12157,2,73.30,4.56,,
104996,P,2000-06-16,50968,7,43.65,9.31,,
104997,P,2001-02-12,24267,8,35.37,0.84,,
104998,P,2001-02-01,88106,8,45.94,8.86,,
104999,P,2000-07-30,97126,4,39.07,3.43,,
105000,P,2002-09-15,24161,10,76.17,5.37,,
105001,P,2001-08-16,65896,9,22.60,4.53,,
105002,P,2000-11-10,35214,4,12.13,5.28,,
105003,P,2000-04-13,53222,10,37.27,4.01,,
105004,P,2000-03-08,69288,9,30.30,7.29,,
105005,P,2000-12-14,11236,9,37.92,9.63,,
105006,P,2001-04-25,28980,9,13.97,2.94,,
105007,P,2001-01-31,51440,7,64.88,7.93,,
105008,P,2001-09-21,91701,7,73.45,7.37,,
105009,P,2001-07-22,30681,6,62.95,8.83,,
105010,P,2002-04-11,25406,7,71.36,8.24,,
105011,P,2000-09-11,88464,3,7.22,2.01,,
105012,P,2000-09-09,5914,9,87.76,9.83,,
105013,P,2002-05-08,1840,8,65.29,2.49,,
105014,P,2001-10-10,97551,4,80.21,1.28,,
105015,P,2001-05-09,53158,2,44.77,4.25,,
105016,P,2000-06-04,31866,6,1.16,8.45,,
105017,P,2001-08-03,76573,7,45.36,1.22,,
105018,P,2000-01-17,49162,8,86.32,4.09,,
105019,P,2001-08-31,13608,1,3.93,3.49,,
105020,P,2000-04-19,49774,9,39.99,4.33,,
105021,P,2000-05-16,37711,8,96.04,3.74,,
105022,P,2002-08-01,39932,7,79.22,4.46,,
105023,P,2000-12-14,28270,4,84.32,7.22,,
105024,P,2001-01-23,58120,6,27.80,4.22,,
105025,P,2001-06-09,34546,3,76.69,0.46,,
105026,P,2000-07-11,23450,10,50.20,0.85,,
105027,P,2002-05-25,2548,8,40.70,9.05,,
105028,P,2000-12-17,67129,5,93.75,1.77,,
105029,P,2000-12-15,76029,10,58.36,7.78,,
105030,P,2002-04-07,32346,3,68.41,7.06,,
105031,P,2001-06-25,89106,3,23.51,1.62,,
105032,P,2001-08-03,93419,9,38.71,0.03,,
105033,P,2002-08-05,37323,9,16.29,5.30,,
105034,P,2001-06-15,59665,3,31.39,5.01,,
105035,P,2002-04-24,72108,5,58.43,3.00,,
105036,P,2002-06-06,11653,9,93.27,7.03,,
105037,P,2000-01-26,55783,3,16.41,4.84,,
105038,P,2002-02-03,56591,6,39.39,0.99,,
105039,P,2001-03-22,8365,3,58.30,5.75,,
105040,P,2001-10-29,86499,10,43.73,9.08,,
105041,P,2000-05-24,58898,2,88.54,3.38,,
105042,P,2000-08-09,51180,8,38.41,5.90,,
105043,P,2002-05-25,23172,10,10.82,1.23,,
105044,P,2002-07-15,84215,5,38.64,6.29,,
105045,P,2000-10-24,19640,8,92.48,1.43,,
105046,P,2002-09-07,15617,5,62.43,1.82,,
105047,P,2002-09-18,85907,7,92.22,6.97,,
105048,P,2002-02-01,85517,6,99.54,1.03,,
105049,P,2000-02-01,61269,2,41.97,1.95,,
105050,P,2002-05-27,30659,10,76.82,5.12,,
105051,P,2002-04-01,32225,8,78.14,6.04,,
105052,P,2000-09-28,96170,1,25.30,9.40,,
105053,P,2000-09-09,29813,2,38.89,8.56,,
105054,P,2002-05-24,86937,1,35.20,7.78,,
105055,P,2000-08-16,35638,6,90.09,3.63,,
105056,P,2000-07-29,85640,3,51.82,0.17,,
105057,P,2001-08-27,22051,7,19.77,4.75,,
105058,P,2001-05-05,53347,8,28.50,7.36,,
105059,P,2001-10-07,64986,3,24.89,3.01,,
105060,P,2002-09-06,84395,6,97.54,0.38,,
105061,P,2000-02-05,23238,8,97.63,0.83,,
105062,P,2002-04-25,97840,10,21.98,2.52,,
105063,P,2002-02-19,56328,10,60.84,7.45,,
105064,P,2001-03-02,87869,2,21.02,9.06,,
105065,P,2000-04-13,86449,10,60.42,8.39,,
105066,P,2000-11-24,81254,1,45.06,7.26,,
105067,P,2000-07-09,77470,7,38.27,5.35,,
105068,P,2000-01-11,86592,6,72.62,1.41,,
105069,P,2001-10-08,21077,2,98.27,4.31,,
105070,P,2000-06-26,73976,7,19.80,7.98,,
105071,P,2000-10-27,37008,6,19.26,5.76,,
105072,P,2002-01-10,12687,5,18.44,0.33,,
105073,P,2000-04-02,47518,8,88.16,0.91,,
105074,P,2001-06-26,31702,9,93.87,2.86,,
105075,P,2001-10-21,94208,6,37.93,9.15,,
105076,P,2000-02-12,23986,1,80.88,9.11,,
105077,P,2000-01-18,52416,9,22.30,5.78,,
105078,P,2001-10-14,58307,4,87.96,9.98,,
105079,P,2002-06-07,17543,6,85.11,6.99,,
105080,P,2002-01-24,67887,5,11.77,3.73,,
105081,P,2002-01-27,539,7,99.73,5.64,,
105082,P,2002-01-18,49087,3,35.12,3.24,,
105083,P,2000-01-31,4833,4,93.69,2.47,,
105084,P,2002-04-28,77485,2,50.59,1.81,,
105085,P,2000-11-15,13075,10,2.35,4.03,,
105086,P,2000-02-04,42245,6,70.05,7.74,,
105087,P,2002-09-08,10315,6,82.29,3.31,,
105088,P,2001-07-24,80036,10,51.79,4.03,,
105089,P,2001-06-01,53366,7,56.94,8.56,,
105090,P,2002-09-11,64998,3,66.06,6.49,,
105091,P,2001-01-07,47100,6,66.01,4.39,,
105092,P,2001-11-24,73065,7,48.86,8.28,,
105093,P,2001-01-09,47070,2,3.85,8.92,,
105094,P,2000-09-24,97461,9,30.54,7.00,,
105095,P,2002-09-27,41021,1,7.76,0.12,,
105096,P,2001-10-30,29996,10,4.33,4.64,,
105097,P,2000-09-17,80403,5,66.41,4.13,,
