361385,P,2000-09-29,15421,5,21.64,6.60,,
361386,P,2002-02-05,11259,9,15.45,7.57,,
361387,P,2001-04-16,55987,8,54.15,6.03,,
361388,P,2000-07-21,23967,10,63.15,6.43,,
361389,P,2001-01-17,26184,8,86.58,3.87,,
361390,P,2001-10-29,81209,5,61.29,1.33,,
361391,P,2001-01-10,65560,2,70.50,0.02,,
361392,P,2000-12-20,16421,1,49.47,9.95,,
361393,P,2001-06-13,93482,3,55.08,8.54,,
361394,P,2001-12-17,99394,2,69.03,8.39,,
361395,P,2002-05-02,85088,1,40.35,8.84,,
361396,P,2001-02-04,74767,1,0.93,7.84,,
361397,P,2000-07-13,23457,6,56.90,5.35,,
361398,P,2001-07-20,35772,10,40.11,0.53,,
361399,P,2002-09-27,24263,6,9.18,6.88,,
361400,P,2001-10-30,20992,7,74.78,9.60,,
361401,P,2000-01-06,20096,2,56.52,7.99,,
361402,P,2000-08-11,24242,9,37.60,4.22,,
361403,P,2001-11-25,59319,6,89.36,6.03,,
361404,P,2002-06-07,63340,6,49.43,5.84,,
361405,P,2002-07-21,92848,4,85.80,5.54,,
361406,P,2000-10-08,79416,9,78.40,9.50,,
361407,P,2000-01-04,27138,10,15.77,0.20,,
361408,P,2002-08-11,3131,4,74.27,0.56,,
361409,P,2002-05-29,29085,5,13.11,4.47,,
361410,P,2000-10-01,40346,5,81.63,6.70,,
361411,P,2002-08-16,91379,2,52.98,0.71,,
361412,P,2000-12-25,37812,5,77.27,7.49,,
361413,P,2002-07-12,41489,2,8.56,2.50,,
361414,P,2000-09-07,76749,5,31.71,4.01,,
361415,P,2001-03-19,11296,3,31.97,3.64,,
361416,P,2000-08-07,81395,1,98.55,6.48,,
361417,P,2002-09-14,72168,5,51.40,6.86,,
361418,P,2000-11-20,75761,1,83.66,3.67,,
361419,P,2002-02-22,24818,9,92.43,5.85,,
361420,P,2001-04-19,59201,4,40.35,6.64,,
361421,P,2001-12-30,47109,2,56.49,6.81,,
361422,P,2001-06-08,43293,8,13.65,7.35,,
361423,P,2000-08-18,96640,8,43.33,0.26,,
361424,P,2000-12-12,53469,1,91.23,6.24,,
361425,P,2000-06-10,66115,4,81.33,7.60,,
361426,P,2000-03-27,53022,3,20.10,2.97,,
361427,P,2002-01-16,16100,6,11.02,3.44,,
361428,P,2000-04-11,48769,5,87.60,8.99,,
361429,P,2000-05-19,95263,9,92.26,1.99,,
361430,P,2002-05-06,5072,2,98.27,3.37,,
361431,P,2000-07-14,51112,10,87.20,1.92,,
361432,P,2002-05-21,54834,6,39.77,6.46,,
361433,P,2000-07-27,21233,2,0.69,5.48,,
361434,P,2001-02-09,31803,8,30.10,4.96,,
361435,P,2001-07-20,5110,6,16.77,8.78,,
361436,P,2001-12-13,92571,8,43.39,8.71,,
361437,P,2001-03-09,2621,7,57.38,3.76,,
361438,P,2002-09-10,42769,9,24.26,6.49,,
361439,P,2001-01-30,52745,9,55.40,1.43,,
361440,P,2000-05-04,72465,4,65.46,1.27,,
361441,P,2000-10-31,56339,4,56.35,4.08,,
361442,P,2001-11-22,76801,2,53.27,3.55,,
361443,P,2001-11-16,288,1,23.83,0.15,,
361444,P,2001-04-30,22915,3,40.21,2.93,,
361445,P,2000-01-26,29217,3,29.02,7.27,,
361446,P,2002-01-12,69215,5,98.20,4.60,,
361447,P,2001-05-12,63924,10,77.22,3.34,,
361448,P,2000-11-25,42385,10,3.70,3.35,,
361449,P,2001-09-18,20198,10,24.69,6.45,,
361450,P,2002-01-06,48199,1,94.73,3.80,,
361451,P,2000-05-13,62926,8,56.95,9.27,,
361452,P,2000-05-04,47322,5,0.28,9.88,,
361453,P,2000-08-24,82430,1,97.54,4.17,,
361454,P,2001-10-20,72526,7,85.28,0.74,,
361455,P,2002-08-04,37996,3,90.95,3.16,,
361456,P,2002-02-14,60301,5,61.00,4.56,,
361457,P,2001-12-09,78689,10,68.79,1.12,,
361458,P,2000-05-20,19105,2,36.51,9.73,,
361459,P,2001-09-08,21323,8,32.69,8.35,,
361460,P,2002-02-26,64088,3,99.94,8.32,,
361461,P,2000-01-30,11910,8,87.12,8.08,,
361462,P,2002-02-16,38330,9,90.61,2.51,,
361463,P,2002-04-10,69432,3,38.00,2.14,,
361464,P,2001-06-01,19029,1,29.63,4.24,,
361465,P,2000-08-25,41023,7,3.65,9.60,,
361466,P,2002-02-02,46969,7,49.74,7.31,,
361467,P,2001-01-28,47012,7,29.55,7.77,,
361468,P,2001-04-08,59498,9,49.34,2.13,,
361469,P,2000-07-09,100000,8,51.61,1.52,,
361470,P,2001-12-13,29968,4,21.04,8.66,,
361471,P,2001-10-12,94931,6,27.01,0.50,,
361472,P,2002-05-27,7966,8,80.15,8.18,,
361473,P,2002-03-14,17012,4,37.69,6.64,,
361474,P,2002-06-10,30705,9,51.19,0.78,,
361475,P,2001-10-17,94142,2,95.57,3.68,,
361476,P,2001-08-30,94354,5,12.63,2.64,,
361477,P,2002-03-29,30954,8,68.72,4.25,,
361478,P,2001-04-13,50673,1,28.05,9.78,,
361479,P,2000-02-11,7571,6,61.43,5.00,,
361480,P,2001-09-16,38448,1,56.54,3.91,,
361481,P,2001-01-01,52880,7,60.44,6.78,,
361482,P,2002-04-25,84945,5,76.97,3.22,,
361483,P,2000-11-26,24612,1,90.10,1.63,,
361484,P,2001-10-15,85564,5,96.53,0.07,,
361485,P,2002-05-11,3087,8,56.68,3.10,,
361486,P,2001-07-07,96814,4,4.90,6.40,,
361487,P,2001-02-18,38411,10,88.97,9.12,,
361488,P,2001-11-19,43601,3,4.64,2.65,,
361489,P,2001-01-07,48330,6,6.74,5.36,,
361490,P,2000-04-04,38781,3,61.96,4.81,,
361491,P,2000-04-27,6048,3,90.04,8.77,,
361492,P,2001-08-13,65747,8,50.69,9.52,,
361493,P,2000-03-12,81714,8,94.06,3.51,,
361494,P,2001-05-24,27615,5,99.94,2.99,,
361495,P,2000-09-06,65286,6,80.23,2.46,,
361496,P,2000-10-14,6574,2,24.23,5.35,,
361497,P,2000-03-30,52768,4,58.61,9.97,,
361498,P,2001-10-21,69259,10,49.07,6.51,,
361499,P,2000-01-23,27947,8,19.70,4.88,,
361500,P,2002-03-15,37961,10,77.70,5.00,,
361501,P,2002-01-23,88780,7,17.18,4.76,,
361502,P,2001-06-24,87250,8,4.24,2.11,,
361503,P,2000-01-24,63950,10,53.18,9.87,,
361504,P,2001-03-27,96516,5,19.78,2.14,,
361505,P,2000-01-10,50926,4,61.52,8.44,,
361506,P,2000-10-13,50081,6,2.67,5.05,,
361507,P,2001-03-06,20599,3,48.36,3.84,,
361508,P,2000-06-30,45251,6,24.63,8.21,,
361509,P,2001-04-15,65592,4,68.30,2.98,,
361510,P,2001-08-26,35348,4,91.68,6.16,,
361511,P,2000-10-09,74872,8,99.47,5.69,,
361512,P,2000-12-27,22823,2,39.17,1.93,,
361513,P,2000-11-12,17747,7,32.61,8.53,,
361514,P,2002-07-08,28737,8,57.34,7.71,,
361515,P,2002-08-04,30824,10,39.85,2.43,,
361516,P,2002-07-10,6251,8,45.93,3.37,,
361517,P,2001-01-24,72002,4,19.91,3.82,,
361518,P,2001-06-20,20366,2,32.96,4.93,,
361519,P,2002-05-19,26178,4,62.52,6.67,,
361520,P,2001-05-10,34395,3,75.78,6.21,,
361521,P,2001-05-09,73854,8,20.76,9.42,,
361522,P,2000-02-18,22766,4,83.55,7.99,,
361523,P,2001-08-25,3965,9,19.55,6.69,,
361524,P,2001-03-05,28804,10,86.05,2.16,,
361525,P,2002-06-21,83201,2,16.16,2.53,,
361526,P,2002-03-13,64572,9,69.42,5.22,,
361527,P,2002-08-27,19080,7,22.04,8.28,,
361528,P,2000-09-29,65089,9,2.62,2.15,,
361529,P,2002-08-06,14506,2,13.36,5.68,,
361530,P,2000-10-18,911,1,28.26,7.96,,
361531,P,2001-05-14,49071,1,90.59,5.57,,
361532,P,2002-09-06,73113,9,70.55,0.18,,
361533,P,2001-12-18,18867,7,76.60,3.75,,
361534,P,2002-01-31,38195,10,60.40,5.18,,
361535,P,2001-11-24,93843,6,66.66,2.31,,
361536,P,2000-12-28,57281,9,57.73,8.27,,
361537,P,2001-11-01,74857,2,15.95,2.03,,
361538,P,2002-05-02,38199,1,32.45,9.58,,
361539,P,2001-07-28,26469,10,94.92,9.83,,
361540,P,2000-04-18,24745,1,82.61,5.31,,
361541,P,2000-02-22,71052,2,67.69,9.71,,
361542,P,2001-10-08,19751,10,22.61,7.62,,
361543,P,2000-07-26,12716,4,90.71,3.37,,
361544,P,2002-07-08,61717,9,33.41,4.17,,
361545,P,2000-05-24,15471,6,86.92,5.41,,
361546,P,2002-01-26,82047,6,54.31,1.39,,
361547,P,2002-04-27,68917,6,67.11,1.65,,
361548,P,2002-08-03,78136,3,93.23,2.99,,
361549,P,2002-04-02,13186,4,26.40,2.61,,
361550,P,2002-01-18,10794,10,10.09,0.65,,
361551,P,2000-06-05,15331,4,0.64,3.37,,
361552,P,2002-08-10,90372,6,76.81,4.67,,
361553,P,2000-07-31,66103,7,48.63,4.76,,
361554,P,2000-04-23,72046,1,72.62,5.87,,
361555,P,2000-03-08,10081,5,17.17,9.31,,
361556,P,2002-06-09,16131,9,47.84,5.33,,
361557,P,2002-05-27,8107,8,37.98,9.98,,
361558,P,2001-12-02,141,3,98.53,2.36,,
361559,P,2001-05-18,5093,10,81.65,8.62,,
361560,P,2001-05-31,94677,2,37.31,7.91,,
361561,P,2002-07-21,68974,3,3.88,5.68,,
361562,P,2000-05-19,24570,7,96.48,2.72,,
361563,P,2002-06-17,27582,5,81.37,8.16,,
361564,P,2001-10-21,37209,10,34.19,1.01,,
361565,P,2002-03-09,43787,10,29.10,2.67,,
361566,P,2002-04-05,75587,5,82.78,7.04,,
361567,P,2002-08-04,65653,3,58.33,5.03,,
361568,P,2002-05-25,52105,7,49.81,7.21,,
361569,P,2000-08-30,59174,5,78.59,3.12,,
361570,P,2001-08-11,81400,7,4.93,9.64,,
361571,P,2002-03-13,6686,4,14.04,0.36,,
361572,P,2002-09-24,29262,8,34.32,0.80,,
361573,P,2000-07-18,90640,6,4.56,7.13,,
361574,P,2001-11-21,29456,3,19.24,6.84,,
361575,P,2001-02-05,26961,7,79.28,5.26,,
361576,P,2001-01-24,83028,6,94.23,4.55,,
361577,P,2000-03-01,87662,9,40.54,4.68,,
361578,P,2000-10-25,52175,7,93.97,1.59,,
361579,P,2002-08-23,36691,1,46.51,2.77,,
361580,P,2000-11-20,30979,1,98.37,9.26,,
361581,P,2000-10-20,47958,5,12.62,7.08,,
361582,P,2001-03-01,34051,7,5.30,0.16,,
361583,P,2000-12-01,63798,4,58.29,9.80,,
361584,P,2000-05-02,5751,8,64.57,8.57,,
361585,P,2001-03-19,34420,5,67.45,2.06,,
361586,P,2002-05-19,26456,10,8.22,8.79,,
361587,P,2001-06-29,44231,8,6.29,8.28,,
361588,P,2001-11-03,64504,2,96.92,2.02,,
361589,P,2002-01-08,86668,5,73.06,3.72,,
361590,P,2001-06-20,20089,7,9.87,1.83,,
361591,P,2000-09-25,45331,10,67.05,3.10,,
361592,P,2002-05-07,234,2,88.11,5.40,,
361593,P,2000-12-14,10451,6,59.51,9.71,,
361594,P,2002-02-09,30532,4,99.64,6.10,,
361595,P,2000-07-26,79375,2,98.79,5.09,,
361596,P,2002-06-02,44822,1,71.66,0.45,,
361597,P,2001-11-21,81292,9,57.52,1.96,,
361598,P,2000-07-29,15138,2,50.76,1.83,,
361599,P,2001-06-08,37181,3,63.94,3.24,,
361600,P,2000-03-24,61912,2,34.30,2.03,,
361601,P,2001-07-29,91670,7,42.62,0.83,,
361602,P,2000-10-24,59417,5,96.69,3.89,,
361603,P,2000-02-20,11199,3,93.63,3.52,,
361604,P,2002-03-28,43698,6,55.17,3.58,,
361605,P,2001-10-07,97010,9,74.48,3.86,,
361606,P,2001-05-28,90623,8,63.94,0.21,,
361607,P,2002-01-20,7803,6,28.34,1.12,,
361608,P,2001-05-29,92036,6,21.99,3.43,,
361609,P,2001-10-31,23682,9,79.78,2.89,,
361610,P,2000-02-20,18950,5,78.22,7.42,,
361611,P,2002-09-27,31011,2,96.72,2.74,,
361612,P,2000-12-08,32623,5,19.17,6.15,,
361613,P,2001-01-25,54112,3,92.52,4.24,,
361614,P,2001-07-15,54236,8,95.05,7.50,,
361615,P,2000-07-31,84481,6,32.26,9.00,,
361616,P,2002-06-07,9996,1,68.47,3.53,,
361617,P,2000-09-26,23577,3,93.39,7.61,,
361618,P,2000-07-20,18255,5,55.66,2.51,,
361619,P,2000-11-19,91360,7,44.75,8.33,,
361620,P,2000-10-19,87303,3,94.38,8.80,,
361621,P,2000-01-03,58545,9,97.35,3.68,,
361622,P,2001-06-02,8241,3,30.41,0.02,,
361623,P,2001-06-13,85151,10,80.21,9.04,,
361624,P,2001-11-12,39904,3,29.65,4.27,,
361625,P,2000-07-08,38786,8,12.45,9.95,,
361626,P,2000-01-25,12297,2,4.18,3.23,,
361627,P,2001-10-14,95135,7,4.25,3.55,,
361628,P,2002-07-05,16477,8,85.75,5.56,,
361629,P,2002-08-28,36576,2,11.79,2.25,,
361630,P,2001-09-26,44622,2,81.40,7.84,,
361631,P,2000-07-25,67193,5,85.02,7.25,,
361632,P,2001-05-08,64394,10,81.00,6.23,,
361633,P,2000-01-18,9799,1,14.87,6.69,,
361634,P,2001-03-20,68294,7,58.09,7.81,,
361635,P,2002-03-13,84233,8,92.76,3.75,,
361636,P,2002-06-19,66026,6,91.62,1.03,,
361637,P,2001-07-21,4289,6,98.53,7.75,,
361638,P,2001-07-19,74108,5,28.57,7.97,,
361639,P,2001-03-15,8495,6,81.44,9.08,,
361640,P,2002-03-15,11265,5,70.10,6.84,,
361641,P,2000-09-21,16568,4,32.07,9.47,,
361642,P,2002-07-28,79994,4,46.42,9.99,,
361643,P,2002-03-25,56265,3,40.66,5.79,,
361644,P,2000-10-17,36961,7,40.51,6.20,,
361645,P,2001-09-03,39548,7,80.18,4.82,,
361646,P,2001-10-28,19556,6,75.07,7.15,,
361647,P,2001-04-04,54543,10,9.79,9.52,,
361648,P,2002-06-16,33889,5,66.14,3.61,,
361649,P,2002-08-25,10259,3,36.41,2.32,,
361650,P,2000-09-25,95415,5,81.03,6.61,,
361651,P,2000-08-31,20873,4,35.92,2.01,,
361652,P,2001-07-08,36443,9,49.74,2.99,,
361653,P,2002-08-30,24352,5,54.43,7.08,,
361654,P,2002-05-05,37662,4,88.73,8.10,,
361655,P,2001-05-28,60882,5,98.15,1.21,,
361656,P,2001-11-02,46095,4,55.76,0.45,,
361657,P,2002-08-16,25035,9,82.52,8.92,,
361658,P,2001-06-19,24846,4,90.53,9.15,,
361659,P,2000-05-06,69248,8,5.34,4.17,,
361660,P,2001-03-07,4914,3,97.25,7.62,,
361661,P,2001-08-16,71058,5,69.39,3.99,,
361662,P,2000-11-18,53392,1,70.99,9.27,,
361663,P,2001-06-21,25915,7,60.51,7.12,,
361664,P,2001-02-06,23066,1,41.93,3.30,,
361665,P,2001-04-23,40592,2,26.97,9.98,,
361666,P,2000-02-18,35322,5,10.53,1.46,,
361667,P,2001-11-19,69049,1,8.30,6.46,,
361668,P,2002-03-24,69209,6,86.31,9.84,,
361669,P,2001-02-24,20224,5,15.62,4.40,,
361670,P,2001-06-14,66521,5,60.90,7.02,,
361671,P,2001-08-21,87364,4,14.62,8.48,,
361672,P,2000-06-04,3158,1,67.32,0.00,,
361673,P,2001-02-09,63109,1,98.30,2.59,,
361674,P,2001-03-11,70127,8,9.51,8.12,,
361675,P,2000-09-04,56445,6,13.96,3.82,,
361676,P,2002-04-24,99022,2,67.70,8.08,,
361677,P,2000-05-15,58791,2,51.44,2.64,,
361678,P,2002-05-26,76578,5,48.66,3.02,,
361679,P,2001-03-04,47264,10,19.21,5.94,,
361680,P,2002-07-25,45111,1,78.66,9.77,,
361681,P,2002-08-18,63782,10,64.66,5.93,,
361682,P,2000-12-08,61091,3,47.63,9.09,,
361683,P,2001-07-06,50629,9,33.71,2.19,,
361684,P,2002-07-07,36733,7,48.88,2.32,,
361685,P,2000-05-04,99539,4,28.15,5.66,,
361686,P,2002-07-11,35143,5,13.11,1.48,,
361687,P,2000-02-15,60912,8,33.43,6.81,,
361688,P,2000-04-29,56609,1,87.56,9.19,,
361689,P,2000-08-18,95745,8,55.69,0.90,,
361690,P,2001-01-06,49954,7,9.36,0.38,,
361691,P,2001-01-15,42027,10,14.23,0.78,,
361692,P,2000-10-02,93125,7,12.42,5.58,,
361693,P,2002-08-03,20106,8,34.83,6.28,,
361694,P,2002-03-11,63685,6,9.96,8.28,,
361695,P,2002-03-19,27880,7,62.49,6.52,,
361696,P,2000-01-17,59870,2,27.40,8.13,,
361697,P,2002-01-02,65043,10,52.03,3.51,,
361698,P,2002-07-15,2481,1,64.41,9.20,,
361699,P,2001-06-11,54813,7,85.07,6.18,,
361700,P,2002-05-24,89006,2,15.43,4.73,,
361701,P,2001-04-22,98101,8,40.51,3.59,,
361702,P,2001-01-08,97979,6,67.74,0.72,,
361703,P,2001-09-15,78737,1,23.70,1.83,,
361704,P,2000-12-04,25728,2,95.14,3.24,,
361705,P,2001-09-26,44643,10,22.01,8.77,,
361706,P,2001-01-24,57191,7,44.79,3.87,,
361707,P,2002-02-24,60696,9,19.17,8.61,,
361708,P,2001-12-20,32354,8,21.61,6.42,,
361709,P,2001-10-19,24184,2,56.24,7.03,,
361710,P,2000-08-13,13071,8,26.34,5.62,,
361711,P,2001-07-16,36415,9,48.51,8.57,,
361712,P,2000-04-02,299,1,43.91,5.59,,
361713,P,2000-09-28,44597,8,73.43,2.65,,
361714,P,2000-06-12,19910,1,7.17,8.38,,
361715,P,2000-12-08,1483,7,94.36,4.46,,
361716,P,2000-06-21,63826,5,85.80,8.66,,
361717,P,2000-03-28,77534,1,74.67,1.60,,
361718,P,2000-10-13,77499,4,96.08,7.33,,
361719,P,2001-10-31,69119,3,17.16,0.76,,
361720,P,2000-08-15,55151,9,96.82,3.15,,
361721,P,2000-03-31,34495,9,96.64,8.99,,
361722,P,2001-11-28,7448,8,69.30,5.07,,
361723,P,2000-10-04,51981,6,31.66,6.38,,
361724,P,2000-09-28,56554,10,42.60,2.12,,
361725,P,2000-06-17,39741,1,99.93,3.76,,
361726,P,2002-05-13,72500,4,87.11,9.27,,
361727,P,2000-03-08,26858,2,33.07,7.04,,
361728,P,2001-04-01,86587,1,17.43,5.97,,
361729,P,2001-12-25,71601,10,66.89,7.24,,
361730,P,2002-09-09,65477,10,9.79,5.96,,
361731,P,2002-07-13,64173,1,22.83,6.39,,
361732,P,2002-05-01,61893,6,24.71,5.99,,
361733,P,2000-11-01,36203,9,12.38,7.90,,
361734,P,2000-09-26,5983,5,1.74,8.83,,
361735,P,2002-06-06,97607,7,28.99,8.08,,
361736,P,2000-07-05,89756,8,72.56,4.95,,
361737,P,2001-12-08,66619,4,48.81,8.70,,
361738,P,2000-05-20,68044,10,14.13,5.73,,
361739,P,2002-08-08,98141,6,91.39,7.38,,
361740,P,2001-01-27,78039,8,3.15,9.05,,
361741,P,2001-11-08,72484,5,19.02,9.12,,
361742,P,2002-06-16,70609,8,88.29,6.20,,
361743,P,2001-06-30,53986,6,70.60,7.05,,
361744,P,2000-12-23,1719,9,1.87,5.03,,
361745,P,2000-11-04,99918,2,83.46,0.41,,
361746,P,2001-02-15,16146,6,28.41,4.44,,
361747,P,2001-03-01,63501,10,58.18,8.89,,
361748,P,2001-04-02,26086,6,88.88,0.47,,
361749,P,2001-07-11,74940,1,96.02,9.07,,
361750,P,2000-06-17,30177,4,52.75,8.87,,
361751,P,2001-09-13,79533,10,16.60,6.77,,
361752,P,2000-09-05,44556,10,38.75,2.22,,
361753,P,2000-10-07,54512,8,82.28,6.93,,
361754,P,2000-08-23,64746,8,89.46,2.60,,
361755,P,2000-01-04,37311,5,38.50,1.82,,
361756,P,2000-08-19,80779,9,82.24,5.50,,
361757,P,2002-05-03,30521,3,51.67,6.68,,
361758,P,2001-08-19,80959,5,65.10,7.27,,
361759,P,2002-02-28,48212,1,7.73,0.69,,
361760,P,2001-06-10,53520,2,55.38,5.49,,
361761,P,2001-08-04,45459,5,91.05,0.23,,
361762,P,2000-11-15,92768,8,71.23,4.96,,
361763,P,2001-05-20,23997,5,82.10,2.66,,
361764,P,2001-11-06,47085,4,50.66,8.08,,
361765,P,2002-04-29,23329,10,3.29,7.74,,
361766,P,2000-06-05,49633,5,92.42,6.14,,
361767,P,2002-09-20,53414,6,26.58,3.44,,
361768,P,2001-09-24,65302,8,98.60,7.09,,
361769,P,2002-02-12,70771,2,17.27,2.49,,
361770,P,2000-06-04,64360,1,28.28,0.51,,
361771,P,2001-02-23,82401,10,54.91,5.86,,
361772,P,2000-07-03,24123,9,83.90,1.30,,
361773,P,2000-02-12,73577,3,21.92,7.73,,
361774,P,2002-09-12,31967,2,93.40,5.08,,
361775,P,2002-02-06,42353,5,48.01,8.67,,
361776,P,2002-06-15,32124,10,9.78,2.18,,
361777,P,2002-01-25,20031,1,75.58,6.62,,
361778,P,2000-10-23,75147,5,7.61,1.51,,
361779,P,2000-01-05,81006,1,29.64,9.94,,
361780,P,2002-06-15,51273,10,34.34,9.28,,
361781,P,2002-04-26,64815,4,28.70,8.69,,
361782,P,2001-05-14,99610,1,6.81,5.42,,
361783,P,2002-06-13,95022,9,8.92,0.39,,
361784,P,2001-02-11,4955,4,0.54,0.51,,
361785,P,2002-02-02,357,3,61.82,5.41,,
361786,P,2002-01-29,46799,6,63.98,9.97,,
361787,P,2000-11-14,76006,4,26.51,2.67,,
361788,P,2000-04-14,24225,5,97.48,6.28,,
361789,P,2002-09-21,11571,1,54.89,4.64,,
361790,P,2001-06-10,20376,1,10.78,1.01,,
361791,P,2000-12-28,17154,1,77.56,7.83,,
361792,P,2002-06-21,73274,1,14.23,3.56,,
361793,P,2002-05-21,32720,2,6.93,6.30,,
361794,P,2002-08-21,23911,3,26.74,6.22,,
361795,P,2002-02-15,61640,9,25.19,3.57,,
361796,P,2001-02-01,99033,10,65.06,2.52,,
361797,P,2001-09-30,53830,4,44.03,0.63,,
361798,P,2000-11-19,99836,9,83.34,6.56,,
361799,P,2001-01-23,2480,1,58.02,7.38,,
361800,P,2002-06-17,72957,9,45.63,9.05,,
361801,P,2002-05-11,45425,5,67.04,5.55,,
361802,P,2001-01-15,73045,5,22.71,7.47,,
361803,P,2001-11-18,90389,4,72.74,9.01,,
361804,P,2000-05-11,76686,4,47.48,0.22,,
361805,P,2000-05-10,53863,7,69.46,6.63,,
361806,P,2002-01-28,99579,9,58.53,9.16,,
361807,P,2001-04-19,4094,6,21.54,0.28,,
361808,P,2001-12-30,97811,8,1.13,1.14,,
361809,P,2000-07-02,60193,10,50.49,5.06,,
361810,P,2002-01-09,42105,7,83.20,3.56,,
361811,P,2001-06-24,62642,6,45.84,4.20,,
361812,P,2001-07-22,11657,9,73.71,3.24,,
361813,P,2001-09-18,18984,10,33.88,3.68,,
361814,P,2001-05-04,42751,3,98.48,8.96,,
361815,P,2001-08-28,7346,1,22.47,5.64,,
361816,P,2000-09-22,70129,6,57.24,2.48,,
361817,P,2000-12-22,79456,3,89.53,6.53,,
361818,P,2000-10-29,7048,2,18.22,5.23,,
361819,P,2002-02-09,85872,3,52.79,8.41,,
361820,P,2000-12-31,31754,7,41.24,7.93,,
361821,P,2000-03-29,18004,7,98.19,2.23,,
361822,P,2000-08-22,85682,3,52.79,0.39,,
361823,P,2000-11-26,85102,7,92.46,2.26,,
361824,P,2002-04-09,64780,2,6.79,6.39,,
361825,P,2002-04-14,45606,7,76.35,7.90,,
361826,P,2001-04-04,7642,2,99.59,2.59,,
361827,P,2001-07-30,25002,5,20.37,7.78,,
361828,P,2001-06-03,53307,9,11.10,9.29,,
361829,P,2001-12-20,38727,10,21.65,9.82,,
361830,P,2000-07-06,28077,3,74.09,8.86,,
361831,P,2001-06-17,66148,1,35.14,0.05,,
361832,P,2001-06-08,92654,3,79.33,7.42,,
361833,P,2002-04-03,29621,4,39.31,5.08,,
361834,P,2000-10-06,20531,8,95.05,2.78,,
361835,P,2001-09-03,95618,9,8.52,2.17,,
361836,P,2001-08-29,9998,4,76.84,7.49,,
361837,P,2001-09-20,84732,7,22.26,0.88,,
361838,P,2001-03-11,81969,1,65.41,8.42,,
361839,P,2001-07-29,20310,10,51.19,8.64,,
361840,P,2000-04-17,92923,10,5.88,6.00,,
361841,P,2000-08-20,26878,10,74.77,5.78,,
361842,P,2001-07-28,22634,7,8.99,9.43,,
361843,P,2001-08-06,24340,4,14.12,3.74,,
361844,P,2001-02-16,55294,8,64.80,7.73,,
361845,P,2000-06-15,36798,3,61.19,8.99,,
361846,P,2000-07-18,17383,5,15.34,6.15,,
361847,P,2001-06-09,37048,9,99.89,0.32,,
361848,P,2001-07-26,93876,7,6.16,4.50,,
361849,P,2001-04-13,39750,9,47.97,2.59,,
361850,P,2002-08-10,89042,4,37.84,0.48,,
361851,P,2002-07-10,46136,6,72.72,2.34,,
361852,P,2001-02-26,54021,3,3.02,0.27,,
361853,P,2001-09-16,3367,2,32.22,0.15,,
361854,P,2000-05-30,45543,5,40.58,7.23,,
361855,P,2002-07-17,59469,10,46.22,2.24,,
361856,P,2000-02-16,58424,1,57.86,8.01,,
361857,P,2001-07-12,12893,2,3.56,2.24,,
361858,P,2000-12-28,73457,5,29.16,9.13,,
361859,P,2001-03-11,72685,3,6.35,6.60,,
361860,P,2001-04-17,69508,7,2.32,2.70,,
361861,P,2001-10-19,48538,9,67.70,8.71,,
361862,P,2001-02-12,79663,1,69.99,6.36,,
361863,P,2000-11-30,62094,8,30.35,2.70,,
361864,P,2000-07-26,60037,3,56.12,0.44,,
361865,P,2000-12-23,31248,1,18.85,6.48,,
361866,P,2001-08-04,22890,9,41.58,7.83,,
361867,P,2001-07-01,67753,6,39.34,9.24,,
361868,P,2000-11-08,45261,5,48.09,3.82,,
361869,P,2000-03-26,72520,9,69.58,8.83,,
361870,P,2000-12-11,31598,10,88.82,0.25,,
361871,P,2000-03-15,56601,1,81.10,0.31,,
361872,P,2000-05-27,11427,6,28.01,6.43,,
361873,P,2001-10-28,51285,3,24.45,0.38,,
361874,P,2001-10-09,4374,5,22.60,8.05,,
361875,P,2001-07-12,23827,2,58.25,6.00,,
361876,P,2002-06-15,29150,3,6.37,2.46,,
361877,P,2001-06-05,50807,10,46.77,8.01,,
361878,P,2000-01-12,6284,5,96.89,7.18,,
361879,P,2002-09-16,67991,6,45.14,8.31,,
361880,P,2002-02-23,13674,10,67.43,1.79,,
361881,P,2002-07-25,17787,2,22.83,0.34,,
361882,P,2002-03-13,42150,9,71.37,9.53,,
361883,P,2000-03-23,35721,8,65.95,6.96,,
361884,P,2000-03-14,8137,8,7.41,8.82,,
361885,P,2002-02-08,54867,6,79.08,1.77,,
361886,P,2000-10-20,46975,1,1.80,0.94,,
361887,P,2000-05-07,3971,8,96.03,3.26,,
361888,P,2001-12-04,62485,3,50.18,9.35,,
361889,P,2000-09-29,72073,8,96.27,1.22,,
361890,P,2002-01-05,68489,7,2.03,4.74,,
361891,P,2000-10-15,72938,1,45.41,0.77,,
361892,P,2001-03-20,71157,6,41.24,3.38,,
361893,P,2002-08-11,83156,10,89.36,1.29,,
361894,P,2001-09-22,6424,5,54.17,0.01,,
361895,P,2002-02-13,18614,2,43.68,3.87,,
361896,P,2002-05-02,67783,5,53.28,2.82,,
361897,P,2001-03-19,82007,8,41.90,2.46,,
361898,P,2000-12-24,1646,4,50.22,0.78,,
361899,P,2001-09-14,9171,3,56.79,1.73,,
361900,P,2002-02-27,51485,9,24.40,0.32,,
361901,P,2000-05-28,45106,2,33.52,8.88,,
361902,P,2002-03-06,1285,10,86.95,0.52,,
361903,P,2000-12-05,47958,8,76.65,2.51,,
361904,P,2000-12-24,31342,2,22.38,3.48,,
361905,P,2001-03-08,95220,4,46.95,2.87,,
361906,P,2000-07-06,36644,5,92.46,3.60,,
361907,P,2002-07-25,33565,4,28.07,7.70,,
361908,P,2000-06-29,85102,2,95.87,1.81,,
361909,P,2000-05-19,45237,5,40.66,7.81,,
361910,P,2000-06-27,62237,10,91.34,2.35,,
361911,P,2000-11-01,98131,5,23.67,0.81,,
361912,P,2002-09-16,61772,5,17.96,6.33,,
361913,P,2001-07-26,1585,1,76.50,8.57,,
361914,P,2000-02-05,67407,9,93.55,1.13,,
361915,P,2001-02-02,72203,8,1.53,0.36,,
361916,P,2001-07-15,20704,3,47.55,4.51,,
361917,P,2001-05-03,83434,10,8.77,0.14,,
361918,P,2001-06-16,74877,7,86.44,4.95,,
361919,P,2001-05-15,37964,6,2.79,9.21,,
361920,P,2000-02-01,92372,8,0.23,8.71,,
361921,P,2001-11-14,74563,4,74.02,8.49,,
361922,P,2002-07-02,50186,7,85.92,4.12,,
361923,P,2001-05-04,7757,3,30.44,4.86,,
361924,P,2002-09-09,32207,7,19.30,8.01,,
361925,P,2001-09-05,48558,7,20.32,6.47,,
361926,P,2000-04-05,15501,8,49.47,7.47,,
361927,P,2002-03-16,55315,1,9.90,9.00,,
361928,P,2000-09-09,26320,4,57.30,0.03,,
361929,P,2002-01-05,63347,2,31.04,5.75,,
361930,P,2001-02-27,68892,3,10.46,5.38,,
361931,P,2002-08-31,27570,2,52.89,8.47,,
361932,P,2001-07-21,42326,4,35.55,6.10,,
361933,P,2002-09-01,56155,7,22.27,4.05,,
361934,P,2001-10-20,84755,6,37.70,6.93,,
361935,P,2002-01-17,14906,5,20.09,9.05,,
361936,P,2000-07-15,40131,1,76.02,9.93,,
361937,P,2000-05-10,30186,3,88.30,1.93,,
361938,P,2001-03-07,95071,7,17.14,8.69,,
361939,P,2001-09-06,8461,9,89.77,9.25,,
361940,P,2000-02-10,3041,9,58.78,3.57,,
361941,P,2002-05-25,126,2,93.30,7.33,,
361942,P,2001-01-12,8053,3,24.64,6.52,,
361943,P,2001-01-09,74292,2,15.70,0.67,,
361944,P,2002-03-06,53405,9,46.58,4.83,,
361945,P,2001-09-06,90069,3,35.37,3.66,,
361946,P,2000-05-12,11179,5,10.96,5.97,,
361947,P,2001-06-11,70656,1,29.17,9.42,,
361948,P,2002-07-06,88719,1,88.34,8.31,,
361949,P,2001-01-19,19815,7,11.77,2.63,,
361950,P,2002-06-01,64287,3,19.21,6.66,,
361951,P,2001-07-02,67175,1,0.25,6.89,,
361952,P,2001-03-19,73163,9,25.85,8.88,,
361953,P,2002-02-18,37814,7,21.77,1.52,,
361954,P,2001-09-01,79417,9,75.62,7.95,,
361955,P,2001-07-27,2487,5,64.66,6.04,,
361956,P,2001-11-23,14290,3,66.86,5.10,,
361957,P,2001-06-26,20703,6,82.88,8.98,,
361958,P,2002-02-18,18195,1,38.08,9.59,,
361959,P,2002-04-08,4205,8,68.70,6.89,,
361960,P,2000-04-16,23734,4,65.65,2.17,,
361961,P,2001-07-19,68814,10,9.13,4.37,,
361962,P,2000-02-16,72286,5,3.55,9.01,,
361963,P,2000-05-07,76398,3,65.72,4.11,,
361964,P,2000-03-19,12855,10,53.59,7.85,,
361965,P,2000-04-12,56152,10,64.94,2.70,,
361966,P,2002-03-17,39912,8,37.23,2.00,,
361967,P,2000-11-11,56567,2,1.68,5.20,,
361968,P,2002-06-22,18985,7,2.99,6.08,,
361969,P,2000-05-06,29997,6,37.49,1.53,,
361970,P,2001-02-07,90594,3,29.60,0.39,,
361971,P,2000-08-22,71976,9,38.99,1.39,,
361972,P,2001-08-05,67180,8,80.45,2.85,,
361973,P,2000-12-22,67876,3,8.73,0.54,,
361974,P,2000-10-14,48921,6,78.14,2.50,,
361975,P,2000-01-06,4186,4,6.92,2.11,,
361976,P,2001-03-21,55646,1,60.99,6.83,,
361977,P,2000-07-04,44971,7,61.65,0.88,,
361978,P,2001-02-12,90507,8,48.77,8.04,,
361979,P,2002-07-10,93569,4,44.99,0.84,,
361980,P,2001-06-03,30019,5,42.29,9.24,,
361981,P,2000-09-21,61968,1,40.09,1.80,,
361982,P,2000-01-05,76514,9,36.41,5.98,,
361983,P,2000-08-16,71125,9,56.78,3.61,,
361984,P,2000-08-05,63814,5,46.87,3.48,,
361985,P,2000-10-20,10437,8,59.56,2.74,,
361986,P,2001-02-28,71014,9,73.49,9.26,,
361987,P,2000-09-11,59752,8,84.10,6.95,,
361988,P,2000-07-19,39373,2,28.54,6.58,,
361989,P,2000-02-29,82619,6,50.13,4.12,,
361990,P,2000-04-07,16176,9,1.33,8.75,,
361991,P,2001-08-02,68706,4,79.21,8.12,,
361992,P,2000-04-06,2030,1,99.41,3.45,,
361993,P,2001-06-10,21963,8,1.90,2.09,,
361994,P,2000-07-13,309,4,56.71,9.87,,
361995,P,2001-08-19,40711,6,42.16,8.40,,
361996,P,2000-04-29,75670,5,51.74,0.62,,
361997,P,2000-08-09,89080,2,54.59,9.30,,
361998,P,2001-07-21,36478,9,23.55,9.12,,
361999,P,2000-06-15,49236,7,29.18,8.88,,
362000,P,2002-02-28,64502,9,64.19,6.81,,
362001,P,2000-04-08,14289,7,8.85,0.31,,
362002,P,2001-12-07,85655,6,89.71,1.17,,
362003,P,2001-07-26,54382,7,94.78,0.50,,
362004,P,2000-12-28,93443,6,43.44,9.66,,
362005,P,2000-07-26,67321,1,26.08,6.68,,
362006,P,2002-05-20,3713,5,48.60,2.21,,
362007,P,2001-10-17,23023,2,61.70,5.50,,
362008,P,2000-07-23,1384,8,11.71,4.66,,
362009,P,2000-09-08,59127,7,29.21,8.24,,
362010,P,2002-03-17,92255,5,22.06,5.49,,
362011,P,2002-06-29,28592,6,55.64,4.64,,
362012,P,2002-09-07,85260,9,58.52,2.19,,
362013,P,2000-06-23,5716,4,16.65,3.25,,
362014,P,2001-09-06,52534,1,66.22,4.16,,
362015,P,2000-04-04,81686,6,80.75,5.24,,
362016,P,2000-11-19,21404,7,6.12,6.66,,
362017,P,2001-09-17,92913,2,59.28,3.01,,
362018,P,2000-06-21,26432,7,45.53,2.23,,
362019,P,2001-03-09,62791,4,77.48,2.88,,
362020,P,2002-03-10,25492,2,73.96,3.47,,
362021,P,2001-03-15,45752,5,25.10,7.31,,
362022,P,2000-01-05,53696,2,69.29,3.32,,
362023,P,2001-05-09,17465,1,11.06,1.20,,
362024,P,2002-01-22,80097,7,18.98,8.67,,
362025,P,2000-02-11,6295,2,88.77,5.25,,
362026,P,2001-02-07,66416,3,15.94,8.19,,
362027,P,2002-07-12,90833,6,32.30,4.48,,
362028,P,2002-06-16,59903,6,64.26,5.93,,
362029,P,2000-07-23,21556,7,8.12,6.85,,
362030,P,2000-04-27,77391,7,20.40,4.28,,
362031,P,2002-08-27,4292,4,69.06,7.88,,
362032,P,2000-01-08,53712,5,68.93,6.92,,
362033,P,2001-08-10,10674,7,22.79,3.97,,
362034,P,2002-03-14,18764,7,46.19,5.64,,
362035,P,2001-11-26,77668,5,99.78,1.43,,
362036,P,2001-01-21,54702,1,49.11,9.43,,
362037,P,2000-07-24,98098,8,53.23,8.51,,
362038,P,2001-09-06,60670,4,32.75,0.37,,
362039,P,2001-07-01,36477,10,90.53,5.57,,
362040,P,2002-06-29,30215,10,28.53,6.18,,
362041,P,2002-06-15,14238,4,29.48,1.31,,
362042,P,2000-03-18,642,9,60.31,2.28,,
362043,P,2001-06-08,25897,1,30.90,1.11,,
362044,P,2001-08-28,86478,9,92.66,5.30,,
362045,P,2000-09-08,60190,6,36.30,1.08,,
362046,P,2000-01-09,18312,2,97.28,3.70,,
362047,P,2002-04-24,9085,8,29.03,1.03,,
362048,P,2002-04-05,12961,3,10.38,8.95,,
362049,P,2001-12-06,71313,7,78.33,5.32,,
362050,P,2001-07-29,8110,4,51.49,5.07,,
362051,P,2000-02-29,57887,8,7.25,7.90,,
362052,P,2002-09-07,40365,5,13.58,1.03,,
362053,P,2001-09-25,67988,10,48.33,4.21,,
362054,P,2000-12-07,53656,2,9.60,8.88,,
362055,P,2000-03-06,81933,1,92.53,9.35,,
362056,P,2000-07-29,39382,7,93.45,3.62,,
362057,P,2002-07-11,41271,3,89.91,2.61,,
362058,P,2002-02-10,59004,4,44.30,4.83,,
362059,P,2002-07-04,57627,3,69.25,6.01,,
362060,P,2001-10-08,94967,2,41.28,1.79,,
362061,P,2000-09-28,67340,6,39.70,8.11,,
362062,P,2000-06-24,68393,5,88.15,0.03,,
362063,P,2001-08-13,53006,1,36.75,9.00,,
362064,P,2002-05-02,90645,7,21.53,0.51,,
362065,P,2001-08-09,57540,1,44.32,4.31,,
362066,P,2000-08-16,58479,5,57.42,0.05,,
362067,P,2001-09-04,92874,7,26.41,8.80,,
362068,P,2001-08-26,92289,8,42.17,6.37,,
362069,P,2001-01-05,8578,3,87.01,7.82,,
362070,P,2001-09-05,73294,6,42.32,2.55,,
362071,P,2001-04-15,29617,1,41.63,2.19,,
362072,P,2000-01-16,13102,10,53.46,2.52,,
362073,P,2000-04-18,16747,9,37.64,2.47,,
362074,P,2001-04-20,21964,10,2.36,6.28,,
362075,P,2000-05-13,55103,7,64.76,4.50,,
362076,P,2000-09-30,61031,3,16.56,2.13,,
362077,P,2001-02-01,79422,3,32.24,8.19,,
362078,P,2000-03-29,48775,2,65.01,6.32,,
362079,P,2002-08-09,15918,10,43.92,3.45,,
362080,P,2001-10-29,15989,9,26.46,6.88,,
362081,P,2001-04-18,43088,10,76.27,2.24,,
362082,P,2001-11-02,9965,9,4.06,9.63,,
362083,P,2001-09-03,36271,5,3.84,3.75,,
362084,P,2001-11-20,30804,6,58.07,1.29,,
362085,P,2000-12-28,41213,1,13.98,2.04,,
362086,P,2002-04-20,57089,4,97.56,7.83,,
362087,P,2000-03-20,40414,6,51.70,0.42,,
362088,P,2001-09-21,40099,4,20.69,5.32,,
362089,P,2001-01-23,57675,5,40.26,2.89,,
362090,P,2000-10-20,5582,2,23.90,8.52,,
362091,P,2000-08-22,25767,4,98.98,4.45,,
362092,P,2002-02-04,45220,3,17.62,4.32,,
362093,P,2000-01-28,45259,7,30.94,8.64,,
362094,P,2000-08-17,24095,2,6.98,4.21,,
362095,P,2000-07-08,28337,7,33.57,4.95,,
362096,P,2000-09-02,99857,4,52.77,6.48,,
362097,P,2001-04-19,18712,8,43.39,5.31,,
362098,P,2001-06-22,16301,10,58.17,0.61,,
362099,P,2001-12-02,37087,1,94.91,2.75,,
362100,P,2002-09-02,97710,4,43.92,5.54,,
362101,P,2002-04-22,16217,9,82.16,1.98,,
362102,P,2001-11-23,59278,2,23.17,9.49,,
362103,P,2000-07-29,53243,3,16.98,8.18,,
362104,P,2000-11-04,97799,6,57.45,4.84,,
362105,P,2000-01-15,78806,3,69.06,8.94,,
362106,P,2000-06-11,66661,1,38.24,1.21,,
362107,P,2001-04-04,69985,1,33.42,2.40,,
362108,P,2002-05-20,49473,6,46.66,9.45,,
362109,P,2001-10-28,94088,9,79.60,8.31,,
362110,P,2002-02-12,60323,9,94.44,2.22,,
362111,P,2000-11-10,60243,4,80.90,1.43,,
362112,P,2002-05-23,81568,5,8.90,9.32,,
362113,P,2001-05-05,3338,7,43.39,9.85,,
362114,P,2001-02-03,99929,5,51.02,0.17,,
362115,P,2002-08-31,28334,7,78.98,2.66,,
362116,P,2000-07-28,10888,2,11.30,6.65,,
362117,P,2000-07-31,24095,2,49.30,7.87,,
362118,P,2001-11-25,77049,6,86.48,3.63,,
362119,P,2001-02-02,65634,10,69.59,5.36,,
362120,P,2001-12-13,22604,4,19.30,1.77,,
362121,P,2000-12-05,61829,1,3.91,8.54,,
362122,P,2001-12-16,1065,3,41.56,2.40,,
362123,P,2001-04-25,75464,4,25.59,5.22,,
362124,P,2002-04-26,39703,5,1.33,1.74,,
362125,P,2001-07-18,46086,4,94.68,6.95,,
362126,P,2002-05-19,90283,2,79.24,6.45,,
362127,P,2001-04-09,26467,1,21.47,9.15,,
362128,P,2002-03-14,31236,5,33.55,8.04,,
362129,P,2000-05-18,90193,5,30.05,9.04,,
362130,P,2001-02-09,55159,7,86.59,1.54,,
362131,P,2000-10-22,47598,7,11.46,0.33,,
362132,P,2001-07-24,20140,5,8.14,7.20,,
362133,P,2000-12-01,50957,9,94.85,4.78,,
362134,P,2001-07-05,30557,4,19.48,1.43,,
362135,P,2001-03-19,96361,10,5.95,0.90,,
362136,P,2001-11-04,88679,3,90.55,5.90,,
362137,P,2000-04-09,39966,6,25.52,5.50,,
362138,P,2000-10-24,85196,9,36.40,3.88,,
362139,P,2002-07-23,22209,2,7.79,9.31,,
362140,P,2000-04-15,65533,3,85.22,2.09,,
362141,P,2000-02-19,94658,7,3.37,7.08,,
362142,P,2001-03-06,27737,2,60.83,2.37,,
362143,P,2002-01-20,28224,3,68.49,1.41,,
362144,P,2002-04-05,37443,10,25.03,6.34,,
362145,P,2001-05-16,49415,5,40.72,8.94,,
362146,P,2000-04-24,50136,10,82.29,9.37,,
362147,P,2001-04-08,83672,8,18.84,1.71,,
362148,P,2001-04-10,65232,3,63.42,5.66,,
362149,P,2001-07-21,34166,10,66.40,8.69,,
362150,P,2000-09-01,55896,3,28.21,9.84,,
362151,P,2000-10-09,56189,5,25.38,6.14,,
362152,P,2002-06-18,19063,5,27.42,9.36,,
362153,P,2000-10-17,6566,10,17.07,7.66,,
362154,P,2000-02-11,77532,1,60.48,7.66,,
362155,P,2000-07-25,32272,10,18.68,5.55,,
362156,P,2000-07-22,82315,9,82.16,1.19,,
362157,P,2000-10-05,96549,8,68.63,8.80,,
362158,P,2002-01-17,27066,4,11.67,9.20,,
362159,P,2000-11-01,7960,5,61.33,8.79,,
362160,P,2000-02-27,46992,8,86.83,8.01,,
362161,P,2000-01-01,98109,6,76.25,0.67,,
362162,P,2002-02-27,2810,1,34.09,2.02,,
362163,P,2001-02-19,85945,7,87.35,0.60,,
362164,P,2002-05-18,35888,10,40.49,2.56,,
362165,P,2001-10-29,33661,1,5.94,9.47,,
362166,P,2001-08-24,30640,7,41.41,6.63,,
362167,P,2001-04-19,6876,4,70.67,3.17,,
362168,P,2002-06-05,31684,4,28.54,6.14,,
362169,P,2001-05-26,81278,1,7.50,5.29,,
362170,P,2002-08-17,47653,2,90.12,4.60,,
362171,P,2000-01-31,60768,6,85.52,8.31,,
362172,P,2001-04-07,76901,7,91.75,2.39,,
362173,P,2001-01-06,12325,5,87.79,7.43,,
362174,P,2001-07-05,52042,9,71.95,0.56,,
362175,P,2000-05-12,44311,9,77.21,6.28,,
362176,P,2002-02-16,52013,3,65.62,5.98,,
362177,P,2001-12-16,33427,10,59.46,4.84,,
362178,P,2001-01-18,78492,1,2.55,3.03,,
362179,P,2001-10-24,16676,4,19.66,7.41,,
362180,P,2000-06-22,48404,3,62.87,2.64,,
362181,P,2002-08-30,64864,5,21.55,0.01,,
362182,P,2001-12-30,10817,4,76.09,1.93,,
362183,P,2001-09-30,68122,8,74.41,7.07,,
362184,P,2000-07-03,35239,10,94.05,0.90,,
362185,P,2001-10-03,14435,8,91.64,5.47,,
362186,P,2001-02-17,61357,6,48.92,8.02,,
362187,P,2002-07-29,53537,7,51.73,3.14,,
362188,P,2002-02-02,64183,9,41.95,1.81,,
362189,P,2000-04-16,4801,7,55.33,7.08,,
362190,P,2000-08-30,98557,6,38.30,4.69,,
362191,P,2002-06-07,14012,2,3.07,6.92,,
362192,P,2000-08-31,70676,9,79.44,6.31,,
362193,P,2001-08-17,40344,10,87.70,8.31,,
362194,P,2002-07-26,76746,10,1.32,6.45,,
362195,P,2000-06-06,54484,5,33.41,1.62,,
362196,P,2000-09-25,17844,6,28.91,3.58,,
362197,P,2001-12-22,45406,10,36.49,2.48,,
362198,P,2002-05-22,32042,4,49.34,9.83,,
362199,P,2001-05-03,98660,5,92.35,3.76,,
362200,P,2000-06-01,67134,9,87.95,3.69,,
362201,P,2002-04-22,12649,3,72.30,6.90,,
362202,P,2000-08-02,59517,4,36.97,8.25,,
362203,P,2002-07-05,89254,6,68.58,0.07,,
362204,P,2001-05-22,65510,8,23.85,1.28,,
362205,P,2002-04-15,17425,5,38.82,1.04,,
362206,P,2000-07-08,95412,4,32.97,8.08,,
362207,P,2002-09-19,92236,9,55.05,8.35,,
362208,P,2002-05-16,7917,4,5.56,0.14,,
362209,P,2001-12-23,55395,10,16.48,1.48,,
362210,P,2002-07-19,26962,4,13.17,9.99,,
362211,P,2000-10-12,77882,8,91.47,9.65,,
362212,P,2001-08-01,11708,3,14.77,1.77,,
362213,P,2000-05-18,13775,7,77.87,0.83,,
362214,P,2000-01-08,90479,4,97.47,1.30,,
362215,P,2001-10-02,41077,5,87.48,3.08,,
362216,P,2002-07-24,10548,4,44.76,0.48,,
362217,P,2002-04-17,44800,9,98.02,7.79,,
362218,P,2002-05-15,55522,10,28.31,9.14,,
362219,P,2002-08-12,56841,8,0.60,0.96,,
362220,P,2000-07-04,44760,7,81.40,4.81,,
362221,P,2002-04-11,60652,9,41.42,2.99,,
362222,P,2001-12-19,88238,2,36.51,5.38,,
362223,P,2002-07-10,41406,7,63.83,4.98,,
362224,P,2000-10-17,27085,1,71.82,0.51,,
362225,P,2000-08-15,86319,3,10.09,7.28,,
362226,P,2002-02-22,97565,6,80.71,4.96,,
362227,P,2001-08-03,46423,7,63.78,4.70,,
362228,P,2001-03-06,18950,7,18.51,4.41,,
362229,P,2001-11-29,70477,4,53.98,8.05,,
362230,P,2000-01-30,15817,3,63.83,2.44,,
362231,P,2000-05-28,52601,10,30.89,6.35,,
362232,P,2000-06-03,39092,5,71.05,0.27,,
362233,P,2000-04-26,61013,3,37.76,0.35,,
362234,P,2002-03-14,47904,7,55.63,9.34,,
362235,P,2001-08-17,62615,4,20.51,9.86,,
362236,P,2001-11-28,71373,10,20.45,5.87,,
362237,P,2001-12-17,67975,1,70.08,7.89,,
362238,P,2000-09-07,51355,5,34.70,2.11,,
362239,P,2000-10-03,59832,6,65.02,5.10,,
362240,P,2001-01-27,82381,10,90.16,2.25,,
362241,P,2000-11-24,17661,2,74.68,7.23,,
362242,P,2001-11-29,80752,9,99.74,9.87,,
362243,P,2002-06-07,95898,5,8.80,5.88,,
362244,P,2001-04-13,599,2,16.29,8.75,,
362245,P,2001-06-26,92154,10,60.76,7.30,,
362246,P,2000-02-08,18906,5,31.95,2.18,,
362247,P,2000-04-15,5089,4,12.09,9.12,,
362248,P,2000-06-12,69230,1,8.79,7.09,,
362249,P,2002-08-29,76110,2,68.76,7.35,,
362250,P,2000-07-11,49778,3,11.94,7.08,,
362251,P,2002-07-08,98419,7,12.83,2.16,,
362252,P,2001-02-06,86142,6,0.60,2.18,,
362253,P,2002-05-01,19766,9,70.54,4.16,,
362254,P,2000-10-07,59958,6,61.18,6.48,,
362255,P,2002-09-27,11845,6,97.17,3.15,,
362256,P,2000-04-29,25843,7,37.09,3.15,,
362257,P,2001-02-04,88946,3,89.93,2.38,,
362258,P,2000-05-02,88210,3,81.09,3.42,,
362259,P,2001-05-16,76408,6,8.47,7.10,,
362260,P,2000-03-20,12586,4,18.17,3.82,,
362261,P,2000-04-30,74348,8,55.11,8.99,,
362262,P,2001-10-17,99009,7,41.98,5.71,,
362263,P,2000-06-12,61110,3,10.63,3.04,,
362264,P,2000-04-14,38149,3,31.56,0.15,,
362265,P,2002-02-27,6349,1,78.39,0.56,,
362266,P,2000-11-17,42439,9,89.76,2.86,,
362267,P,2001-05-17,59087,5,70.94,4.96,,
362268,P,2000-11-18,67877,10,53.96,1.17,,
362269,P,2000-09-19,77947,8,39.06,6.05,,
362270,P,2001-02-25,38466,9,43.21,5.69,,
362271,P,2001-12-26,24352,7,29.90,4.58,,
362272,P,2002-08-19,16766,6,80.21,9.85,,
362273,P,2001-06-13,36415,4,95.57,4.87,,
362274,P,2001-05-20,38272,4,53.09,0.19,,
362275,P,2002-08-14,93848,8,87.92,9.55,,
362276,P,2002-02-24,27172,2,11.69,2.66,,
362277,P,2002-03-23,45361,3,94.94,6.32,,
362278,P,2000-09-05,99442,8,67.28,4.48,,
362279,P,2001-04-05,93208,7,7.25,0.12,,
362280,P,2000-03-14,54711,5,23.89,7.23,,
362281,P,2002-08-01,12535,2,66.50,9.55,,
362282,P,2000-12-21,53032,1,45.21,8.82,,
362283,P,2000-03-27,27073,10,61.72,0.98,,
362284,P,2001-08-02,56445,1,9.79,3.03,,
362285,P,2000-06-20,67262,5,38.69,9.79,,
362286,P,2000-10-12,74767,3,29.69,5.63,,
362287,P,2000-03-02,70262,4,22.69,3.94,,
362288,P,2002-01-17,78190,6,16.68,7.41,,
362289,P,2001-05-26,18537,7,41.84,8.37,,
362290,P,2002-06-16,22762,5,60.71,2.63,,
362291,P,2002-03-30,39365,7,39.78,4.12,,
362292,P,2000-03-07,36415,3,90.53,9.32,,
362293,P,2002-07-25,48624,5,98.39,2.47,,
362294,P,2002-03-01,11708,5,64.04,5.61,,
362295,P,2001-09-12,70630,1,63.61,6.77,,
362296,P,2001-12-21,88132,9,78.19,2.83,,
362297,P,2002-06-04,32777,8,50.49,1.51,,
362298,P,2001-10-07,37536,4,55.01,4.32,,
362299,P,2001-05-08,74839,4,51.77,4.18,,
362300,P,2001-01-25,28686,3,79.04,7.42,,
362301,P,2000-03-30,99490,4,53.75,4.79,,
362302,P,2001-09-06,28681,5,14.93,1.20,,
362303,P,2000-07-25,62640,8,31.71,1.35,,
362304,P,2001-08-06,54605,1,99.92,4.91,,
362305,P,2001-03-26,66547,1,33.25,1.17,,
362306,P,2001-07-28,81536,1,94.46,6.96,,
362307,P,2002-04-07,59933,5,36.20,2.57,,
362308,P,2002-05-06,9842,5,24.18,7.55,,
362309,P,2001-02-05,34200,1,7.66,5.34,,
362310,P,2000-01-27,2111,4,21.36,0.35,,
362311,P,2000-10-03,12223,8,39.09,6.95,,
362312,P,2001-07-07,63894,1,37.17,3.06,,
362313,P,2001-12-16,81938,6,10.86,0.39,,
362314,P,2000-07-16,32246,3,89.08,3.63,,
362315,P,2001-01-04,23616,6,71.31,2.65,,
362316,P,2000-09-13,90182,9,70.76,3.41,,
362317,P,2000-07-18,55310,8,82.59,4.84,,
362318,P,2000-12-12,20266,8,55.27,5.92,,
362319,P,2000-01-30,80809,8,83.29,1.62,,
362320,P,2000-04-02,11630,7,59.92,9.03,,
362321,P,2001-07-20,91047,1,52.77,9.70,,
362322,P,2000-03-26,49364,8,8.14,4.09,,
362323,P,2002-07-27,7318,4,14.95,8.42,,
362324,P,2000-01-30,14707,2,25.04,7.29,,
362325,P,2002-01-09,28542,2,7.88,7.70,,
362326,P,2001-05-09,9969,7,69.33,9.77,,
362327,P,2001-11-11,32732,4,47.71,4.55,,
362328,P,2000-11-02,76884,10,25.32,7.36,,
362329,P,2001-09-23,25179,8,46.39,8.57,,
362330,P,2000-09-25,28726,7,52.11,9.55,,
362331,P,2002-02-04,24405,3,70.32,8.88,,
362332,P,2001-07-24,51050,8,16.02,0.83,,
362333,P,2001-03-07,1842,4,16.49,9.29,,
362334,P,2002-05-05,39769,3,57.71,2.40,,
362335,P,2001-12-04,34727,5,49.67,5.78,,
362336,P,2002-08-27,22355,10,49.97,3.57,,
362337,P,2000-05-19,86205,10,81.37,7.40,,
362338,P,2002-08-06,86628,1,56.29,7.96,,
362339,P,2000-09-11,30239,9,64.29,4.28,,
362340,P,2001-05-24,3001,2,4.20,1.69,,
362341,P,2001-07-11,53801,3,58.76,2.16,,
362342,P,2000-03-26,28268,7,8.32,7.28,,
362343,P,2002-04-15,88960,6,97.08,9.24,,
362344,P,2002-05-12,39684,8,23.39,2.56,,
362345,P,2002-02-05,56913,5,56.61,7.34,,
362346,P,2000-07-01,18336,3,15.70,1.58,,
362347,P,2002-04-27,79945,3,70.04,8.19,,
362348,P,2000-08-07,6736,10,23.68,2.35,,
362349,P,2000-12-04,30855,6,58.55,7.41,,
362350,P,2001-07-15,92344,4,90.38,4.85,,
362351,P,2000-03-09,83386,2,12.92,8.83,,
362352,P,2002-09-05,36630,2,33.76,5.08,,
362353,P,2001-11-12,21436,3,25.72,2.24,,
362354,P,2000-07-17,28266,3,35.95,4.36,,
362355,P,2001-08-13,4694,4,30.71,4.76,,
362356,P,2002-01-04,27486,2,44.03,4.40,,
362357,P,2001-02-28,933,1,99.51,8.52,,
362358,P,2002-06-23,66007,8,80.98,4.31,,
362359,P,2000-02-12,83128,5,43.88,9.06,,
362360,P,2001-07-21,56240,8,47.65,1.84,,
362361,P,2002-03-09,97159,2,22.44,2.51,,
362362,P,2002-07-02,20162,3,18.28,2.23,,
362363,P,2000-09-04,54048,3,66.56,0.59,,
362364,P,2001-12-03,43536,8,55.31,6.17,,
362365,P,2000-12-21,9194,1,80.14,1.96,,
362366,P,2001-12-05,92163,7,57.01,1.92,,
362367,P,2000-08-19,65308,5,49.36,5.12,,
362368,P,2001-03-18,37590,6,8.05,6.40,,
362369,P,2000-10-06,12048,6,0.23,7.23,,
362370,P,2001-08-31,80960,9,61.76,1.42,,
362371,P,2001-09-16,92836,5,99.68,2.26,,
362372,P,2000-06-15,51546,3,64.29,6.48,,
362373,P,2001-02-09,92,10,24.87,3.68,,
362374,P,2002-06-17,51113,1,34.82,7.47,,
362375,P,2002-03-09,32344,1,73.04,0.84,,
362376,P,2001-05-28,11649,5,87.49,1.96,,
362377,P,2000-01-02,9953,5,3.10,2.01,,
362378,P,2001-10-13,11144,5,12.93,9.34,,
362379,P,2000-07-05,83118,9,47.09,7.30,,
362380,P,2001-09-22,82917,4,68.11,2.69,,
362381,P,2000-12-17,89806,6,39.77,8.80,,
362382,P,2000-02-11,42764,2,99.19,7.53,,
362383,P,2002-09-03,10398,6,53.46,9.30,,
362384,P,2002-07-06,94041,3,69.38,0.10,,
362385,P,2001-05-19,44745,4,75.18,7.96,,
362386,P,2001-04-01,69034,5,90.23,8.54,,
362387,P,2001-10-16,27698,3,13.39,6.26,,
362388,P,2001-10-14,25563,10,90.52,8.03,,
362389,P,2000-04-28,30599,7,29.66,0.42,,
362390,P,2001-08-09,67350,8,33.70,8.97,,
362391,P,2000-12-21,88597,7,2.48,1.92,,
362392,P,2002-06-14,63769,1,81.88,0.35,,
362393,P,2000-01-10,42607,3,45.29,1.09,,
362394,P,2001-09-24,86592,7,86.73,0.51,,
362395,P,2000-12-19,44619,5,91.36,0.23,,
362396,P,2000-06-02,45232,7,35.43,5.35,,
362397,P,2002-04-27,69715,8,28.76,8.20,,
362398,P,2000-03-18,94284,7,86.64,9.64,,
362399,P,2001-06-10,40369,5,65.05,6.39,,
362400,P,2000-10-18,59724,3,26.12,6.82,,
362401,P,2001-10-03,759,8,40.33,3.69,,
362402,P,2001-05-11,97447,2,4.31,6.92,,
362403,P,2001-08-14,72062,9,87.61,2.52,,
362404,P,2001-09-10,55220,6,66.54,6.35,,
362405,P,2000-11-23,74991,6,59.21,6.20,,
362406,P,2001-08-26,59307,2,64.39,6.54,,
362407,P,2002-04-21,59619,4,83.00,2.16,,
362408,P,2000-05-24,36403,6,70.08,5.01,,
362409,P,2002-04-09,41778,6,48.33,4.52,,
362410,P,2001-05-25,48400,4,40.63,7.54,,
362411,P,2000-12-26,60190,4,42.73,6.74,,
362412,P,2002-03-16,17847,1,1.64,5.93,,
362413,P,2000-01-29,55510,4,35.40,5.89,,
362414,P,2000-02-16,62360,9,55.42,1.26,,
362415,P,2001-11-23,86061,8,79.22,1.59,,
362416,P,2001-09-18,15638,4,9.11,8.10,,
362417,P,2002-05-31,19457,2,34.82,3.76,,
362418,P,2000-06-21,31951,10,72.77,6.02,,
362419,P,2001-06-24,89858,8,58.25,6.77,,
362420,P,2001-10-17,60701,3,77.68,4.03,,
362421,P,2002-03-23,83602,8,80.20,4.75,,
362422,P,2000-11-24,58548,3,32.56,1.45,,
362423,P,2000-04-10,18794,6,8.24,6.82,,
362424,P,2000-01-08,31910,6,85.98,9.03,,
362425,P,2001-04-24,57909,7,53.26,9.41,,
362426,P,2002-03-10,69211,4,40.27,1.79,,
362427,P,2002-04-14,17145,7,78.22,6.63,,
362428,P,2001-01-25,10332,10,44.58,9.13,,
362429,P,2002-01-13,65713,4,89.43,6.29,,
362430,P,2002-07-07,72259,1,19.12,3.55,,
362431,P,2001-05-05,67705,2,74.87,0.80,,
362432,P,2001-06-24,36886,2,69.26,9.08,,
362433,P,2001-08-23,82133,5,25.46,6.10,,
362434,P,2001-02-05,45165,7,94.23,8.75,,
362435,P,2002-02-11,20252,10,22.21,7.52,,
362436,P,2001-04-23,74850,10,19.28,6.20,,
362437,P,2000-09-23,9753,1,19.02,3.20,,
362438,P,2002-05-24,2277,8,40.23,6.81,,
362439,P,2001-06-23,54266,10,77.64,2.34,,
362440,P,2000-07-27,16748,6,63.55,5.49,,
362441,P,2000-08-06,2353,1,85.49,8.24,,
362442,P,2001-10-28,31677,4,70.55,3.51,,
362443,P,2002-05-10,68000,6,69.16,3.68,,
362444,P,2001-02-22,79715,4,64.61,1.35,,
362445,P,2001-05-08,85784,3,2.57,9.61,,
362446,P,2002-07-03,88361,5,70.80,2.00,,
362447,P,2000-10-11,14078,4,55.94,9.74,,
362448,P,2000-02-02,35382,6,8.06,8.66,,
362449,P,2000-09-09,85385,5,97.83,1.19,,
362450,P,2000-11-30,40436,4,3.14,4.47,,
362451,P,2002-07-07,82270,10,61.33,0.85,,
362452,P,2000-04-18,12123,7,42.23,4.48,,
362453,P,2002-05-07,27036,5,37.99,8.29,,
362454,P,2000-10-15,52608,10,4.91,1.49,,
362455,P,2001-09-10,19789,8,9.42,0.96,,
362456,P,2001-10-06,92896,2,5.48,4.36,,
362457,P,2000-05-31,884,8,98.30,3.21,,
362458,P,2000-11-14,8953,5,24.25,7.05,,
362459,P,2000-02-19,2663,1,28.00,3.54,,
362460,P,2000-10-30,74185,8,63.17,1.00,,
362461,P,2000-04-24,88835,5,10.58,0.18,,
362462,P,2002-06-16,39999,1,32.56,4.31,,
362463,P,2002-05-22,17929,1,94.73,3.25,,
362464,P,2002-01-03,95135,4,58.19,4.40,,
362465,P,2000-04-09,27519,4,84.91,0.25,,
362466,P,2000-05-20,71144,10,76.89,5.77,,
362467,P,2002-03-13,36053,9,26.84,6.99,,
362468,P,2000-01-27,74782,1,1.15,1.10,,
362469,P,2000-08-04,23655,7,46.20,6.07,,
362470,P,2001-01-12,63091,1,72.85,0.20,,
362471,P,2002-06-14,89519,9,13.29,7.24,,
362472,P,2002-06-07,56268,2,64.90,5.18,,
362473,P,2001-02-18,89195,1,12.86,2.37,,
362474,P,2000-11-29,74438,7,95.51,9.59,,
362475,P,2002-06-05,26410,5,57.01,0.46,,
362476,P,2001-06-05,89475,10,83.97,4.45,,
362477,P,2000-04-26,27041,4,33.09,9.99,,
362478,P,2002-06-01,6590,2,18.28,0.21,,
362479,P,2001-01-11,63526,2,10.52,8.50,,
362480,P,2002-07-15,35730,3,62.75,3.26,,
362481,P,2002-08-08,8129,9,8.72,4.66,,
362482,P,2001-11-15,86963,1,78.67,9.86,,
362483,P,2002-03-22,81781,8,99.43,9.19,,
362484,P,2002-04-28,16267,7,13.73,8.89,,
362485,P,2001-01-01,51669,1,41.62,2.33,,
362486,P,2001-01-10,37798,4,94.98,7.28,,
362487,P,2002-03-30,47076,8,64.80,0.70,,
362488,P,2000-07-30,74564,6,87.47,3.46,,
362489,P,2002-07-25,60264,5,29.14,1.75,,
362490,P,2000-02-09,842,7,23.23,1.14,,
362491,P,2002-01-03,9719,1,24.81,4.65,,
362492,P,2000-01-15,2228,3,60.73,7.87,,
362493,P,2000-01-21,40114,2,16.59,4.14,,
362494,P,2001-02-26,71977,6,42.65,7.43,,
362495,P,2000-10-15,41054,9,52.12,7.44,,
362496,P,2000-02-02,96777,1,64.35,8.73,,
362497,P,2001-03-23,23705,2,62.73,9.12,,
362498,P,2001-06-07,62099,4,42.66,3.61,,
362499,P,2001-08-12,84245,6,99.16,0.18,,
362500,P,2001-10-10,8077,1,88.71,8.70,,
362501,P,2002-09-09,99960,5,29.61,8.63,,
362502,P,2000-09-14,55264,8,91.35,2.96,,
362503,P,2000-02-19,20595,2,39.53,0.27,,
362504,P,2001-10-16,45054,7,74.42,1.62,,
362505,P,2001-11-19,31074,9,97.05,6.45,,
362506,P,2000-06-15,43003,10,89.42,9.00,,
362507,P,2001-06-25,70523,9,85.99,6.74,,
362508,P,2000-12-13,75342,3,33.41,3.31,,
362509,P,2000-03-22,90704,1,54.95,5.49,,
362510,P,2002-07-15,94338,1,61.74,7.02,,
362511,P,2001-08-24,34231,8,42.67,6.23,,
362512,P,2001-01-28,61141,3,16.58,0.49,,
362513,P,2002-03-21,26207,2,50.27,6.78,,
362514,P,2000-11-11,44857,4,44.10,1.92,,
362515,P,2000-09-14,43724,2,52.23,0.73,,
362516,P,2000-12-03,9600,8,59.62,3.11,,
362517,P,2001-07-07,23896,7,6.41,9.57,,
362518,P,2000-11-02,14543,10,96.17,8.61,,
362519,P,2000-09-20,72705,9,1.04,7.77,,
362520,P,2002-03-16,73579,6,40.01,4.88,,
362521,P,2001-12-30,82096,7,52.55,9.85,,
362522,P,2001-08-26,22520,9,47.77,3.51,,
362523,P,2002-01-31,8533,3,23.58,3.18,,
362524,P,2000-03-14,41078,9,84.85,9.20,,
362525,P,2000-05-06,17121,8,66.78,6.51,,
362526,P,2000-11-29,19177,9,84.38,6.59,,
362527,P,2000-06-02,13550,6,9.90,2.69,,
362528,P,2001-07-07,82227,5,16.11,8.19,,
362529,P,2001-06-06,14910,1,34.41,8.64,,
362530,P,2001-06-12,93022,1,23.76,4.83,,
362531,P,2000-05-05,62230,9,16.62,7.08,,
362532,P,2000-03-09,95915,9,11.11,6.90,,
362533,P,2000-03-12,65354,6,79.15,1.21,,
362534,P,2000-10-14,34614,5,53.27,5.21,,
362535,P,2000-03-29,53555,6,65.15,2.53,,
362536,P,2000-04-30,36977,4,38.53,1.90,,
362537,P,2000-07-18,30188,8,84.13,2.06,,
362538,P,2000-08-07,72817,3,80.05,9.68,,
362539,P,2000-09-03,21265,8,32.89,3.22,,
362540,P,2001-03-29,74952,8,8.35,9.93,,
362541,P,2000-11-21,80116,6,69.07,0.28,,
362542,P,2002-07-18,6184,5,33.57,5.60,,
362543,P,2001-09-22,41559,7,37.60,9.04,,
362544,P,2000-08-13,61148,1,62.41,9.77,,
362545,P,2000-02-28,39417,5,88.01,4.18,,
362546,P,2000-06-11,19863,7,91.06,3.95,,
362547,P,2000-09-28,18421,6,57.37,8.74,,
362548,P,2000-04-17,30797,5,63.67,5.93,,
362549,P,2000-02-13,45675,3,6.48,2.77,,
362550,P,2001-11-29,13576,8,24.14,8.63,,
362551,P,2001-12-09,93160,9,51.94,4.28,,
362552,P,2002-08-25,92886,8,5.71,7.87,,
362553,P,2000-06-11,87779,4,55.80,8.79,,
362554,P,2002-08-12,64131,8,16.82,8.76,,
362555,P,2001-02-03,26988,1,70.12,2.54,,
362556,P,2001-05-14,70305,7,77.33,8.79,,
362557,P,2001-09-23,64491,5,36.21,5.15,,
362558,P,2002-02-05,46835,5,23.84,6.03,,
362559,P,2002-02-10,28185,8,47.25,9.99,,
362560,P,2002-01-05,74211,3,54.98,3.15,,
362561,P,2000-10-24,10510,8,84.44,4.50,,
362562,P,2000-11-24,68944,3,28.21,2.25,,
362563,P,2001-04-07,6603,8,74.10,1.14,,
362564,P,2002-09-27,14948,5,39.69,0.18,,
362565,P,2001-11-30,96944,9,66.44,2.75,,
362566,P,2001-04-28,80943,3,26.94,6.05,,
362567,P,2001-08-18,61177,5,26.62,9.54,,
362568,P,2002-07-27,98345,8,53.09,5.44,,
362569,P,2000-05-03,5793,10,94.17,4.21,,
362570,P,2002-03-04,54213,4,51.57,1.02,,
362571,P,2001-01-06,67276,4,0.27,5.89,,
362572,P,2001-11-19,60104,10,31.84,2.22,,
362573,P,2002-03-27,11045,8,83.71,9.77,,
362574,P,2001-04-07,80406,7,71.22,1.92,,
362575,P,2000-06-11,80643,8,67.37,8.31,,
362576,P,2000-10-18,92731,4,49.56,0.60,,
362577,P,2001-01-06,33908,10,98.92,4.53,,
362578,P,2000-06-25,5371,2,42.08,1.26,,
362579,P,2001-12-24,83106,10,15.56,8.49,,
362580,P,2002-07-08,87009,5,9.45,4.02,,
362581,P,2000-01-17,23697,2,91.13,9.04,,
362582,P,2001-12-22,61198,10,57.20,8.20,,
362583,P,2001-10-10,79096,5,82.80,5.65,,
362584,P,2002-01-02,57792,10,10.25,2.88,,
362585,P,2001-01-12,50303,2,33.27,9.38,,
362586,P,2000-12-18,24071,7,14.47,0.28,,
362587,P,2000-07-17,62543,10,29.79,5.43,,
362588,P,2000-03-13,68688,5,36.29,0.84,,
362589,P,2001-09-29,88471,3,31.63,7.25,,
362590,P,2002-07-01,23727,9,40.93,4.43,,
362591,P,2002-02-14,38700,10,53.20,4.65,,
362592,P,2000-02-26,1736,7,70.52,0.85,,
362593,P,2000-08-14,26190,1,36.54,1.21,,
362594,P,2001-11-07,71773,7,37.15,7.27,,
362595,P,2000-03-16,44637,5,64.43,4.84,,
362596,P,2000-04-08,29604,2,37.38,4.14,,
362597,P,2000-12-27,79198,10,92.72,2.93,,
362598,P,2000-12-25,69526,10,72.62,2.89,,
362599,P,2000-07-26,7805,10,25.42,2.72,,
362600,P,2001-02-28,26904,4,87.81,4.03,,
362601,P,2001-04-15,11581,6,67.08,9.92,,
362602,P,2000-12-03,53570,10,78.48,1.44,,
362603,P,2001-07-04,20502,10,89.78,2.97,,
362604,P,2000-02-20,64899,2,66.23,4.51,,
362605,P,2001-11-08,22401,7,42.04,5.70,,
362606,P,2001-01-04,24104,1,1.83,7.53,,
362607,P,2000-04-07,69078,4,23.23,9.22,,
362608,P,2002-01-09,95709,6,51.97,6.46,,
362609,P,2000-09-23,48342,3,81.46,1.84,,
362610,P,2000-09-17,63552,9,87.47,7.27,,
362611,P,2000-02-16,67797,4,15.64,6.35,,
362612,P,2001-08-28,64068,7,41.07,5.15,,
362613,P,2001-06-24,43686,8,27.48,5.80,,
362614,P,2002-02-20,6120,4,44.47,4.52,,
362615,P,2001-07-13,45656,7,51.48,5.49,,
362616,P,2002-01-20,21930,4,16.71,0.48,,
362617,P,2002-02-15,46892,2,23.05,3.16,,
362618,P,2002-01-25,20775,9,72.50,4.59,,
362619,P,2002-09-21,26021,8,9.59,4.48,,
362620,P,2001-06-14,2251,2,23.96,0.93,,
362621,P,2001-09-03,17987,2,45.60,1.40,,
362622,P,2001-02-08,74312,1,24.88,0.89,,
362623,P,2002-04-21,63705,1,75.39,1.69,,
362624,P,2000-01-09,77146,7,27.74,5.53,,
362625,P,2000-02-22,83395,3,60.36,0.49,,
362626,P,2001-06-19,95534,8,15.97,7.89,,
362627,P,2002-09-22,73450,1,1.21,6.82,,
362628,P,2000-09-09,7508,8,3.22,3.50,,
362629,P,2000-07-27,41184,8,86.01,2.84,,
362630,P,2000-04-21,40069,4,41.41,6.99,,
362631,P,2002-01-06,94502,10,53.25,3.10,,
362632,P,2001-12-05,63354,7,88.67,8.06,,
362633,P,2002-04-12,84839,1,83.11,1.50,,
362634,P,2000-01-12,30686,10,9.01,8.43,,
362635,P,2001-07-17,44984,6,1.83,8.88,,
362636,P,2000-06-06,69415,3,5.83,9.82,,
362637,P,2001-04-15,83515,9,52.12,5.00,,
362638,P,2002-02-16,287,1,69.57,2.67,,
362639,P,2000-01-15,53647,1,91.68,0.52,,
362640,P,2000-12-19,74323,1,64.35,9.11,,
362641,P,2002-07-19,78984,8,99.39,0.93,,
362642,P,2000-06-09,98532,5,20.52,7.60,,
362643,P,2001-06-17,68822,9,34.53,0.90,,
362644,P,2000-09-13,30659,6,34.53,0.07,,
362645,P,2000-10-10,41191,3,25.97,9.75,,
362646,P,2001-08-26,81546,9,58.56,5.64,,
362647,P,2000-01-05,1532,5,33.64,0.20,,
362648,P,2001-02-13,84937,3,83.39,7.05,,
362649,P,2001-05-23,88133,9,95.31,4.74,,
362650,P,2000-05-30,35394,5,16.31,0.22,,
362651,P,2002-06-17,35494,7,44.27,9.34,,
362652,P,2001-04-26,78373,2,96.28,8.26,,
362653,P,2000-11-30,55746,4,0.00,8.80,,
362654,P,2002-09-08,25272,9,8.28,0.29,,
362655,P,2000-09-04,57376,5,11.32,8.01,,
362656,P,2000-01-18,6992,9,79.28,0.06,,
362657,P,2001-05-09,59188,5,27.58,7.94,,
362658,P,2001-08-15,77537,2,25.33,1.79,,
362659,P,2001-03-14,4557,3,88.58,5.18,,
362660,P,2001-08-08,68884,2,69.72,7.49,,
362661,P,2001-11-20,65072,10,15.68,0.84,,
362662,P,2002-08-01,1143,3,45.76,9.03,,
362663,P,2001-01-15,65681,9,46.05,5.80,,
362664,P,2000-05-04,98929,8,39.22,0.39,,
362665,P,2001-07-27,75538,8,81.36,8.25,,
362666,P,2000-08-26,15538,8,38.13,6.07,,
362667,P,2001-06-04,61429,1,33.71,7.32,,
362668,P,2000-06-09,23131,2,58.17,7.77,,
362669,P,2001-04-24,14080,6,73.45,7.75,,
362670,P,2001-01-22,22117,1,62.94,5.57,,
362671,P,2001-08-17,99137,9,50.80,6.21,,
362672,P,2001-03-06,99573,7,95.92,9.52,,
362673,P,2000-09-08,25325,4,70.28,3.98,,
362674,P,2001-07-06,36871,5,8.79,4.31,,
362675,P,2000-12-08,73967,9,34.02,8.94,,
362676,P,2000-10-31,41574,7,78.13,9.32,,
362677,P,2002-01-08,95470,10,53.10,3.77,,
362678,P,2001-01-10,35605,8,88.79,3.71,,
362679,P,2000-09-19,70847,8,65.17,5.55,,
362680,P,2001-12-21,32060,10,55.55,9.93,,
362681,P,2000-01-26,65955,9,9.01,5.06,,
362682,P,2000-08-07,37804,1,71.94,5.24,,
362683,P,2001-09-23,6724,8,65.62,2.18,,
362684,P,2002-09-09,1457,4,9.61,1.31,,
362685,P,2002-08-06,39004,1,28.22,6.97,,
362686,P,2000-11-07,78348,10,67.54,9.25,,
362687,P,2001-12-25,89070,3,9.84,4.01,,
362688,P,2002-04-02,74395,9,15.09,9.79,,
362689,P,2002-04-11,29028,6,64.39,2.32,,
362690,P,2000-03-15,36239,3,27.56,4.14,,
362691,P,2000-06-05,11435,1,67.92,9.25,,
362692,P,2000-12-07,80431,6,20.15,6.65,,
362693,P,2001-09-26,94253,4,8.25,1.63,,
362694,P,2002-02-02,10752,6,1.63,8.18,,
362695,P,2002-05-26,15927,10,15.25,1.20,,
362696,P,2000-01-02,26310,7,18.09,8.52,,
362697,P,2000-11-09,31213,5,11.04,6.43,,
362698,P,2002-01-31,54997,10,25.19,8.89,,
362699,P,2002-02-11,6890,1,20.44,5.32,,
362700,P,2000-10-19,60952,9,80.96,5.51,,
362701,P,2001-04-07,52362,7,81.25,8.12,,
362702,P,2000-05-14,25560,9,15.62,6.00,,
362703,P,2002-03-08,30278,9,84.60,7.64,,
362704,P,2000-11-11,45382,2,76.61,0.07,,
362705,P,2000-10-15,38630,8,66.22,1.21,,
362706,P,2001-09-01,19619,2,40.04,8.79,,
362707,P,2000-09-09,17859,5,95.26,7.13,,
362708,P,2002-06-02,18801,9,78.64,4.56,,
362709,P,2000-07-07,95869,2,24.51,4.16,,
362710,P,2001-10-17,67021,2,25.32,2.31,,
362711,P,2001-04-09,96472,3,98.36,0.23,,
362712,P,2002-04-18,83130,1,49.03,1.90,,
362713,P,2002-06-07,26499,9,53.39,8.70,,
362714,P,2001-01-29,26923,3,35.43,3.93,,
362715,P,2001-03-25,34181,6,54.48,4.40,,
362716,P,2000-08-14,72286,4,16.93,4.75,,
362717,P,2002-03-09,24498,6,0.79,8.72,,
362718,P,2001-08-20,4547,6,40.13,7.53,,
362719,P,2002-03-05,25435,1,58.36,6.45,,
362720,P,2002-01-13,51267,9,68.49,9.62,,
362721,P,2002-05-08,27145,1,72.35,2.41,,
362722,P,2001-12-16,10802,3,12.72,3.19,,
362723,P,2002-03-14,91735,3,32.42,7.01,,
362724,P,2001-11-08,26907,6,9.52,2.78,,
362725,P,2002-03-04,33003,8,20.11,2.86,,
362726,P,2001-08-24,14298,2,20.63,4.30,,
362727,P,2002-01-19,17855,8,2.75,4.54,,
362728,P,2002-03-19,62041,6,47.80,2.74,,
362729,P,2002-05-01,41165,7,21.05,3.76,,
362730,P,2000-01-14,99008,2,56.07,7.32,,
362731,P,2002-06-18,94238,3,86.20,5.48,,
362732,P,2001-12-04,99689,9,56.78,8.82,,
362733,P,2001-10-31,3139,7,96.49,7.47,,
362734,P,2002-01-19,18448,4,14.05,3.05,,
362735,P,2001-05-24,22716,6,34.75,5.51,,
362736,P,2000-11-13,44226,5,61.98,7.37,,
362737,P,2002-03-08,88520,8,86.55,7.46,,
362738,P,2000-02-21,72764,5,54.67,9.04,,
362739,P,2000-04-14,4445,5,5.57,0.18,,
362740,P,2002-05-17,63877,9,63.72,5.66,,
362741,P,2001-06-25,13107,6,30.35,2.54,,
362742,P,2001-08-20,23959,7,15.12,4.59,,
362743,P,2001-05-15,29435,1,3.55,7.55,,
362744,P,2001-11-13,72739,4,36.26,0.05,,
362745,P,2000-12-16,66748,9,27.02,3.78,,
362746,P,2002-06-08,71960,4,78.56,1.07,,
362747,P,2002-01-20,66689,1,61.24,0.29,,
362748,P,2001-01-26,48277,9,67.03,3.82,,
362749,P,2001-06-07,63315,3,81.08,8.25,,
362750,P,2000-06-08,13652,2,32.91,3.58,,
362751,P,2001-08-11,90089,3,45.50,4.56,,
362752,P,2000-09-06,92704,3,56.89,3.94,,
362753,P,2000-02-02,18661,3,47.63,3.04,,
362754,P,2002-07-17,85708,2,41.67,4.95,,
362755,P,2002-08-13,20181,2,32.17,0.77,,
362756,P,2002-04-16,67331,4,68.40,2.29,,
362757,P,2002-01-26,41570,8,55.54,4.60,,
362758,P,2001-09-19,1293,8,53.98,7.70,,
362759,P,2000-12-04,19660,4,27.47,7.18,,
362760,P,2000-12-09,47156,2,75.84,4.38,,
362761,P,2001-10-09,42314,9,62.79,7.12,,
362762,P,2002-07-27,39332,6,98.95,1.24,,
362763,P,2000-09-26,26348,1,25.90,3.68,,
362764,P,2002-03-28,82783,4,5.29,8.18,,
362765,P,2002-04-12,48333,8,34.04,1.90,,
362766,P,2002-08-01,7422,4,30.54,7.74,,
362767,P,2000-06-29,13576,9,10.88,0.34,,
362768,P,2002-08-13,2171,4,19.64,4.00,,
362769,P,2001-06-06,95191,5,57.15,4.10,,
362770,P,2002-09-14,89143,3,53.74,1.38,,
362771,P,2001-06-14,65591,2,99.87,2.89,,
362772,P,2001-01-23,12800,7,90.59,2.41,,
362773,P,2000-07-25,99350,1,20.00,8.14,,
362774,P,2000-03-20,17528,9,16.09,3.40,,
362775,P,2000-06-04,28439,4,27.92,1.28,,
362776,P,2000-03-13,20173,4,85.20,6.01,,
362777,P,2000-02-01,526,7,30.87,4.10,,
362778,P,2001-05-19,68017,5,75.93,7.16,,
362779,P,2000-05-01,71049,2,84.79,1.15,,
362780,P,2001-02-08,82389,6,42.62,1.45,,
362781,P,2000-10-22,1414,1,57.30,3.19,,
362782,P,2000-09-11,44493,2,46.93,2.40,,
362783,P,2001-11-20,24291,2,15.72,9.49,,
362784,P,2001-12-09,28691,1,33.72,1.55,,
362785,P,2001-04-21,83286,2,81.03,2.14,,
362786,P,2001-08-02,98066,1,22.05,5.11,,
362787,P,2001-08-06,52294,8,42.21,0.28,,
362788,P,2002-07-28,87289,2,58.99,6.73,,
362789,P,2001-10-13,61463,6,60.69,2.05,,
362790,P,2000-09-24,31243,10,8.23,8.29,,
362791,P,2000-01-18,27946,2,89.88,4.34,,
362792,P,2001-04-27,4664,5,71.38,7.52,,
362793,P,2000-08-27,52247,5,47.54,3.32,,
362794,P,2000-08-23,5211,8,83.55,0.10,,
362795,P,2000-08-04,17141,2,95.75,9.13,,
362796,P,2000-12-03,63025,4,47.56,4.32,,
362797,P,2001-08-21,24294,4,15.83,5.73,,
362798,P,2002-02-26,29844,9,24.40,6.28,,
362799,P,2001-02-06,22048,1,55.55,4.94,,
362800,P,2001-09-05,95025,5,70.60,2.69,,
362801,P,2002-05-19,138,9,13.42,6.64,,
362802,P,2000-03-27,65439,5,12.07,6.77,,
362803,P,2000-07-05,13090,5,11.63,9.54,,
362804,P,2000-07-28,67354,6,84.23,4.93,,
362805,P,2001-08-11,98357,4,55.57,5.11,,
362806,P,2000-02-17,87731,6,56.53,1.43,,
362807,P,2000-08-01,96544,4,58.75,4.31,,
362808,P,2000-05-02,28710,1,95.25,3.53,,
362809,P,2000-07-11,30084,8,53.41,4.60,,
362810,P,2001-10-19,13020,1,95.01,7.97,,
362811,P,2000-04-01,93805,2,24.79,3.52,,
362812,P,2002-08-01,33219,3,38.96,0.23,,
362813,P,2002-02-17,1852,6,21.91,4.69,,
362814,P,2000-11-02,6437,7,18.55,1.37,,
362815,P,2002-08-10,2090,10,27.73,0.16,,
362816,P,2000-10-28,17261,3,43.41,9.79,,
362817,P,2002-01-27,54018,10,41.28,4.19,,
362818,P,2000-01-25,71361,6,30.44,5.27,,
362819,P,2001-07-06,75484,4,6.15,1.62,,
362820,P,2001-06-01,94115,1,78.75,5.82,,
362821,P,2000-03-03,40140,4,55.90,9.69,,
362822,P,2001-06-03,44859,3,40.14,5.48,,
362823,P,2001-02-22,15947,7,73.57,0.60,,
362824,P,2001-09-26,40416,7,78.53,3.42,,
362825,P,2001-03-23,22471,8,78.25,7.78,,
362826,P,2000-01-11,54985,8,22.50,1.91,,
362827,P,2002-02-11,1319,8,28.66,2.38,,
362828,P,2000-03-12,73289,8,40.66,8.37,,
362829,P,2002-06-01,40512,3,81.14,8.44,,
362830,P,2002-05-10,5414,3,92.35,4.19,,
362831,P,2000-05-05,12711,6,47.58,7.94,,
362832,P,2000-09-08,78559,7,31.11,3.57,,
362833,P,2001-02-02,66687,6,66.16,2.31,,
362834,P,2001-03-06,50749,9,40.19,9.35,,
362835,P,2002-03-14,17483,9,68.64,9.81,,
362836,P,2002-02-06,57013,6,61.34,5.34,,
362837,P,2002-07-30,43109,5,20.00,2.79,,
362838,P,2000-02-29,35756,1,12.27,6.09,,
362839,P,2002-05-24,9782,6,45.83,0.11,,
362840,P,2002-07-27,46753,10,18.84,9.88,,
362841,P,2001-11-15,41414,9,89.10,3.21,,
362842,P,2002-03-23,74950,3,65.07,3.85,,
362843,P,2002-03-16,71755,8,78.35,0.35,,
362844,P,2000-02-14,89800,4,55.48,1.55,,
362845,P,2001-11-05,30791,3,58.39,2.33,,
362846,P,2001-12-14,95105,1,75.23,8.55,,
362847,P,2002-09-15,84499,3,24.33,3.82,,
362848,P,2002-05-06,89244,4,57.67,1.31,,
362849,P,2001-06-27,98478,9,84.61,9.66,,
362850,P,2000-03-18,24568,8,53.79,4.46,,
362851,P,2001-08-21,3179,7,72.62,5.53,,
362852,P,2001-02-04,59051,10,91.00,5.70,,
362853,P,2000-10-18,64639,10,10.13,0.70,,
362854,P,2000-06-28,79070,6,49.74,9.40,,
362855,P,2002-03-03,60219,1,70.51,6.90,,
362856,P,2002-01-05,10322,1,87.11,0.09,,
362857,P,2001-01-18,68716,8,11.22,9.47,,
362858,P,2000-06-03,69442,4,20.26,0.08,,
362859,P,2000-03-22,52929,10,82.55,1.49,,
362860,P,2002-06-13,53847,3,89.16,3.50,,
362861,P,2001-07-05,6656,3,81.94,7.70,,
362862,P,2001-06-08,11480,7,21.39,7.26,,
362863,P,2000-07-20,66762,4,46.23,1.08,,
362864,P,2002-01-31,19502,6,19.96,5.29,,
362865,P,2002-09-15,66234,9,56.44,9.20,,
362866,P,2002-07-14,54218,9,21.69,5.18,,
362867,P,2002-02-27,6177,3,51.43,5.42,,
362868,P,2001-10-28,1261,3,72.92,4.10,,
362869,P,2000-10-21,78924,8,96.07,4.63,,
362870,P,2002-05-30,25049,5,36.22,8.96,,
362871,P,2000-09-28,27045,8,87.01,8.35,,
362872,P,2000-03-18,29074,1,31.80,5.90,,
362873,P,2002-06-26,57348,6,51.65,6.43,,
362874,P,2001-08-23,89536,8,82.07,6.14,,
362875,P,2001-10-09,95571,2,10.10,9.99,,
362876,P,2000-04-11,32432,5,83.30,2.50,,
362877,P,2001-02-09,12530,1,41.31,5.24,,
362878,P,2000-06-30,61431,5,57.50,4.73,,
362879,P,2000-10-11,94094,7,70.85,9.52,,
362880,P,2000-09-26,86749,8,1.86,0.25,,
362881,P,2000-11-07,10087,6,32.25,1.01,,
362882,P,2000-12-24,78430,5,53.05,7.57,,
362883,P,2002-05-30,19410,2,58.65,2.48,,
362884,P,2002-04-28,71780,9,2.00,9.24,,
362885,P,2001-12-22,43749,5,79.42,4.36,,
362886,P,2002-02-13,36094,7,30.73,2.82,,
362887,P,2001-02-12,19587,8,59.92,3.20,,
362888,P,2001-05-09,47049,6,40.78,4.25,,
362889,P,2000-04-03,93752,7,36.21,5.39,,
362890,P,2000-05-03,19020,1,96.12,6.84,,
362891,P,2002-06-11,35252,2,2.79,9.83,,
362892,P,2000-12-29,144,3,97.81,2.93,,
362893,P,2002-08-11,68144,6,53.12,5.44,,
362894,P,2001-10-21,51698,9,69.53,0.11,,
362895,P,2001-07-14,36784,10,12.44,9.90,,
362896,P,2002-02-24,84481,4,33.18,1.85,,
362897,P,2001-09-06,5061,3,69.64,5.48,,
362898,P,2000-05-13,18559,5,51.48,4.10,,
362899,P,2000-06-13,45465,10,79.91,1.45,,
362900,P,2000-07-06,79598,10,45.61,0.18,,
362901,P,2002-08-26,48529,7,8.01,5.44,,
362902,P,2000-01-16,8147,4,79.11,6.89,,
362903,P,2000-03-26,85526,9,47.68,2.14,,
362904,P,2002-08-03,8634,9,10.84,6.57,,
362905,P,2001-03-23,56013,1,56.35,5.24,,
362906,P,2002-02-05,28414,1,8.07,3.30,,
362907,P,2001-06-20,27742,8,91.33,8.09,,
362908,P,2002-01-13,99351,10,56.92,9.55,,
362909,P,2000-06-16,34623,7,35.75,5.71,,
362910,P,2001-08-23,12934,1,74.72,9.80,,
362911,P,2002-02-02,64883,3,10.65,4.48,,
362912,P,2001-05-15,63536,7,27.54,1.79,,
362913,P,2001-08-10,7893,5,32.91,1.32,,
362914,P,2001-11-10,35939,2,88.62,8.97,,
362915,P,2000-06-22,12437,3,99.96,2.55,,
362916,P,2001-11-22,69920,6,65.38,1.47,,
362917,P,2002-02-16,56683,6,84.30,3.43,,
362918,P,2000-07-08,37410,8,65.59,2.05,,
362919,P,2001-11-02,47853,2,54.91,0.49,,
362920,P,2000-08-01,89132,6,2.91,9.88,,
362921,P,2002-05-25,78129,5,33.88,8.44,,
362922,P,2000-02-26,61925,3,81.12,8.47,,
362923,P,2001-10-30,33495,5,85.54,0.61,,
362924,P,2001-06-15,29432,4,44.38,0.65,,
362925,P,2002-02-09,63446,1,73.37,8.85,,
362926,P,2000-02-29,12281,8,12.52,6.78,,
362927,P,2002-03-14,60832,9,53.68,3.43,,
362928,P,2001-04-19,16217,10,9.18,0.02,,
362929,P,2002-05-28,32006,4,83.70,4.26,,
362930,P,2001-04-04,45953,1,19.37,8.11,,
362931,P,2001-09-13,13070,8,45.31,8.98,,
362932,P,2002-07-23,5633,4,84.92,7.71,,
362933,P,2002-09-08,55648,7,83.56,6.02,,
362934,P,2000-04-15,28930,7,55.34,5.65,,
362935,P,2002-08-21,8019,4,55.90,0.37,,
362936,P,2002-06-20,31143,3,69.29,1.57,,
362937,P,2001-05-13,16063,7,30.02,4.31,,
362938,P,2000-07-08,56342,2,30.60,9.50,,
362939,P,2001-04-01,80267,1,88.34,2.63,,
362940,P,2001-04-15,18816,4,11.74,2.23,,
362941,P,2000-01-19,99198,2,40.86,2.07,,
362942,P,2000-05-30,32968,5,19.83,8.63,,
362943,P,2001-05-25,80638,1,37.87,4.72,,
362944,P,2000-12-26,65119,4,87.06,5.93,,
362945,P,2002-04-10,14361,9,41.28,2.52,,
362946,P,2001-07-13,52644,5,47.57,1.02,,
362947,P,2000-05-16,22391,9,91.54,0.81,,
362948,P,2000-08-12,14386,8,87.99,1.86,,
362949,P,2001-04-23,98961,3,60.26,3.96,,
362950,P,2000-02-10,67137,6,11.18,4.68,,
362951,P,2001-03-08,38183,8,26.25,7.43,,
362952,P,2001-01-15,98243,5,5.37,9.93,,
362953,P,2000-05-28,562,10,49.94,7.84,,
362954,P,2000-11-06,71694,4,89.22,8.06,,
362955,P,2001-06-07,69640,10,28.36,2.38,,
362956,P,2000-06-24,39118,7,64.39,9.32,,
362957,P,2001-04-17,46638,1,31.64,3.15,,
362958,P,2001-09-17,52464,5,90.80,2.58,,
362959,P,2000-09-20,77493,5,51.68,0.79,,
362960,P,2001-05-16,85240,8,21.00,1.70,,
362961,P,2002-07-15,33815,2,52.52,6.62,,
362962,P,2002-06-17,48896,5,97.24,4.46,,
362963,P,2000-08-19,77626,1,99.32,3.94,,
362964,P,2001-01-07,43342,5,40.71,1.32,,
362965,P,2000-03-16,69798,10,59.34,5.66,,
362966,P,2002-04-04,10959,4,45.04,3.30,,
362967,P,2000-02-24,32775,8,33.55,5.69,,
362968,P,2000-11-22,66024,8,22.93,2.34,,
362969,P,2002-01-20,45908,8,58.58,9.63,,
362970,P,2000-08-22,48784,4,89.27,5.75,,
362971,P,2002-02-24,93271,1,93.94,8.51,,
362972,P,2002-09-13,78209,9,9.26,1.99,,
362973,P,2002-01-17,89841,2,63.39,2.07,,
362974,P,2002-06-05,38541,8,69.74,2.35,,
362975,P,2001-07-01,99335,2,68.57,2.37,,
362976,P,2001-04-17,91143,5,70.87,1.72,,
362977,P,2001-09-09,82361,4,52.68,3.51,,
362978,P,2001-07-11,97734,8,91.02,5.89,,
362979,P,2001-07-30,96600,3,90.76,4.22,,
362980,P,2000-02-15,8469,2,43.64,8.48,,
362981,P,2002-03-02,12644,10,26.94,4.60,,
362982,P,2001-07-29,29924,1,31.61,0.33,,
362983,P,2001-10-20,48592,3,96.71,3.98,,
362984,P,2000-01-08,74643,6,94.54,7.17,,
362985,P,2000-11-07,99553,7,84.76,3.89,,
362986,P,2000-04-28,96733,1,60.27,7.35,,
362987,P,2002-04-12,39202,2,79.02,7.63,,
362988,P,2002-07-09,77810,5,22.24,9.59,,
362989,P,2000-06-08,2130,4,38.71,6.62,,
362990,P,2002-04-12,72603,1,7.22,8.02,,
362991,P,2001-06-23,13502,8,2.33,4.54,,
362992,P,2000-01-10,88321,3,58.16,7.10,,
362993,P,2000-06-22,86151,4,52.63,9.70,,
362994,P,2001-04-25,44246,7,21.29,2.03,,
362995,P,2001-12-16,54404,3,84.06,1.93,,
362996,P,2001-01-10,75742,4,99.20,6.91,,
362997,P,2000-12-07,29470,2,48.92,7.04,,
362998,P,2000-11-19,91470,2,6.24,2.70,,
362999,P,2001-04-24,69873,3,20.70,3.85,,
363000,P,2000-11-10,5886,9,87.23,8.33,,
363001,P,2002-05-12,91637,8,61.86,5.40,,
363002,P,2002-08-03,21050,10,54.10,0.06,,
363003,P,2002-04-17,1858,9,0.37,4.79,,
363004,P,2002-04-25,98164,9,22.51,7.45,,
363005,P,2001-02-21,18839,1,8.35,8.54,,
363006,P,2002-09-12,29301,4,42.46,3.73,,
363007,P,2001-02-23,65991,6,18.93,3.86,,
363008,P,2001-02-25,92705,5,90.99,6.10,,
363009,P,2000-08-02,6920,6,23.88,2.74,,
363010,P,2000-05-22,27545,8,25.07,2.10,,
363011,P,2001-08-24,60822,2,81.41,2.58,,
363012,P,2000-02-22,80272,2,96.68,5.44,,
363013,P,2002-07-31,17875,7,14.53,2.77,,
363014,P,2001-05-22,13950,3,41.32,8.40,,
363015,P,2002-08-18,95326,4,65.61,2.23,,
363016,P,2001-11-26,13686,1,46.69,1.80,,
363017,P,2000-08-17,89165,1,90.60,9.69,,
363018,P,2000-08-10,67685,1,25.71,2.86,,
363019,P,2001-12-14,75134,7,40.81,4.26,,
363020,P,2002-08-04,88964,7,35.51,5.97,,
363021,P,2000-09-07,50838,5,57.20,9.71,,
363022,P,2001-09-23,93606,10,49.94,9.06,,
363023,P,2000-02-04,85302,4,30.13,4.09,,
363024,P,2000-03-06,66497,8,93.65,8.59,,
363025,P,2001-02-28,4546,7,93.02,6.82,,
363026,P,2002-03-18,16071,10,11.93,0.08,,
363027,P,2001-03-03,8337,8,70.28,6.43,,
363028,P,2002-06-02,1767,2,42.77,0.55,,
363029,P,2002-01-07,581,10,24.36,3.52,,
363030,P,2000-03-06,65157,9,59.03,1.19,,
363031,P,2000-06-01,21321,2,4.75,2.59,,
363032,P,2000-11-16,59545,1,74.80,1.59,,
363033,P,2001-03-01,6481,3,14.38,9.23,,
363034,P,2002-07-10,6400,8,62.90,9.42,,
363035,P,2002-02-16,29859,1,47.71,5.66,,
363036,P,2000-06-24,39577,7,39.61,1.19,,
363037,P,2000-08-07,26115,6,60.56,8.58,,
363038,P,2000-03-22,49558,2,22.08,5.26,,
363039,P,2001-06-21,90094,8,34.25,5.44,,
363040,P,2002-09-17,94168,5,20.82,6.39,,
363041,P,2000-06-12,58054,10,80.82,0.60,,
363042,P,2002-04-14,80164,7,75.08,9.90,,
363043,P,2001-11-29,88062,10,40.48,5.87,,
363044,P,2002-05-10,66949,3,45.50,7.52,,
363045,P,2000-04-10,9965,2,99.61,0.31,,
363046,P,2001-10-07,62482,2,3.22,5.79,,
363047,P,2000-12-17,94725,5,63.32,5.87,,
363048,P,2000-10-29,14927,6,26.57,9.78,,
363049,P,2002-07-30,17585,3,50.80,9.08,,
363050,P,2001-04-14,39495,2,79.11,9.24,,
363051,P,2002-05-26,1040,2,88.78,4.46,,
363052,P,2000-04-14,87281,1,89.45,8.72,,
363053,P,2001-04-16,5174,6,5.84,4.08,,
363054,P,2001-11-23,35865,7,27.08,5.90,,
363055,P,2002-01-25,63062,9,38.87,0.39,,
363056,P,2000-08-23,47412,1,12.11,4.68,,
363057,P,2000-09-07,73574,4,3.22,4.14,,
363058,P,2000-08-20,79178,10,95.25,3.09,,
363059,P,2001-04-08,74907,7,78.93,2.22,,
363060,P,2002-08-04,72247,9,74.10,5.16,,
363061,P,2000-07-25,27433,5,11.63,2.91,,
363062,P,2001-08-06,46255,6,12.34,4.73,,
363063,P,2000-02-28,2278,6,66.38,9.62,,
363064,P,2000-12-26,80475,7,23.31,0.70,,
363065,P,2001-12-21,58080,5,48.39,6.75,,
363066,P,2000-01-28,88227,1,88.33,3.47,,
363067,P,2000-09-29,62698,5,80.47,8.33,,
363068,P,2001-08-31,11987,1,12.59,6.10,,
363069,P,2000-08-05,89986,8,8.22,7.71,,
363070,P,2000-11-28,38718,7,10.29,6.05,,
363071,P,2001-07-16,28526,10,66.61,5.29,,
363072,P,2001-06-11,71360,4,48.14,3.55,,
363073,P,2002-01-06,92053,5,51.05,7.12,,
363074,P,2002-06-26,37522,3,32.61,8.21,,
363075,P,2002-06-18,2721,6,31.59,1.29,,
363076,P,2000-12-29,73654,7,51.43,4.25,,
363077,P,2000-07-29,84160,2,48.86,9.45,,
363078,P,2000-03-21,34767,2,68.94,5.60,,
363079,P,2002-07-16,90915,4,85.02,2.94,,
363080,P,2000-08-05,17710,7,2.21,1.29,,
363081,P,2002-05-13,12312,3,10.83,3.19,,
363082,P,2000-01-06,43331,1,79.49,5.16,,
363083,P,2000-04-14,1204,7,66.70,9.76,,
363084,P,2001-08-30,72171,4,44.77,3.44,,
363085,P,2002-05-11,5384,10,32.41,5.80,,
363086,P,2002-04-15,13650,6,49.43,5.21,,
363087,P,2001-09-01,94980,2,85.60,0.18,,
363088,P,2000-10-12,1160,2,57.46,6.80,,
363089,P,2000-05-26,56151,2,84.59,6.78,,
363090,P,2002-04-09,31746,10,59.53,3.94,,
363091,P,2001-02-26,31826,7,23.06,0.73,,
363092,P,2000-04-10,3248,7,89.84,9.34,,
363093,P,2001-09-29,84003,3,91.12,5.95,,
363094,P,2002-02-27,66573,7,83.38,5.92,,
363095,P,2000-08-29,88098,2,7.52,7.11,,
363096,P,2002-06-10,31775,7,43.42,3.09,,
363097,P,2001-11-28,85464,8,34.57,9.61,,
363098,P,2000-08-22,75265,7,63.12,6.20,,
363099,P,2002-08-10,3000,9,92.25,5.06,,
363100,P,2001-01-17,93806,7,51.13,1.88,,
363101,P,2002-03-13,33276,8,29.05,7.40,,
363102,P,2002-09-12,64094,3,59.28,2.17,,
363103,P,2000-04-02,38409,4,89.83,2.00,,
363104,P,2000-10-18,90450,1,89.01,3.56,,
363105,P,2000-04-17,28249,10,43.81,1.25,,
363106,P,2001-10-05,41248,3,97.69,1.80,,
363107,P,2000-06-29,72902,4,65.55,2.79,,
363108,P,2001-11-22,21635,7,40.96,1.50,,
363109,P,2002-01-07,48771,7,5.54,5.69,,
363110,P,2001-03-12,53355,4,50.89,4.50,,
363111,P,2000-05-12,51542,8,17.32,0.06,,
363112,P,2000-04-05,37546,2,26.80,2.39,,
363113,P,2000-06-08,24254,4,43.34,3.19,,
363114,P,2001-03-15,98031,6,12.77,6.88,,
363115,P,2001-03-20,80470,3,67.88,3.83,,
363116,P,2000-04-22,29967,8,66.69,0.01,,
363117,P,2001-04-14,17381,9,0.97,7.06,,
363118,P,2000-11-15,37327,5,83.90,0.28,,
363119,P,2001-12-30,15574,4,12.31,7.56,,
363120,P,2001-06-19,58541,10,98.82,4.57,,
363121,P,2001-05-11,16974,6,4.50,8.25,,
363122,P,2000-07-26,71687,9,87.50,7.12,,
363123,P,2002-04-10,37490,1,15.90,7.61,,
363124,P,2002-05-01,11516,1,48.86,2.26,,
363125,P,2000-06-23,26168,7,82.30,0.53,,
363126,P,2000-10-01,33952,2,7.33,8.09,,
363127,P,2000-02-27,50704,3,66.56,9.12,,
363128,P,2000-10-22,12293,5,72.20,9.87,,
363129,P,2000-05-22,70879,9,74.94,3.10,,
363130,P,2000-10-11,6555,1,89.22,0.62,,
363131,P,2001-05-12,8903,4,41.35,2.73,,
363132,P,2000-01-07,65675,8,88.94,7.13,,
363133,P,2001-04-14,96055,3,92.53,3.07,,
363134,P,2002-09-02,82403,2,37.18,8.62,,
363135,P,2001-10-16,56067,9,11.33,8.60,,
363136,P,2000-01-02,96650,8,60.56,9.47,,
363137,P,2000-07-21,65900,5,47.22,6.96,,
363138,P,2000-05-18,99921,1,12.99,4.30,,
363139,P,2001-01-09,44400,5,83.30,6.88,,
363140,P,2002-04-22,12104,1,14.68,0.98,,
363141,P,2002-05-22,73324,7,36.77,4.67,,
363142,P,2002-08-12,49,6,16.43,4.97,,
363143,P,2002-09-24,80891,7,6.63,0.98,,
363144,P,2001-11-15,23962,3,86.92,5.31,,
363145,P,2002-05-21,16213,4,32.05,4.22,,
363146,P,2002-01-16,20769,5,97.08,4.69,,
363147,P,2002-01-07,16169,2,50.73,4.27,,
363148,P,2002-07-18,81411,3,6.24,1.00,,
363149,P,2000-06-17,21978,2,47.56,3.58,,
363150,P,2000-07-27,94901,5,18.79,3.34,,
363151,P,2000-09-27,27833,10,11.00,7.73,,
363152,P,2000-10-26,9831,2,38.87,9.21,,
363153,P,2000-12-23,10232,9,50.54,2.19,,
363154,P,2001-12-03,61139,3,51.93,2.65,,
363155,P,2000-10-27,56682,6,20.51,6.70,,
363156,P,2000-06-10,88014,8,83.05,5.80,,
363157,P,2001-02-12,63265,6,82.61,0.10,,
363158,P,2000-11-26,13222,9,16.28,0.15,,
363159,P,2001-04-11,14033,1,90.95,8.87,,
363160,P,2000-11-29,70274,4,85.41,3.66,,
363161,P,2001-07-12,85085,6,9.31,4.64,,
363162,P,2002-04-23,89763,3,1.89,9.47,,
363163,P,2000-07-12,20183,3,67.55,3.04,,
363164,P,2001-10-16,27225,4,17.21,8.37,,
363165,P,2002-04-04,15646,7,67.99,5.65,,
363166,P,2002-01-01,12748,6,4.84,4.53,,
363167,P,2000-10-02,82132,4,74.74,9.10,,
363168,P,2000-12-29,39197,4,10.63,5.26,,
363169,P,2000-01-04,99705,10,38.46,1.05,,
363170,P,2001-12-18,66160,10,14.56,7.68,,
363171,P,2000-10-04,16011,7,67.34,8.80,,
363172,P,2000-11-05,42545,6,13.75,6.20,,
363173,P,2000-04-21,90760,3,13.23,8.91,,
363174,P,2002-04-29,34268,3,27.28,5.53,,
363175,P,2000-10-09,3367,3,10.69,8.44,,
363176,P,2000-05-25,18411,9,50.31,0.84,,
363177,P,2000-04-27,44254,1,27.12,0.64,,
363178,P,2002-07-08,51648,3,68.44,5.16,,
363179,P,2002-03-09,40234,1,99.83,6.09,,
363180,P,2000-12-21,71472,4,42.77,6.08,,
363181,P,2001-07-15,46878,10,24.28,9.40,,
363182,P,2001-03-07,68504,5,48.31,6.32,,
363183,P,2000-05-10,32537,3,57.32,0.56,,
363184,P,2000-01-02,2734,2,17.44,6.78,,
363185,P,2001-12-16,89241,1,50.36,8.46,,
363186,P,2001-10-24,50053,10,59.05,6.98,,
363187,P,2001-08-09,55076,7,95.77,0.19,,
363188,P,2002-08-19,9540,9,82.46,1.42,,
363189,P,2002-09-27,38586,4,95.34,5.66,,
363190,P,2000-12-24,53503,6,29.89,7.37,,
363191,P,2001-09-15,79811,7,63.83,7.63,,
363192,P,2002-08-23,14140,10,11.92,0.74,,
363193,P,2001-08-22,87510,9,30.42,8.40,,
363194,P,2000-09-03,81792,1,11.50,6.98,,
363195,P,2001-07-14,18921,3,10.69,2.96,,
363196,P,2002-08-04,29500,8,48.72,8.77,,
363197,P,2000-11-29,57208,8,33.71,2.77,,
363198,P,2000-09-26,60083,1,68.79,3.36,,
363199,P,2001-03-18,5699,9,98.96,1.53,,
363200,P,2000-05-22,4411,1,58.35,5.19,,
363201,P,2000-05-01,60968,2,56.67,3.67,,
363202,P,2000-02-20,87198,10,69.33,6.80,,
363203,P,2002-08-21,53863,9,92.83,0.78,,
363204,P,2000-10-18,99068,9,24.70,1.24,,
363205,P,2001-05-18,90201,7,19.26,3.42,,
363206,P,2002-07-03,61883,7,33.56,5.85,,
363207,P,2000-04-16,88394,2,43.51,0.21,,
363208,P,2000-05-15,34831,5,54.93,4.20,,
363209,P,2000-11-17,24688,5,59.44,7.32,,
363210,P,2000-12-26,71593,7,75.07,4.88,,
363211,P,2001-09-18,76162,9,10.02,6.61,,
363212,P,2001-12-24,98659,4,47.85,9.67,,
363213,P,2000-10-02,16964,1,25.73,5.20,,
363214,P,2002-04-10,10348,10,69.40,4.95,,
363215,P,2001-08-16,8293,10,29.37,6.50,,
363216,P,2001-12-28,27681,3,95.84,4.35,,
363217,P,2000-07-07,86356,10,97.35,5.59,,
363218,P,2000-03-26,35523,3,15.93,0.22,,
363219,P,2002-08-02,92458,4,64.55,5.27,,
363220,P,2001-06-02,26486,6,73.84,3.98,,
363221,P,2001-02-02,35489,3,52.28,8.23,,
363222,P,2001-03-06,67511,10,99.23,5.30,,
363223,P,2002-07-06,42389,6,17.89,2.12,,
363224,P,2001-12-07,78039,7,33.63,3.69,,
363225,P,2000-06-15,45600,9,58.38,4.94,,
363226,P,2000-05-24,29976,10,84.27,6.79,,
363227,P,2002-07-01,70493,1,42.05,1.26,,
363228,P,2000-10-11,9833,7,40.91,6.17,,
363229,P,2001-03-12,95358,6,76.42,5.12,,
363230,P,2000-11-01,90407,8,25.66,0.28,,
363231,P,2000-03-04,4776,1,63.96,0.22,,
363232,P,2002-04-11,89791,3,19.29,2.85,,
363233,P,2000-09-16,94344,6,94.64,7.74,,
363234,P,2000-08-25,60668,9,41.39,3.43,,
363235,P,2000-02-24,92796,9,5.05,6.23,,
363236,P,2001-11-15,67304,7,2.19,9.28,,
363237,P,2002-04-29,37149,6,11.94,6.35,,
363238,P,2001-11-19,24872,10,69.98,7.32,,
363239,P,2001-03-21,21051,1,64.47,1.47,,
363240,P,2000-05-26,20944,8,48.95,3.51,,
363241,P,2001-07-29,17032,7,2.18,9.13,,
363242,P,2001-01-09,84703,3,55.82,8.66,,
363243,P,2001-12-20,31184,5,30.23,4.50,,
363244,P,2001-08-22,26304,8,57.45,8.70,,
363245,P,2002-05-16,78319,8,22.81,0.94,,
363246,P,2002-09-15,88212,7,63.68,7.36,,
363247,P,2001-10-20,65170,1,4.95,3.96,,
363248,P,2001-12-15,23969,5,0.73,3.69,,
363249,P,2000-06-28,49930,7,21.21,5.31,,
363250,P,2002-04-04,17723,4,53.43,8.46,,
363251,P,2001-08-29,58527,4,61.70,2.29,,
363252,P,2000-04-20,87642,1,85.61,8.20,,
363253,P,2001-10-01,1087,3,84.06,6.23,,
363254,P,2001-03-05,37780,10,8.47,6.95,,
363255,P,2001-07-17,62313,4,44.01,7.94,,
363256,P,2001-01-24,41027,2,72.30,6.59,,
363257,P,2002-04-15,73257,7,40.04,5.38,,
363258,P,2001-08-19,92677,3,84.77,1.07,,
363259,P,2002-07-11,61427,5,48.37,1.43,,
363260,P,2001-03-28,92326,7,14.16,3.67,,
363261,P,2001-03-17,18909,7,34.48,2.80,,
363262,P,2000-03-28,49809,8,24.71,1.94,,
363263,P,2001-09-06,10258,9,61.87,4.01,,
363264,P,2002-02-02,73373,3,7.00,0.36,,
363265,P,2001-01-07,96858,9,5.94,1.45,,
363266,P,2001-02-11,41943,4,85.23,0.79,,
363267,P,2000-08-05,67466,8,73.10,7.26,,
363268,P,2002-02-04,84848,2,67.13,9.82,,
363269,P,2002-07-08,3830,6,41.65,1.79,,
363270,P,2000-04-07,29576,2,15.08,2.76,,
363271,P,2000-05-22,60409,2,25.36,4.61,,
363272,P,2001-05-26,28501,1,39.96,9.26,,
363273,P,2002-05-11,43089,10,1.11,8.44,,
363274,P,2000-06-10,79090,2,20.29,6.75,,
363275,P,2001-08-12,95221,10,40.72,6.52,,
363276,P,2001-12-10,70572,6,78.99,6.70,,
363277,P,2000-09-21,23518,5,20.92,3.73,,
363278,P,2000-05-20,59185,8,5.40,5.48,,
363279,P,2002-04-19,25177,5,30.35,9.51,,
363280,P,2002-07-15,27761,7,49.24,8.63,,
363281,P,2000-10-16,69111,6,65.56,0.07,,
363282,P,2000-06-22,59069,3,32.55,1.53,,
363283,P,2001-03-12,70775,3,28.02,3.47,,
363284,P,2002-02-05,24066,6,20.17,2.05,,
363285,P,2001-01-05,3758,1,92.34,7.99,,
363286,P,2002-04-02,84151,6,36.11,1.04,,
363287,P,2002-04-03,13481,1,12.90,9.73,,
363288,P,2000-02-09,41848,1,57.49,9.25,,
363289,P,2001-09-30,76842,7,11.57,9.46,,
363290,P,2001-07-06,4951,3,61.64,9.10,,
363291,P,2001-11-25,55767,1,27.03,5.34,,
363292,P,2000-09-19,81433,8,11.31,0.62,,
363293,P,2002-06-23,75401,8,82.52,7.06,,
363294,P,2001-02-04,69733,9,56.09,9.34,,
363295,P,2000-02-04,63532,1,3.04,9.26,,
363296,P,2000-05-06,64011,2,20.58,5.14,,
363297,P,2002-01-10,50658,5,7.39,2.28,,
363298,P,2000-11-10,58981,4,73.10,5.13,,
363299,P,2001-10-29,85275,7,64.80,0.80,,
363300,P,2002-09-18,58145,1,76.78,4.58,,
363301,P,2001-08-29,62629,3,78.40,7.60,,
363302,P,2001-08-24,84791,8,33.08,2.94,,
363303,P,2001-08-08,28056,10,81.73,1.78,,
363304,P,2001-12-24,34138,10,27.72,5.55,,
363305,P,2001-12-23,14632,9,19.86,8.04,,
363306,P,2001-02-15,17233,10,6.54,3.76,,
363307,P,2002-06-30,33306,6,53.95,1.60,,
363308,P,2001-03-06,78054,7,95.13,1.78,,
363309,P,2001-11-25,42889,2,20.62,9.95,,
363310,P,2000-12-31,25725,5,74.82,3.72,,
363311,P,2001-07-01,44937,2,24.70,6.80,,
363312,P,2000-12-22,7637,1,50.62,1.23,,
363313,P,2002-06-02,70439,10,70.75,4.80,,
363314,P,2000-08-09,48455,2,53.86,1.37,,
363315,P,2001-04-14,83277,5,77.81,4.62,,
363316,P,2000-04-28,74100,8,18.74,7.70,,
363317,P,2000-07-08,2246,6,16.45,4.77,,
363318,P,2000-07-21,6876,2,74.50,5.63,,
363319,P,2001-04-14,1785,2,64.06,2.72,,
363320,P,2002-01-13,30136,1,34.95,5.72,,
363321,P,2000-10-10,54985,6,6.34,7.01,,
363322,P,2001-08-27,93598,3,17.10,7.02,,
363323,P,2000-03-28,49649,1,24.17,5.88,,
363324,P,2002-01-27,73287,4,32.89,0.85,,
363325,P,2000-10-04,15881,1,58.22,7.25,,
363326,P,2000-02-17,51131,10,17.08,3.25,,
363327,P,2002-02-02,38215,8,18.84,3.78,,
363328,P,2000-09-04,86970,2,68.67,9.81,,
363329,P,2000-07-19,15153,3,4.34,6.89,,
363330,P,2001-07-21,42287,1,21.61,7.84,,
363331,P,2000-09-28,19788,9,64.46,1.64,,
363332,P,2002-04-07,47249,1,22.14,3.50,,
363333,P,2001-04-11,60198,9,72.33,4.07,,
363334,P,2001-12-27,36532,9,16.52,7.35,,
363335,P,2000-12-14,73463,7,70.85,9.17,,
363336,P,2001-02-21,58487,5,12.23,0.85,,
363337,P,2000-12-31,8796,9,6.32,5.34,,
363338,P,2001-05-13,29420,7,20.49,8.35,,
363339,P,2000-02-25,82638,8,91.80,2.43,,
363340,P,2002-07-12,25970,4,21.89,3.39,,
363341,P,2000-03-04,24786,9,83.71,9.36,,
363342,P,2001-01-09,83170,9,44.02,4.67,,
363343,P,2000-04-10,25054,6,95.90,7.38,,
363344,P,2002-05-08,77746,6,39.51,5.87,,
363345,P,2000-01-10,88895,7,24.99,0.11,,
363346,P,2001-11-04,30678,10,11.46,5.08,,
363347,P,2001-08-08,5568,10,61.81,3.23,,
363348,P,2001-03-25,52451,1,6.83,3.90,,
363349,P,2002-05-03,45754,2,62.41,5.58,,
363350,P,2002-07-02,76442,9,47.25,2.07,,
363351,P,2002-06-01,74635,6,51.35,7.43,,
363352,P,2000-02-04,28707,10,89.06,8.41,,
363353,P,2000-04-17,82593,4,22.10,5.03,,
363354,P,2000-01-06,214,4,38.11,0.46,,
363355,P,2000-09-22,32028,1,46.82,8.77,,
363356,P,2000-08-09,89570,7,2.32,3.02,,
363357,P,2000-08-13,15656,5,59.87,6.46,,
363358,P,2000-01-25,8120,2,86.44,0.34,,
363359,P,2000-02-09,72998,2,9.34,6.38,,
363360,P,2002-07-27,9451,6,77.84,9.54,,
363361,P,2000-09-25,95230,8,85.52,7.83,,
363362,P,2002-03-04,73826,8,44.39,1.89,,
363363,P,2002-06-25,33769,5,29.84,3.49,,
363364,P,2000-07-15,46048,3,9.61,0.30,,
363365,P,2001-03-22,38685,2,92.55,2.04,,
363366,P,2001-03-25,5603,2,87.49,3.58,,
363367,P,2001-05-14,22856,6,51.67,7.87,,
363368,P,2002-01-24,95966,8,30.24,8.40,,
363369,P,2001-05-14,96103,1,95.81,4.78,,
363370,P,2001-12-28,38735,2,35.07,10.00,,
363371,P,2000-08-07,44177,3,70.01,1.75,,
363372,P,2000-04-29,4377,10,51.36,2.33,,
363373,P,2002-03-12,71129,8,20.00,7.55,,
363374,P,2001-03-10,65701,5,27.29,7.46,,
363375,P,2002-01-07,4705,6,81.31,3.76,,
363376,P,2001-02-22,57200,4,88.00,1.68,,
363377,P,2001-11-19,29656,3,49.22,8.09,,
363378,P,2000-04-20,63466,5,66.40,3.87,,
363379,P,2001-01-16,46037,3,48.48,6.10,,
363380,P,2000-05-05,80298,3,86.04,9.70,,
363381,P,2000-11-04,52735,9,44.45,6.72,,
363382,P,2000-08-02,43662,9,82.56,6.18,,
363383,P,2002-09-08,73850,10,26.23,0.95,,
363384,P,2001-02-10,26343,7,32.80,8.51,,
363385,P,2002-05-17,39666,9,95.37,5.66,,
363386,P,2001-02-12,82252,2,38.40,8.39,,
363387,P,2000-02-05,91070,4,36.51,0.90,,
363388,P,2002-08-01,12762,5,44.49,7.40,,
363389,P,2001-12-07,63093,4,68.86,8.89,,
363390,P,2002-02-26,81028,5,7.61,2.51,,
363391,P,2000-05-07,48327,7,33.55,4.46,,
363392,P,2002-05-07,30888,6,55.60,1.57,,
363393,P,2000-03-21,64323,10,37.57,1.34,,
363394,P,2002-02-01,96866,1,20.04,9.47,,
363395,P,2002-01-13,17987,10,71.83,4.05,,
363396,P,2002-05-28,62368,9,86.01,5.35,,
363397,P,2000-05-04,48107,6,73.47,6.41,,
363398,P,2002-07-14,67184,2,92.46,4.55,,
363399,P,2001-11-15,12827,5,40.10,6.70,,
363400,P,2000-09-05,98150,6,87.11,1.04,,
363401,P,2000-11-05,62491,10,99.17,3.38,,
363402,P,2001-05-01,19359,8,61.31,0.45,,
363403,P,2002-03-20,29771,7,19.67,7.66,,
363404,P,2001-08-03,97419,1,7.61,2.76,,
363405,P,2002-07-20,27000,8,79.61,6.73,,
363406,P,2000-07-19,90032,3,90.26,0.60,,
363407,P,2001-09-24,25512,2,55.35,1.54,,
363408,P,2002-02-18,91384,5,6.51,4.89,,
363409,P,2001-09-13,74002,6,39.21,4.44,,
363410,P,2002-08-28,59342,9,55.92,5.70,,
363411,P,2002-04-16,563,1,49.73,1.49,,
363412,P,2002-02-08,91862,4,17.35,4.25,,
363413,P,2000-01-29,57213,5,18.26,0.71,,
363414,P,2001-09-03,95512,8,73.39,7.04,,
363415,P,2002-06-29,87879,9,4.61,7.85,,
363416,P,2002-07-13,42376,10,48.39,7.75,,
363417,P,2000-09-27,94297,3,43.42,7.79,,
363418,P,2001-07-07,80188,4,99.60,4.39,,
363419,P,2002-08-19,792,7,50.72,4.52,,
363420,P,2000-05-21,19090,1,48.62,9.24,,
363421,P,2002-06-23,38712,1,51.21,8.79,,
363422,P,2002-04-23,11437,1,21.35,3.74,,
363423,P,2000-12-06,27361,6,55.58,0.96,,
363424,P,2001-08-26,78964,6,57.28,1.11,,
363425,P,2000-08-13,28617,3,19.48,3.72,,
363426,P,2002-06-13,65933,10,8.33,2.68,,
363427,P,2001-09-22,56046,1,67.83,6.17,,
363428,P,2000-02-12,82902,8,62.98,7.91,,
363429,P,2001-06-10,20907,1,44.53,5.18,,
363430,P,2000-04-18,38040,9,37.21,3.35,,
363431,P,2000-06-27,94310,10,72.48,4.57,,
363432,P,2000-06-14,608,1,99.74,2.63,,
363433,P,2002-04-26,28210,9,75.16,0.08,,
363434,P,2001-08-11,66944,4,71.22,6.83,,
363435,P,2000-12-28,54391,3,91.66,9.02,,
363436,P,2002-03-01,77405,10,25.51,5.03,,
363437,P,2002-06-04,71882,8,70.04,3.54,,
363438,P,2002-09-07,11916,8,96.86,6.23,,
363439,P,2000-10-25,25330,5,71.47,9.81,,
363440,P,2001-05-04,68957,1,71.49,4.19,,
363441,P,2002-08-20,80222,1,4.99,9.85,,
363442,P,2000-06-05,56393,6,66.67,8.44,,
363443,P,2001-01-16,91981,6,51.56,9.14,,
363444,P,2001-05-10,42552,7,74.27,4.99,,
363445,P,2002-01-25,36255,3,37.58,3.83,,
363446,P,2002-01-01,51529,4,94.89,8.87,,
363447,P,2001-09-10,83858,6,68.97,2.57,,
363448,P,2000-12-15,77318,2,70.84,9.08,,
363449,P,2001-08-28,51616,6,87.10,5.35,,
363450,P,2001-06-19,63456,5,30.23,0.72,,
363451,P,2002-05-06,65602,5,43.12,5.53,,
363452,P,2000-12-30,31619,5,80.56,1.59,,
363453,P,2002-07-15,25808,9,43.08,8.41,,
363454,P,2002-07-17,31414,10,85.09,6.02,,
363455,P,2000-12-31,52383,7,12.46,8.46,,
363456,P,2002-01-11,4916,4,24.01,2.99,,
363457,P,2000-08-11,68096,9,85.74,2.69,,
363458,P,2002-03-02,47147,7,24.95,1.84,,
363459,P,2001-11-24,39134,4,10.12,7.05,,
363460,P,2001-03-03,64068,5,32.63,4.10,,
363461,P,2000-09-01,58503,4,55.59,4.23,,
363462,P,2000-09-13,51044,4,31.98,6.11,,
363463,P,2000-06-25,97668,8,35.91,2.36,,
363464,P,2000-03-20,35034,6,82.95,0.79,,
363465,P,2001-11-28,61057,9,44.86,3.66,,
363466,P,2000-11-08,57580,9,58.16,7.83,,
363467,P,2000-09-13,32628,10,99.01,1.98,,
363468,P,2002-02-16,31209,5,93.39,8.81,,
363469,P,2000-09-23,29415,6,30.03,9.43,,
363470,P,2000-07-09,14235,7,79.07,3.71,,
363471,P,2001-06-30,52985,1,17.06,3.24,,
363472,P,2001-09-09,99177,1,49.11,1.39,,
363473,P,2002-03-26,89793,2,35.64,4.42,,
363474,P,2000-03-04,38666,2,90.63,4.86,,
363475,P,2001-01-12,22076,2,49.33,7.75,,
363476,P,2000-11-23,36530,6,46.35,3.86,,
363477,P,2002-09-06,43121,2,67.56,6.75,,
363478,P,2000-10-04,96863,10,37.12,4.08,,
363479,P,2000-12-28,39373,6,79.41,3.70,,
363480,P,2000-06-19,59932,10,16.91,2.29,,
363481,P,2001-03-19,40386,2,97.11,8.43,,
363482,P,2002-01-05,70268,1,61.72,6.49,,
363483,P,2001-10-25,13668,9,82.45,2.55,,
363484,P,2001-11-20,34740,6,45.06,1.46,,
363485,P,2002-06-07,70770,4,93.18,4.12,,
363486,P,2001-05-16,92855,2,30.51,2.31,,
363487,P,2000-12-15,15425,7,22.27,6.71,,
363488,P,2000-03-11,12521,5,33.83,8.22,,
363489,P,2002-04-24,5920,4,14.20,5.85,,
363490,P,2002-04-22,42153,1,31.95,4.91,,
363491,P,2002-09-10,72688,5,89.41,6.22,,
363492,P,2002-08-12,51144,2,26.16,0.51,,
363493,P,2002-02-20,92554,3,87.69,7.72,,
363494,P,2002-08-17,73419,3,30.87,3.55,,
363495,P,2000-03-18,70281,9,55.20,5.37,,
363496,P,2000-08-21,87707,9,94.45,3.06,,
363497,P,2001-07-20,12927,7,32.64,2.96,,
363498,P,2001-12-21,42825,5,46.96,8.07,,
363499,P,2002-07-27,82620,7,32.51,0.32,,
363500,P,2000-10-16,33857,2,24.49,2.33,,
363501,P,2001-10-07,33602,9,17.23,9.68,,
363502,P,2001-12-20,23343,7,86.86,9.42,,
363503,P,2002-07-27,77958,6,40.39,6.98,,
363504,P,2002-03-05,56409,7,16.30,8.39,,
363505,P,2000-11-09,45813,10,43.04,2.52,,
363506,P,2001-02-14,29911,6,39.56,5.93,,
363507,P,2002-03-24,45541,1,81.97,7.86,,
363508,P,2001-09-27,62718,2,9.13,7.53,,
363509,P,2000-07-20,38800,1,7.90,8.19,,
363510,P,2001-02-19,79201,3,72.46,7.10,,
363511,P,2000-06-05,57379,4,62.96,7.74,,
363512,P,2002-02-12,5117,5,4.94,4.42,,
363513,P,2002-07-11,34391,4,88.83,4.29,,
363514,P,2000-02-24,97721,4,25.69,1.81,,
363515,P,2001-07-05,23715,3,39.72,8.48,,
363516,P,2000-07-09,63310,1,56.18,2.40,,
363517,P,2002-03-06,67649,6,1.80,5.09,,
363518,P,2000-06-17,97197,5,99.36,9.23,,
363519,P,2000-12-29,55843,5,2.53,3.21,,
363520,P,2002-01-23,75024,1,40.60,4.53,,
363521,P,2001-10-14,12739,10,71.23,0.78,,
363522,P,2002-02-13,69451,2,31.58,0.73,,
363523,P,2001-07-14,75324,10,76.67,3.22,,
363524,P,2000-08-25,5712,3,72.87,8.15,,
363525,P,2002-02-11,53898,4,72.53,8.47,,
363526,P,2000-10-10,94619,1,86.65,4.52,,
363527,P,2000-11-07,7242,4,49.08,1.39,,
363528,P,2000-03-31,27223,8,31.40,0.49,,
363529,P,2001-10-06,32202,10,61.46,4.06,,
363530,P,2002-09-09,74540,6,48.44,4.50,,
363531,P,2001-05-18,38790,7,10.48,1.39,,
363532,P,2000-11-24,60636,5,8.79,3.19,,
363533,P,2001-07-21,32494,2,71.52,5.90,,
363534,P,2001-10-10,53785,3,43.64,1.64,,
363535,P,2000-04-02,34707,9,23.61,9.07,,
363536,P,2001-05-30,96667,2,49.41,1.80,,
363537,P,2000-08-21,25629,9,59.24,9.15,,
363538,P,2002-01-15,93858,4,12.80,3.27,,
363539,P,2002-01-05,92562,9,77.23,2.08,,
363540,P,2000-05-10,32198,8,97.43,6.94,,
363541,P,2001-07-16,99630,4,54.92,6.41,,
363542,P,2001-06-06,46424,10,55.49,1.28,,
363543,P,2000-11-20,93540,9,0.10,5.12,,
363544,P,2001-03-26,50320,4,52.43,7.38,,
363545,P,2002-06-09,29916,6,58.59,6.11,,
363546,P,2001-05-17,87982,6,21.94,1.43,,
363547,P,2000-04-25,6251,6,71.32,1.16,,
363548,P,2001-09-30,60822,6,34.22,0.44,,
363549,P,2000-01-27,51815,9,0.54,3.34,,
363550,P,2000-05-23,85515,2,70.79,5.10,,
363551,P,2002-04-09,74743,2,59.30,6.24,,
363552,P,2001-11-26,46766,6,85.29,6.92,,
363553,P,2001-06-17,82784,5,83.88,6.31,,
363554,P,2000-10-22,48015,5,93.14,2.45,,
363555,P,2000-07-14,74381,9,56.12,1.80,,
363556,P,2001-06-02,40613,3,62.94,4.25,,
363557,P,2000-05-18,82962,8,69.72,4.08,,
363558,P,2001-02-26,55002,10,43.52,4.89,,
363559,P,2001-10-27,81404,2,2.15,1.50,,
363560,P,2001-07-28,27370,5,11.22,3.89,,
363561,P,2002-07-03,70006,7,86.29,3.79,,
363562,P,2001-05-21,33175,5,81.03,2.02,,
363563,P,2001-06-30,55889,1,37.62,0.99,,
363564,P,2000-03-16,34240,5,77.50,2.59,,
363565,P,2000-03-03,49606,7,92.46,1.66,,
363566,P,2001-02-16,32722,5,62.48,9.30,,
363567,P,2002-09-01,26870,2,49.30,6.48,,
363568,P,2002-08-02,136,2,38.10,0.52,,
363569,P,2001-03-11,71322,8,51.29,4.04,,
363570,P,2000-06-12,49324,7,33.33,2.54,,
363571,P,2000-06-18,29421,5,1.49,1.03,,
363572,P,2000-11-29,94195,5,92.07,6.34,,
363573,P,2000-10-26,63803,4,61.88,6.92,,
363574,P,2000-11-22,95623,9,75.00,7.37,,
363575,P,2002-09-26,75256,4,26.13,9.75,,
363576,P,2000-12-19,56317,10,47.76,7.50,,
363577,P,2001-07-15,28098,9,84.20,2.71,,
363578,P,2000-11-01,37707,2,76.03,5.30,,
363579,P,2000-11-28,63237,7,61.59,4.74,,
363580,P,2000-11-12,26869,5,47.21,1.43,,
363581,P,2000-02-08,87861,6,72.16,2.24,,
363582,P,2000-03-29,71590,6,70.65,4.34,,
363583,P,2002-03-19,44540,9,11.77,6.43,,
363584,P,2001-08-23,21167,1,84.54,3.41,,
363585,P,2001-08-15,19781,1,64.53,5.00,,
363586,P,2002-04-26,42522,7,67.64,1.23,,
363587,P,2000-12-16,48665,10,31.97,1.20,,
363588,P,2001-12-05,8139,6,90.78,7.16,,
363589,P,2002-03-27,96156,2,39.14,9.08,,
363590,P,2000-04-16,98446,3,99.62,9.00,,
363591,P,2002-05-04,964,2,2.31,2.70,,
363592,P,2001-04-11,72692,1,41.29,7.15,,
363593,P,2002-05-24,57950,6,54.47,5.57,,
363594,P,2001-10-23,84767,4,82.82,7.20,,
363595,P,2002-07-09,60292,10,40.31,3.58,,
363596,P,2000-06-30,45210,2,70.13,5.81,,
363597,P,2001-09-12,12724,4,36.23,6.27,,
363598,P,2000-12-30,49336,7,30.33,6.91,,
363599,P,2001-07-18,8916,6,20.85,5.66,,
363600,P,2001-08-25,46800,4,81.15,6.93,,
363601,P,2001-07-04,4928,8,77.69,0.62,,
363602,P,2000-03-06,49277,5,23.95,8.48,,
363603,P,2000-12-15,91768,4,17.98,7.92,,
363604,P,2002-05-03,2062,5,68.23,3.62,,
363605,P,2002-04-05,20529,2,56.10,9.16,,
363606,P,2001-07-01,79449,6,27.85,4.83,,
363607,P,2001-05-01,32489,7,30.37,7.14,,
363608,P,2001-06-27,52287,9,38.43,0.44,,
363609,P,2001-06-05,90434,3,9.36,4.83,,
363610,P,2001-11-15,8469,10,20.20,4.38,,
363611,P,2001-05-23,61760,6,6.13,6.49,,
363612,P,2002-05-21,95568,7,71.21,5.08,,
363613,P,2002-09-25,72326,4,69.78,3.58,,
363614,P,2001-08-31,70274,8,70.04,8.14,,
363615,P,2000-06-04,21972,6,66.78,9.37,,
363616,P,2000-11-08,69319,2,77.17,1.41,,
363617,P,2001-03-26,51611,9,44.19,6.68,,
363618,P,2000-05-27,892,5,66.65,9.54,,
363619,P,2001-08-27,30754,10,45.02,6.63,,
363620,P,2000-05-12,62866,5,73.26,2.37,,
363621,P,2000-06-28,82964,10,16.71,2.76,,
363622,P,2001-11-04,59760,10,48.49,4.94,,
363623,P,2001-12-25,93757,1,63.49,8.05,,
363624,P,2000-08-26,22397,9,77.52,7.15,,
363625,P,2002-08-28,71804,4,5.43,4.90,,
363626,P,2001-09-29,67793,10,68.36,1.36,,
363627,P,2001-06-29,97065,2,8.23,1.62,,
363628,P,2000-07-06,43027,4,90.48,0.67,,
363629,P,2001-03-18,28819,1,50.78,3.32,,
363630,P,2000-12-11,23507,8,56.76,2.30,,
363631,P,2001-05-28,97943,7,3.69,9.40,,
363632,P,2002-02-04,24149,10,1.77,6.63,,
363633,P,2000-04-08,85006,2,78.49,0.70,,
363634,P,2000-08-07,91753,7,49.19,8.47,,
363635,P,2002-07-11,73030,1,61.43,2.49,,
363636,P,2001-04-25,85158,3,98.29,5.60,,
363637,P,2000-11-04,17106,6,85.67,3.31,,
363638,P,2000-05-22,50496,7,43.50,3.11,,
363639,P,2001-04-09,3174,3,62.11,2.85,,
363640,P,2000-02-17,82825,2,27.40,3.08,,
363641,P,2000-03-27,1431,7,86.97,3.63,,
363642,P,2001-04-17,93149,7,4.46,6.30,,
363643,P,2001-04-11,55726,10,38.80,1.42,,
363644,P,2001-11-17,96857,8,83.38,3.68,,
363645,P,2001-11-29,43090,6,32.74,7.20,,
363646,P,2000-11-19,64718,4,35.54,2.73,,
363647,P,2001-04-15,16133,8,91.48,7.20,,
363648,P,2001-11-03,95279,8,85.16,0.64,,
363649,P,2000-12-05,11219,1,1.54,1.89,,
363650,P,2001-07-14,26545,1,38.85,7.58,,
363651,P,2000-04-16,42171,6,66.31,8.30,,
363652,P,2001-03-27,55888,1,31.38,7.88,,
363653,P,2001-07-28,57757,1,37.10,6.48,,
363654,P,2001-05-19,65189,8,15.25,1.39,,
363655,P,2000-05-11,11125,4,59.62,3.91,,
363656,P,2001-01-12,8413,10,93.97,8.26,,
363657,P,2000-06-30,80919,5,34.47,5.73,,
363658,P,2001-03-21,3798,8,0.93,7.61,,
363659,P,2001-09-14,49290,7,55.22,4.68,,
363660,P,2000-12-10,68889,5,93.11,7.92,,
363661,P,2002-07-05,73756,2,19.02,2.35,,
363662,P,2000-08-17,87947,3,7.14,4.91,,
363663,P,2001-05-26,86528,4,93.26,7.42,,
363664,P,2000-07-18,91351,8,51.73,7.79,,
363665,P,2000-09-30,92263,9,43.28,2.88,,
363666,P,2001-06-02,90035,9,1.29,0.97,,
363667,P,2000-01-30,20436,5,25.35,7.85,,
363668,P,2002-07-01,4519,3,61.64,2.59,,
363669,P,2002-06-19,11979,2,75.19,0.94,,
363670,P,2002-04-28,96738,1,56.29,0.08,,
363671,P,2002-03-31,15291,8,75.72,1.27,,
363672,P,2001-07-26,44430,2,49.53,8.41,,
363673,P,2000-09-19,54567,2,6.58,4.46,,
363674,P,2000-10-09,65829,3,82.35,2.13,,
363675,P,2001-11-29,38393,7,73.02,8.19,,
363676,P,2001-03-29,70197,8,58.70,7.70,,
363677,P,2001-04-08,32691,4,31.31,8.97,,
363678,P,2002-04-16,73288,2,60.09,1.82,,
363679,P,2001-07-11,22611,2,49.50,2.73,,
363680,P,2002-02-05,53944,3,16.65,8.70,,
363681,P,2000-02-14,87136,5,85.57,2.65,,
363682,P,2001-06-25,71342,8,77.09,9.79,,
363683,P,2000-07-31,49772,9,10.34,4.05,,
363684,P,2000-08-19,27456,5,72.11,0.12,,
363685,P,2000-08-15,90414,5,14.22,6.50,,
363686,P,2001-09-19,26860,3,80.03,2.90,,
363687,P,2002-05-03,92230,7,9.57,7.51,,
363688,P,2000-09-28,84322,4,95.92,7.90,,
363689,P,2002-01-28,64535,8,27.49,0.98,,
363690,P,2001-11-05,5041,5,58.16,1.37,,
363691,P,2000-09-10,24578,3,87.14,7.95,,
363692,P,2001-12-13,31062,10,24.04,5.98,,
363693,P,2000-07-14,38731,7,7.73,4.58,,
363694,P,2001-09-07,46592,10,92.90,6.27,,
363695,P,2001-10-20,5464,7,49.12,5.94,,
363696,P,2001-01-27,99192,7,75.16,3.08,,
363697,P,2000-04-28,5630,3,84.44,6.98,,
363698,P,2001-02-09,55787,1,9.63,2.75,,
363699,P,2002-02-14,55811,1,99.90,7.45,,
363700,P,2000-11-29,29293,2,69.16,5.02,,
363701,P,2002-01-08,1513,2,29.03,4.40,,
363702,P,2002-02-01,48894,7,83.69,9.99,,
363703,P,2000-11-07,95661,5,88.73,0.38,,
363704,P,2000-03-09,55999,4,97.56,1.59,,
363705,P,2000-08-12,26421,10,17.57,3.19,,
363706,P,2000-01-30,29760,8,88.61,3.09,,
363707,P,2000-10-26,81576,7,47.01,7.21,,
363708,P,2000-05-21,28392,5,29.94,6.86,,
363709,P,2000-03-13,69972,10,64.91,5.59,,
363710,P,2000-03-03,11987,1,92.11,8.22,,
363711,P,2000-10-05,21235,10,19.76,2.65,,
363712,P,2001-03-12,21776,6,2.23,2.51,,
363713,P,2000-12-21,55915,7,26.54,0.21,,
363714,P,2002-05-04,85693,8,31.77,2.37,,
363715,P,2002-04-10,58854,10,66.16,1.73,,
363716,P,2000-08-17,24630,7,57.19,6.34,,
363717,P,2001-09-08,66577,3,60.54,3.15,,
363718,P,2000-09-24,26868,9,49.78,0.52,,
363719,P,2000-07-01,66998,5,43.01,5.84,,
363720,P,2002-06-27,31350,1,36.11,5.39,,
363721,P,2000-10-23,56518,1,43.56,6.95,,
363722,P,2002-02-01,85790,3,81.24,9.18,,
363723,P,2002-05-12,4349,6,81.16,7.72,,
363724,P,2000-08-22,68854,8,1.73,2.02,,
363725,P,2000-10-31,35486,6,14.42,3.89,,
363726,P,2000-10-07,11334,10,62.08,3.03,,
363727,P,2001-12-14,13681,2,89.42,0.92,,
363728,P,2001-08-09,90522,7,65.68,1.83,,
363729,P,2002-09-01,62820,5,93.05,9.01,,
363730,P,2001-05-09,92112,9,67.30,9.60,,
363731,P,2000-11-09,49528,8,22.69,3.32,,
363732,P,2000-07-11,32025,6,80.88,4.79,,
363733,P,2000-06-25,64428,1,97.31,3.26,,
363734,P,2000-12-15,32848,5,70.37,0.86,,
363735,P,2002-01-04,58338,3,45.93,7.00,,
363736,P,2002-08-14,10477,8,54.50,3.18,,
363737,P,2001-06-05,31562,10,46.97,9.43,,
363738,P,2000-08-07,3730,3,14.39,7.38,,
363739,P,2001-05-21,26025,5,43.31,5.02,,
363740,P,2000-08-03,24629,10,39.17,8.67,,
363741,P,2000-08-05,12716,9,11.42,6.23,,
363742,P,2001-11-28,82026,4,85.14,2.89,,
363743,P,2000-06-09,56616,7,11.27,3.55,,
363744,P,2002-02-14,71777,10,25.49,8.20,,
363745,P,2001-04-13,76942,5,6.63,0.95,,
363746,P,2001-09-19,11384,2,36.11,4.27,,
363747,P,2002-02-19,31263,3,98.97,2.01,,
363748,P,2001-06-03,98429,2,31.53,3.68,,
