274558,P,2002-04-22,82280,4,55.67,7.76,,
274559,P,2002-09-14,7609,8,48.90,6.11,,
274560,P,2000-12-21,59205,3,96.39,7.99,,
274561,P,2000-08-02,87791,10,12.46,7.15,,
274562,P,2000-06-13,67091,4,60.72,5.93,,
274563,P,2001-12-04,26264,9,37.10,0.98,,
274564,P,2001-12-09,83987,7,25.89,0.01,,
274565,P,2001-11-09,89442,8,3.19,1.12,,
274566,P,2000-12-18,85789,1,32.74,6.34,,
274567,P,2000-10-26,70468,3,18.57,1.39,,
274568,P,2001-10-07,1325,8,37.49,4.15,,
274569,P,2002-01-14,7039,3,24.13,6.67,,
274570,P,2001-06-23,19177,5,99.67,3.96,,
274571,P,2001-01-18,50984,3,87.90,2.51,,
274572,P,2002-07-08,70430,6,88.87,5.28,,
274573,P,2002-01-07,72316,1,50.22,1.89,,
274574,P,2000-08-19,2022,9,45.35,7.96,,
274575,P,2002-06-01,48390,4,51.21,4.16,,
274576,P,2001-04-16,27993,8,27.69,2.22,,
274577,P,2000-07-10,80886,9,47.74,7.98,,
274578,P,2000-06-22,46458,8,91.40,6.34,,
274579,P,2001-08-13,10946,2,6.60,5.77,,
274580,P,2000-11-27,51949,5,53.01,5.56,,
274581,P,2000-01-22,7849,7,64.40,3.88,,
274582,P,2001-10-29,20995,2,34.25,7.17,,
274583,P,2001-01-01,11923,2,32.29,9.66,,
274584,P,2000-07-16,51485,2,0.45,5.80,,
274585,P,2000-08-24,14441,8,97.34,9.92,,
274586,P,2001-10-09,39456,10,56.13,5.72,,
274587,P,2001-08-17,84068,4,76.73,5.11,,
274588,P,2002-08-05,97712,8,18.54,4.05,,
274589,P,2000-02-10,38130,1,12.31,3.38,,
274590,P,2002-09-05,16213,4,44.95,1.95,,
274591,P,2002-05-11,4876,3,68.46,3.68,,
274592,P,2001-05-25,86270,1,48.48,8.96,,
274593,P,2002-05-13,20646,6,89.58,9.09,,
274594,P,2002-06-10,46259,6,21.78,3.56,,
274595,P,2002-03-19,50786,8,84.94,1.59,,
274596,P,2002-06-02,31230,5,49.86,6.79,,
274597,P,2001-04-17,28412,6,19.14,2.80,,
274598,P,2001-08-22,15491,7,65.26,9.98,,
274599,P,2001-06-03,24475,5,32.36,0.51,,
274600,P,2002-05-28,63370,8,90.48,6.67,,
274601,P,2001-09-12,15350,7,65.05,1.65,,
274602,P,2000-12-07,45214,8,31.10,9.21,,
274603,P,2001-11-17,33449,3,40.46,5.49,,
274604,P,2000-05-19,98533,9,22.11,0.37,,
274605,P,2000-09-01,97544,3,42.18,9.17,,
274606,P,2000-01-11,93288,10,22.18,9.97,,
274607,P,2000-08-06,57566,9,73.85,2.10,,
274608,P,2000-08-06,94493,6,63.45,2.35,,
274609,P,2000-01-13,52657,3,74.83,0.41,,
274610,P,2000-01-08,24007,5,38.12,2.65,,
274611,P,2001-07-06,80835,2,94.18,0.88,,
274612,P,2000-11-08,68689,3,0.48,3.60,,
274613,P,2002-02-04,3055,7,66.99,8.22,,
274614,P,2000-07-18,91860,10,89.84,3.94,,
274615,P,2000-10-07,19615,6,23.05,0.79,,
274616,P,2001-12-06,53111,8,57.16,1.37,,
274617,P,2001-06-25,19027,9,55.52,2.87,,
274618,P,2000-11-02,26087,1,0.73,6.82,,
274619,P,2002-03-24,54605,9,91.28,1.38,,
274620,P,2000-08-03,58094,9,19.66,1.13,,
274621,P,2002-02-04,12401,6,85.54,4.42,,
274622,P,2001-08-02,58261,5,15.82,0.85,,
274623,P,2000-08-30,11412,6,31.66,4.07,,
274624,P,2000-08-27,99948,5,23.01,4.39,,
274625,P,2002-04-12,61905,8,48.63,5.34,,
274626,P,2000-06-14,97184,8,88.97,4.42,,
274627,P,2000-12-10,39776,1,79.48,2.76,,
274628,P,2002-06-18,3682,7,56.01,0.97,,
274629,P,2001-10-05,20430,2,58.80,8.20,,
274630,P,2002-06-14,71366,3,63.60,6.70,,
274631,P,2001-07-11,36927,6,54.05,9.13,,
274632,P,2002-06-02,25010,3,82.73,0.73,,
274633,P,2002-04-30,83062,3,86.28,3.50,,
274634,P,2000-11-28,68896,1,26.53,5.88,,
274635,P,2001-06-29,76337,2,10.63,6.73,,
274636,P,2002-07-31,88895,4,72.98,0.65,,
274637,P,2001-08-10,43855,10,4.07,8.95,,
274638,P,2001-01-23,12982,7,61.66,5.41,,
274639,P,2002-06-13,72886,5,4.34,0.13,,
274640,P,2001-03-18,60226,3,53.45,9.49,,
274641,P,2001-08-26,22391,1,34.46,4.43,,
274642,P,2000-01-30,45290,9,40.98,1.96,,
274643,P,2001-07-22,62911,10,84.46,6.78,,
274644,P,2000-04-06,32218,10,88.20,8.90,,
274645,P,2001-05-13,3053,3,45.03,1.97,,
274646,P,2001-05-25,62341,7,62.15,9.86,,
274647,P,2001-11-17,63834,7,23.91,2.17,,
274648,P,2001-08-20,37845,5,92.01,0.89,,
274649,P,2002-09-13,47735,6,59.82,7.94,,
274650,P,2001-07-13,78406,1,98.32,2.67,,
274651,P,2002-03-16,78307,10,11.74,1.83,,
274652,P,2001-12-24,83727,6,47.37,0.73,,
274653,P,2000-11-26,73143,3,28.73,6.82,,
274654,P,2001-03-28,58145,10,39.07,8.47,,
274655,P,2001-12-06,1918,9,81.74,2.18,,
274656,P,2000-09-04,52740,2,8.22,1.30,,
274657,P,2001-07-15,30672,1,1.45,8.56,,
274658,P,2001-07-22,52165,10,81.72,9.86,,
274659,P,2000-08-24,14265,4,99.45,6.00,,
274660,P,2001-06-26,73195,8,94.58,3.97,,
274661,P,2002-07-24,99445,6,65.97,3.75,,
274662,P,2002-01-21,30190,4,69.39,2.77,,
274663,P,2000-01-01,15574,6,55.91,8.31,,
274664,P,2000-06-24,20473,1,18.92,9.77,,
274665,P,2002-01-14,24593,1,42.87,3.55,,
274666,P,2000-01-21,768,1,8.03,5.14,,
274667,P,2001-07-01,29169,10,27.60,2.23,,
274668,P,2001-11-16,91094,4,1.02,8.34,,
274669,P,2001-11-03,10820,6,63.54,1.44,,
274670,P,2001-10-18,13343,6,5.83,2.96,,
274671,P,2000-12-18,96749,9,25.43,9.00,,
274672,P,2000-11-10,15665,1,99.23,7.37,,
274673,P,2002-04-19,47400,9,75.19,4.87,,
274674,P,2000-06-04,58672,7,56.13,3.12,,
274675,P,2000-03-18,84514,10,60.85,0.40,,
274676,P,2001-03-03,1370,10,83.56,9.41,,
274677,P,2000-08-01,55555,4,9.68,3.50,,
274678,P,2002-08-05,14722,5,28.06,5.82,,
274679,P,2000-07-23,50761,10,79.17,2.83,,
274680,P,2002-09-14,87579,9,35.73,5.17,,
274681,P,2000-02-04,38965,9,89.78,7.79,,
274682,P,2000-08-08,25945,9,26.21,9.05,,
274683,P,2002-02-26,48056,2,8.32,7.22,,
274684,P,2000-05-16,47196,6,13.73,6.24,,
274685,P,2001-01-30,46512,7,39.43,3.84,,
274686,P,2000-06-09,77644,5,35.59,0.11,,
274687,P,2000-12-10,50854,8,72.87,2.94,,
274688,P,2000-03-31,68566,2,74.31,4.54,,
274689,P,2000-12-29,78841,8,35.82,1.05,,
274690,P,2000-10-24,79855,9,1.20,5.16,,
274691,P,2000-06-14,46704,8,14.68,1.84,,
274692,P,2002-06-26,83383,1,49.00,3.65,,
274693,P,2002-04-27,32269,8,70.18,6.42,,
274694,P,2001-12-29,17282,10,9.89,4.92,,
274695,P,2001-08-05,88109,8,66.64,9.28,,
274696,P,2001-12-16,8899,4,59.13,1.22,,
274697,P,2000-11-20,98511,9,98.58,0.66,,
274698,P,2001-07-29,37791,5,18.63,4.70,,
274699,P,2001-12-22,49721,8,41.28,1.39,,
274700,P,2001-04-07,75414,2,55.62,3.20,,
274701,P,2002-09-04,70412,1,34.55,0.41,,
274702,P,2000-10-07,83154,7,70.01,8.17,,
274703,P,2002-09-04,71666,1,46.66,0.67,,
274704,P,2002-01-20,53256,9,26.43,1.86,,
274705,P,2000-02-11,70594,3,59.78,4.38,,
274706,P,2001-02-05,87241,1,40.56,9.02,,
274707,P,2001-07-10,39324,3,65.17,9.04,,
274708,P,2001-05-25,10789,3,3.27,7.03,,
274709,P,2001-05-19,70533,2,70.97,0.35,,
274710,P,2002-05-24,22081,6,70.96,9.74,,
274711,P,2001-06-29,32263,1,92.61,9.45,,
274712,P,2002-02-15,33522,2,86.49,6.40,,
274713,P,2000-04-01,35732,4,68.96,1.12,,
274714,P,2002-05-18,38041,1,35.43,1.12,,
274715,P,2001-12-19,2991,7,43.24,5.84,,
274716,P,2000-05-17,66343,8,39.41,6.08,,
274717,P,2001-04-29,4380,9,60.99,2.14,,
274718,P,2000-04-12,47278,9,7.57,4.74,,
274719,P,2000-05-03,29364,4,95.98,7.85,,
274720,P,2002-04-14,65042,2,68.82,0.00,,
274721,P,2002-08-03,87743,3,74.71,6.93,,
274722,P,2001-05-11,35640,2,21.40,2.87,,
274723,P,2002-07-05,20107,9,22.84,9.49,,
274724,P,2000-12-24,6801,1,96.52,4.02,,
274725,P,2000-06-17,58923,4,9.66,3.78,,
274726,P,2001-04-17,2785,5,62.65,9.32,,
274727,P,2001-07-08,6903,1,55.14,0.28,,
274728,P,2001-12-27,59907,4,24.31,9.87,,
274729,P,2000-04-09,32798,2,64.09,5.03,,
274730,P,2002-08-04,25576,6,51.53,1.76,,
274731,P,2000-06-27,87650,10,85.53,0.96,,
274732,P,2001-09-21,23790,10,36.42,2.32,,
274733,P,2002-02-28,49882,7,48.64,8.82,,
274734,P,2000-03-12,79590,8,21.07,2.68,,
274735,P,2001-03-11,22428,9,12.70,1.60,,
274736,P,2002-01-22,14008,8,35.08,4.13,,
274737,P,2001-06-27,48646,2,61.84,2.91,,
274738,P,2000-06-07,6145,5,63.75,2.00,,
274739,P,2000-09-10,88202,9,64.62,3.61,,
274740,P,2002-08-27,58981,8,6.56,3.44,,
274741,P,2000-05-22,7097,1,58.64,1.56,,
274742,P,2000-01-23,75608,1,21.04,6.56,,
274743,P,2002-09-02,69171,1,68.95,2.69,,
274744,P,2000-08-27,61981,7,60.02,8.87,,
274745,P,2000-12-11,51491,2,75.53,0.85,,
274746,P,2000-06-05,99599,7,20.70,4.34,,
274747,P,2002-04-19,31509,4,16.14,2.60,,
274748,P,2000-01-11,38063,5,0.71,0.23,,
274749,P,2002-08-03,77115,6,66.19,9.29,,
274750,P,2000-03-22,18519,7,72.87,5.55,,
274751,P,2000-06-04,71813,6,98.56,3.24,,
274752,P,2001-08-01,635,3,0.67,0.66,,
274753,P,2002-08-03,28556,7,75.66,7.18,,
274754,P,2000-01-30,97678,4,74.22,9.87,,
274755,P,2002-01-11,31913,4,8.48,3.12,,
274756,P,2002-06-29,81926,3,47.44,4.10,,
274757,P,2002-03-08,39429,10,74.79,9.22,,
274758,P,2001-01-18,53031,6,36.11,7.14,,
274759,P,2001-11-19,62340,8,66.96,8.80,,
274760,P,2002-03-29,27709,10,78.88,0.58,,
274761,P,2001-06-01,72906,3,56.29,7.30,,
274762,P,2002-06-19,78218,8,66.82,5.73,,
274763,P,2000-01-30,6486,3,60.79,0.20,,
274764,P,2000-08-26,61524,2,41.02,2.03,,
274765,P,2000-10-31,53246,5,72.19,9.60,,
274766,P,2001-02-10,49164,5,31.12,9.44,,
274767,P,2001-09-12,16221,8,24.20,3.41,,
274768,P,2000-04-21,30419,3,39.59,6.45,,
274769,P,2001-01-06,54797,8,18.89,4.63,,
274770,P,2001-02-07,49528,3,24.62,2.70,,
274771,P,2000-03-13,43282,7,85.93,5.25,,
274772,P,2000-02-02,6941,3,66.37,8.04,,
274773,P,2002-04-04,65988,1,91.41,7.08,,
274774,P,2001-07-30,67896,3,80.33,9.41,,
274775,P,2001-01-31,38565,1,65.83,1.37,,
274776,P,2000-03-24,64786,9,12.61,6.57,,
274777,P,2000-08-02,56975,6,6.14,3.13,,
274778,P,2002-02-02,40160,1,69.99,5.34,,
274779,P,2001-01-06,24336,1,26.42,1.47,,
274780,P,2001-09-06,18421,2,63.37,9.61,,
274781,P,2002-03-23,3058,10,34.73,2.64,,
274782,P,2000-10-03,79473,6,20.69,0.88,,
274783,P,2000-12-11,26452,2,29.49,8.36,,
274784,P,2000-10-19,77549,8,97.15,3.39,,
274785,P,2000-06-27,91816,5,18.90,5.53,,
274786,P,2001-02-19,44263,7,34.53,0.70,,
274787,P,2000-11-01,41865,7,62.03,6.14,,
274788,P,2001-11-19,39506,2,28.25,9.05,,
274789,P,2000-05-14,37067,1,48.67,4.94,,
274790,P,2001-08-19,16529,5,66.78,2.11,,
274791,P,2000-12-06,90199,1,22.76,9.17,,
274792,P,2000-05-05,96800,2,34.91,8.57,,
274793,P,2001-05-07,8397,10,0.09,2.30,,
274794,P,2002-04-15,2301,9,23.91,1.62,,
274795,P,2002-05-19,96666,6,26.69,6.36,,
274796,P,2001-05-27,31056,1,59.35,7.74,,
274797,P,2002-01-31,11647,8,23.20,1.08,,
274798,P,2000-11-03,65739,8,80.54,9.38,,
274799,P,2000-05-23,84333,8,46.59,1.35,,
274800,P,2002-03-29,67597,6,45.52,4.50,,
274801,P,2000-07-27,77400,4,81.10,1.65,,
274802,P,2000-02-20,71118,4,54.61,6.39,,
274803,P,2002-01-31,7277,10,83.78,6.29,,
274804,P,2000-03-21,56405,3,79.12,4.70,,
274805,P,2000-05-03,77295,4,53.62,1.52,,
274806,P,2001-07-16,19836,10,41.72,5.72,,
274807,P,2001-04-13,58344,5,72.86,0.44,,
274808,P,2000-11-26,51842,4,0.66,8.43,,
274809,P,2002-01-22,58596,8,67.41,3.61,,
274810,P,2001-03-11,31213,7,24.21,1.68,,
274811,P,2001-10-15,23335,10,70.29,3.85,,
274812,P,2000-06-22,37250,8,76.28,8.02,,
274813,P,2002-01-29,31763,10,96.49,9.54,,
274814,P,2000-03-01,45887,6,89.13,7.43,,
274815,P,2001-08-04,72572,1,40.68,6.25,,
274816,P,2002-07-10,27810,8,64.23,5.47,,
274817,P,2002-01-13,32099,5,15.83,8.66,,
274818,P,2002-05-23,10674,5,2.33,5.14,,
274819,P,2000-11-24,84777,9,54.26,1.32,,
274820,P,2002-06-30,70223,7,29.95,2.66,,
274821,P,2001-06-01,90498,6,75.67,5.97,,
274822,P,2001-11-13,81846,1,42.98,7.54,,
274823,P,2002-05-20,66053,9,97.45,8.12,,
274824,P,2002-02-07,38236,10,72.84,4.28,,
274825,P,2001-07-25,90868,5,6.39,9.63,,
274826,P,2001-08-15,16075,4,84.06,9.03,,
274827,P,2000-07-24,965,8,67.47,9.32,,
274828,P,2002-07-30,45645,8,67.83,2.42,,
274829,P,2002-04-30,24528,2,26.94,6.16,,
274830,P,2000-03-02,65546,6,67.47,8.44,,
274831,P,2000-02-16,43786,9,24.72,2.93,,
274832,P,2001-12-30,14002,10,58.33,5.55,,
274833,P,2000-09-27,59160,10,18.66,0.19,,
274834,P,2001-09-18,36780,1,68.95,4.29,,
274835,P,2000-09-24,45044,9,2.91,1.60,,
274836,P,2002-01-07,19080,8,5.48,1.24,,
274837,P,2002-07-14,22370,1,3.60,7.85,,
274838,P,2001-09-13,54364,7,1.27,3.19,,
274839,P,2000-11-09,30595,8,74.47,3.61,,
274840,P,2002-06-19,32055,2,35.58,0.76,,
274841,P,2000-04-12,53065,6,85.05,7.02,,
274842,P,2000-10-31,49110,7,94.74,3.78,,
274843,P,2001-12-11,67198,2,24.76,5.47,,
274844,P,2001-06-13,73763,3,84.04,5.10,,
274845,P,2002-06-19,91286,1,21.71,5.21,,
274846,P,2000-02-14,43686,9,66.88,8.89,,
274847,P,2002-09-04,78556,6,41.41,7.10,,
274848,P,2001-06-04,48767,7,71.13,7.13,,
274849,P,2002-01-15,6770,5,36.97,7.50,,
274850,P,2002-06-13,51277,3,74.80,7.29,,
274851,P,2002-04-10,28815,6,7.20,0.28,,
274852,P,2000-05-17,95717,8,88.19,2.05,,
274853,P,2001-12-12,12981,4,23.74,5.21,,
274854,P,2002-07-26,56670,6,20.01,7.76,,
274855,P,2002-08-24,43954,1,8.42,4.73,,
274856,P,2002-06-21,80643,8,91.76,1.00,,
274857,P,2000-05-01,63360,10,77.54,6.79,,
274858,P,2000-03-17,4679,7,88.07,8.16,,
274859,P,2001-08-28,71056,7,75.87,2.10,,
274860,P,2000-09-01,58259,5,56.22,9.02,,
274861,P,2001-05-29,95363,7,68.58,4.11,,
274862,P,2000-10-01,59753,8,79.02,1.06,,
274863,P,2002-02-09,73910,8,80.39,5.65,,
274864,P,2002-02-01,53328,8,25.08,9.73,,
274865,P,2001-12-17,25288,10,87.57,7.05,,
274866,P,2000-03-05,64056,1,63.61,1.95,,
274867,P,2001-04-19,50989,3,37.86,0.88,,
274868,P,2002-08-18,63098,4,91.30,1.58,,
274869,P,2001-04-18,92037,1,48.96,9.97,,
274870,P,2000-09-12,90128,9,79.00,0.83,,
274871,P,2000-05-12,7513,7,15.45,1.50,,
274872,P,2000-07-14,13829,10,68.47,9.43,,
274873,P,2001-05-18,49875,4,75.25,9.16,,
274874,P,2000-02-26,94795,4,39.54,9.91,,
274875,P,2001-09-22,18573,10,37.59,10.00,,
274876,P,2001-04-14,37443,8,2.36,5.98,,
274877,P,2000-06-10,17813,1,82.87,8.64,,
274878,P,2001-12-14,46056,8,44.67,6.06,,
274879,P,2000-03-30,87076,5,4.00,3.61,,
274880,P,2002-03-25,367,9,24.52,8.09,,
274881,P,2002-03-25,28989,4,39.53,6.54,,
274882,P,2001-06-19,43759,8,43.69,2.74,,
274883,P,2001-12-16,68387,2,8.07,6.77,,
274884,P,2001-01-28,57793,1,88.67,6.77,,
274885,P,2001-01-29,15005,8,59.85,0.81,,
274886,P,2002-06-11,46140,6,18.15,7.70,,
274887,P,2002-04-15,62764,10,48.67,1.04,,
274888,P,2001-04-28,69275,7,88.47,9.01,,
274889,P,2000-12-04,23099,6,81.02,3.20,,
274890,P,2001-02-22,78820,4,49.66,9.94,,
274891,P,2000-06-02,57846,7,36.58,9.88,,
274892,P,2002-03-25,1753,5,34.36,0.53,,
274893,P,2000-08-10,60642,5,60.84,8.78,,
274894,P,2002-09-16,30439,10,21.88,9.23,,
274895,P,2002-08-21,88943,10,58.27,7.58,,
274896,P,2000-09-07,90981,2,44.30,9.94,,
274897,P,2002-04-09,36082,9,93.43,1.11,,
274898,P,2001-08-27,56166,9,35.73,5.80,,
274899,P,2000-07-20,31854,10,80.85,8.11,,
274900,P,2000-09-22,96548,7,85.72,8.32,,
274901,P,2000-11-13,93186,5,74.96,9.01,,
274902,P,2000-08-06,4139,9,32.76,8.44,,
274903,P,2002-03-20,70510,6,82.01,3.56,,
274904,P,2000-10-06,32212,1,37.44,8.88,,
274905,P,2001-10-16,40310,1,56.15,7.81,,
274906,P,2002-06-27,4287,8,19.36,5.37,,
274907,P,2001-11-25,80986,1,8.15,5.13,,
274908,P,2001-02-26,54397,6,73.61,9.81,,
274909,P,2000-12-14,23626,9,41.02,1.44,,
274910,P,2000-05-21,87502,4,17.89,3.99,,
274911,P,2000-05-23,42785,8,37.44,9.73,,
274912,P,2001-02-18,97789,1,51.95,4.40,,
274913,P,2000-10-28,66948,4,84.65,6.42,,
274914,P,2002-09-24,46515,5,56.43,0.00,,
274915,P,2000-12-27,97988,8,37.87,7.23,,
274916,P,2000-06-26,45974,5,95.01,0.16,,
274917,P,2001-07-05,9646,3,7.07,6.97,,
274918,P,2002-04-06,64543,4,20.86,2.31,,
274919,P,2000-12-19,14537,8,20.42,0.75,,
274920,P,2001-11-17,11545,3,8.47,0.07,,
274921,P,2001-09-30,80108,2,18.87,0.62,,
274922,P,2001-09-02,10253,6,41.09,4.84,,
274923,P,2001-08-29,63369,7,89.19,1.71,,
274924,P,2000-03-07,80431,6,12.64,5.92,,
274925,P,2001-08-11,21893,1,50.18,9.25,,
274926,P,2002-03-11,75259,8,48.10,1.30,,
274927,P,2001-06-10,80544,7,29.90,9.86,,
274928,P,2002-03-04,28160,7,56.77,4.99,,
274929,P,2000-10-11,93751,1,79.18,8.80,,
274930,P,2002-08-22,56079,9,55.12,4.79,,
274931,P,2002-02-02,35616,1,83.15,2.83,,
274932,P,2000-09-25,12981,10,61.21,1.26,,
274933,P,2001-12-08,17257,7,6.47,2.91,,
274934,P,2002-03-01,57528,7,47.06,8.70,,
274935,P,2000-08-22,78019,2,64.30,4.71,,
274936,P,2002-05-06,80718,1,62.78,0.99,,
274937,P,2001-02-04,43637,9,0.86,6.09,,
274938,P,2000-02-28,20023,4,97.79,4.59,,
274939,P,2001-03-24,56796,10,60.88,0.01,,
274940,P,2000-08-17,19512,2,21.43,4.88,,
274941,P,2002-09-13,55468,6,27.55,0.63,,
274942,P,2000-10-19,40578,1,39.67,4.89,,
274943,P,2001-09-24,47067,5,99.60,1.32,,
274944,P,2001-06-13,36376,1,38.38,0.47,,
274945,P,2002-04-23,62931,8,48.36,5.88,,
274946,P,2001-04-12,36234,3,50.58,1.16,,
274947,P,2000-02-17,82659,3,21.38,6.25,,
274948,P,2001-04-06,39118,3,50.59,7.08,,
274949,P,2000-02-12,21128,6,23.46,0.20,,
274950,P,2000-10-29,76573,9,83.72,6.36,,
274951,P,2001-09-30,33408,8,56.56,8.21,,
274952,P,2001-03-22,69597,5,5.27,6.83,,
274953,P,2000-06-21,4811,3,91.90,7.06,,
274954,P,2000-08-22,87040,6,94.19,8.30,,
274955,P,2000-07-21,60705,6,52.63,0.86,,
274956,P,2000-09-14,982,7,63.68,7.20,,
274957,P,2000-03-21,35199,7,22.65,2.21,,
274958,P,2001-11-02,76334,10,98.92,6.52,,
274959,P,2000-09-06,9367,6,25.76,8.34,,
274960,P,2001-06-22,86509,7,8.58,3.05,,
274961,P,2001-02-18,81798,2,72.54,4.36,,
274962,P,2001-12-28,52128,7,56.88,4.10,,
274963,P,2001-02-03,42039,8,35.82,3.93,,
274964,P,2002-04-25,64032,9,22.39,8.53,,
274965,P,2001-04-27,44426,7,94.33,2.95,,
274966,P,2001-01-30,49652,4,95.62,7.78,,
274967,P,2001-11-16,93757,8,62.82,1.98,,
274968,P,2002-07-29,8118,10,79.89,3.92,,
274969,P,2001-03-29,41478,2,20.69,7.41,,
274970,P,2000-01-26,73111,6,67.79,7.42,,
274971,P,2001-01-09,54542,3,15.29,0.48,,
274972,P,2000-07-06,20225,8,59.86,6.14,,
274973,P,2002-06-19,86912,9,6.91,4.87,,
274974,P,2002-04-25,87561,3,70.77,7.82,,
274975,P,2000-04-14,48073,9,67.77,5.34,,
274976,P,2000-06-28,41298,5,57.22,1.60,,
274977,P,2000-11-30,47508,4,53.34,7.76,,
274978,P,2002-07-02,54325,8,77.89,3.98,,
274979,P,2000-07-19,68136,5,2.33,4.96,,
274980,P,2001-06-24,41151,6,60.21,6.49,,
274981,P,2001-03-23,84072,9,8.85,7.40,,
274982,P,2000-09-13,20281,8,26.78,2.31,,
274983,P,2000-03-04,53039,10,48.07,9.03,,
274984,P,2002-05-17,20542,10,11.61,6.32,,
274985,P,2000-11-17,74487,4,93.87,1.93,,
274986,P,2002-02-12,98507,2,40.07,3.42,,
274987,P,2002-01-13,53227,3,60.99,1.02,,
274988,P,2001-11-18,31673,1,74.96,7.21,,
274989,P,2002-07-08,2275,10,37.55,2.10,,
274990,P,2000-04-18,54978,1,70.95,3.68,,
274991,P,2001-11-30,14400,6,21.73,0.55,,
274992,P,2000-06-07,55221,1,86.32,2.83,,
274993,P,2001-02-28,33074,5,84.26,3.72,,
274994,P,2002-05-07,85829,10,31.89,3.88,,
274995,P,2002-05-08,21244,5,24.74,9.57,,
274996,P,2000-04-01,13036,8,88.51,9.13,,
274997,P,2001-12-21,5970,2,12.07,5.84,,
274998,P,2000-01-31,92192,5,71.93,4.81,,
274999,P,2001-04-24,34891,7,84.37,1.25,,
275000,P,2001-06-05,55464,2,37.70,1.45,,
275001,P,2001-07-30,13468,8,2.14,8.14,,
275002,P,2000-09-12,24695,3,43.58,1.45,,
275003,P,2001-04-09,85683,10,45.24,0.93,,
275004,P,2001-08-16,63228,1,34.75,4.87,,
275005,P,2001-04-14,78477,8,2.76,7.89,,
275006,P,2002-04-10,90665,1,25.95,2.81,,
275007,P,2000-05-21,7502,10,44.09,3.57,,
275008,P,2002-05-15,32444,6,85.61,2.36,,
275009,P,2002-07-05,44531,1,3.93,4.91,,
275010,P,2001-02-04,19101,7,83.07,5.86,,
275011,P,2000-10-03,57986,5,39.57,3.03,,
275012,P,2000-12-03,32871,3,50.92,1.19,,
275013,P,2002-09-26,75706,1,47.65,9.45,,
275014,P,2002-03-08,94796,7,52.74,1.10,,
275015,P,2000-05-24,17603,10,90.48,5.22,,
275016,P,2000-02-17,38545,1,70.39,9.59,,
275017,P,2000-12-01,5074,3,44.25,7.51,,
275018,P,2001-06-10,84432,6,67.32,7.11,,
275019,P,2001-04-22,78999,3,92.48,5.54,,
275020,P,2001-05-07,6362,8,49.06,2.64,,
275021,P,2001-06-09,61631,4,60.66,0.86,,
275022,P,2000-08-18,32726,4,19.16,4.89,,
275023,P,2001-04-07,53078,3,36.62,7.53,,
275024,P,2002-07-02,21527,5,91.17,6.91,,
275025,P,2001-03-31,84280,10,12.87,0.85,,
275026,P,2002-04-21,19400,6,88.99,5.02,,
275027,P,2002-06-21,51905,5,66.17,0.46,,
275028,P,2001-02-10,75759,8,15.33,5.35,,
275029,P,2002-08-17,52395,8,34.82,1.38,,
275030,P,2001-01-30,14024,5,4.20,5.77,,
275031,P,2000-06-09,116,9,74.41,8.39,,
275032,P,2000-12-23,52525,7,36.02,6.44,,
275033,P,2001-10-05,54072,9,88.31,9.90,,
275034,P,2000-11-05,86440,10,37.62,6.61,,
275035,P,2001-10-05,85241,6,70.98,9.76,,
275036,P,2002-05-30,18885,2,97.84,4.70,,
275037,P,2002-05-22,77672,3,83.08,7.65,,
275038,P,2001-12-25,27040,2,72.32,2.40,,
275039,P,2000-10-05,40785,2,56.50,8.46,,
275040,P,2002-06-03,70769,3,9.38,9.37,,
275041,P,2000-12-18,30350,5,42.99,3.44,,
275042,P,2001-06-01,26310,8,26.05,0.97,,
275043,P,2001-05-16,6845,1,14.54,3.13,,
275044,P,2000-11-22,70644,7,79.21,5.94,,
275045,P,2001-08-21,27313,7,35.78,1.34,,
275046,P,2001-06-22,61671,9,64.35,1.04,,
275047,P,2001-10-10,49723,1,27.51,8.21,,
275048,P,2001-06-30,20427,3,18.14,4.56,,
275049,P,2000-06-27,62490,4,75.99,7.88,,
275050,P,2000-06-19,58426,6,7.58,3.25,,
275051,P,2000-10-25,71616,3,1.72,9.94,,
275052,P,2000-06-23,12032,5,6.15,3.58,,
275053,P,2002-05-29,79413,6,54.50,9.48,,
275054,P,2000-06-15,43660,1,63.24,6.43,,
275055,P,2001-10-19,3884,3,16.86,4.62,,
275056,P,2002-03-03,7862,1,18.34,8.11,,
275057,P,2000-11-10,9619,7,33.70,3.17,,
275058,P,2001-03-30,91220,8,12.89,4.95,,
275059,P,2001-07-02,6521,6,76.84,4.31,,
275060,P,2002-06-28,89928,10,51.57,4.20,,
275061,P,2001-04-23,38162,3,33.59,8.30,,
275062,P,2000-05-08,4581,2,3.31,7.38,,
275063,P,2002-06-15,17166,3,92.82,6.35,,
275064,P,2001-09-13,70754,9,7.56,9.18,,
275065,P,2002-05-21,16435,3,26.76,4.41,,
275066,P,2001-06-15,98260,8,48.39,5.40,,
275067,P,2001-08-14,88911,7,9.78,3.76,,
275068,P,2000-10-25,49832,1,44.68,2.99,,
275069,P,2002-08-09,17111,2,25.42,3.09,,
275070,P,2001-01-10,46335,6,30.64,8.80,,
275071,P,2002-07-13,45367,7,95.37,9.07,,
275072,P,2000-07-15,16412,1,78.69,7.15,,
275073,P,2002-07-02,73326,4,83.52,2.33,,
275074,P,2000-05-04,94962,5,5.12,8.80,,
275075,P,2002-06-16,14032,3,42.79,1.71,,
275076,P,2001-03-19,22448,4,5.12,1.19,,
275077,P,2002-04-30,83027,2,22.95,7.17,,
275078,P,2001-10-10,90555,1,78.72,5.33,,
275079,P,2001-05-03,58393,1,96.93,6.06,,
275080,P,2000-03-29,54066,7,71.14,2.71,,
275081,P,2000-05-18,56372,1,20.67,5.45,,
275082,P,2000-10-07,44566,8,5.58,5.07,,
275083,P,2002-08-27,29539,1,78.25,3.36,,
275084,P,2001-11-25,82402,8,44.60,0.71,,
275085,P,2001-10-10,43267,10,13.71,9.39,,
275086,P,2002-09-24,86226,5,14.45,3.53,,
275087,P,2000-02-18,79444,9,59.73,8.15,,
275088,P,2000-11-02,11352,1,74.38,0.78,,
275089,P,2000-09-18,27927,9,81.80,9.37,,
275090,P,2002-08-11,52011,9,58.85,5.75,,
275091,P,2000-07-26,4314,8,42.75,7.26,,
275092,P,2002-03-09,26202,3,63.47,5.63,,
275093,P,2002-02-04,36127,2,60.30,2.49,,
275094,P,2000-05-17,5696,2,79.51,4.95,,
275095,P,2002-06-15,7451,6,32.26,8.71,,
275096,P,2002-05-26,40769,7,6.61,5.02,,
275097,P,2000-12-12,47185,8,53.28,1.05,,
275098,P,2002-04-01,96245,9,91.66,7.05,,
275099,P,2001-03-07,14950,9,14.90,8.77,,
275100,P,2002-08-06,42750,10,65.03,7.60,,
275101,P,2000-07-05,78904,5,45.74,2.21,,
275102,P,2002-05-19,81160,7,35.03,3.04,,
275103,P,2000-11-13,13760,2,9.15,2.90,,
275104,P,2001-10-05,6525,6,4.67,9.60,,
275105,P,2000-08-16,30355,2,96.31,8.09,,
275106,P,2000-06-16,68050,4,87.63,1.49,,
275107,P,2000-05-19,98449,2,32.63,8.56,,
275108,P,2001-07-22,62565,3,6.32,6.21,,
275109,P,2001-01-18,49671,7,95.27,1.60,,
275110,P,2001-06-20,36035,6,83.20,7.09,,
275111,P,2001-08-09,30270,7,17.31,4.44,,
275112,P,2000-10-17,58337,3,86.72,2.49,,
275113,P,2000-10-21,1408,4,53.65,3.01,,
275114,P,2002-01-11,52649,3,44.15,8.21,,
275115,P,2000-09-21,54359,6,34.85,0.85,,
275116,P,2000-05-10,36406,3,22.63,0.15,,
275117,P,2002-05-29,75352,1,27.23,7.32,,
275118,P,2001-06-02,30244,6,1.31,3.14,,
275119,P,2002-09-27,94016,2,26.79,7.14,,
275120,P,2002-07-29,26667,6,18.51,4.53,,
275121,P,2000-11-16,23290,9,25.11,9.85,,
275122,P,2001-11-24,80457,2,59.69,7.47,,
275123,P,2002-04-27,57593,6,0.56,0.61,,
275124,P,2002-06-15,53938,9,88.36,1.39,,
275125,P,2000-08-21,82104,1,98.70,5.40,,
275126,P,2002-01-24,96757,8,5.75,8.11,,
275127,P,2000-02-16,84053,4,25.66,8.86,,
275128,P,2001-09-27,10959,9,11.92,9.37,,
275129,P,2002-03-10,38565,8,47.85,5.70,,
275130,P,2002-04-11,67347,3,86.78,4.17,,
275131,P,2002-07-03,58420,10,65.63,1.20,,
275132,P,2001-12-26,10584,4,11.92,4.92,,
275133,P,2000-04-22,6221,1,54.85,8.70,,
275134,P,2001-01-16,11324,2,3.26,8.33,,
275135,P,2001-01-18,92684,10,8.51,3.40,,
275136,P,2002-04-06,30418,8,12.89,9.12,,
275137,P,2000-03-16,39756,8,37.13,3.88,,
275138,P,2000-01-28,99478,4,85.58,5.31,,
275139,P,2000-03-30,14975,8,6.40,5.82,,
275140,P,2002-05-23,94114,5,81.63,9.40,,
275141,P,2002-01-08,69933,2,67.11,8.48,,
275142,P,2000-03-07,66940,10,23.47,8.76,,
275143,P,2001-02-12,388,3,8.70,9.34,,
275144,P,2001-07-14,72476,7,37.02,6.31,,
275145,P,2001-05-09,95155,7,78.41,4.00,,
275146,P,2002-01-09,21044,9,45.23,3.45,,
275147,P,2002-08-05,11701,4,70.71,7.69,,
275148,P,2001-11-16,82741,2,28.29,9.59,,
275149,P,2002-07-07,10624,8,0.32,6.62,,
275150,P,2000-11-21,15304,5,72.07,4.76,,
275151,P,2002-06-10,11036,8,93.87,7.34,,
275152,P,2001-10-05,1336,9,16.09,3.70,,
275153,P,2001-04-03,6953,9,28.84,3.93,,
275154,P,2002-09-17,95957,5,25.86,0.44,,
275155,P,2002-03-07,55848,8,79.58,3.73,,
275156,P,2001-02-02,88608,7,68.42,8.65,,
275157,P,2001-09-13,20282,6,68.66,2.92,,
275158,P,2001-11-09,92137,5,91.62,1.28,,
275159,P,2001-04-18,35716,4,87.40,7.34,,
275160,P,2002-05-08,50964,1,19.65,8.48,,
275161,P,2001-05-24,57180,4,57.01,0.53,,
275162,P,2002-05-16,29157,5,7.64,2.50,,
275163,P,2000-07-31,93943,9,65.65,3.67,,
275164,P,2001-05-13,81579,3,45.94,5.40,,
275165,P,2001-10-13,24721,2,36.15,9.25,,
275166,P,2002-01-08,524,7,1.55,3.00,,
275167,P,2000-09-08,46861,10,89.47,9.83,,
275168,P,2001-06-16,7105,7,13.10,0.66,,
275169,P,2000-05-05,53603,4,50.64,9.59,,
275170,P,2001-02-08,59815,2,47.02,9.81,,
275171,P,2000-10-19,55226,9,0.17,5.73,,
275172,P,2001-09-23,12443,1,88.75,4.55,,
275173,P,2001-12-07,70096,8,32.14,6.19,,
275174,P,2000-08-08,15918,3,74.89,3.88,,
275175,P,2002-06-28,73033,8,48.91,8.79,,
275176,P,2000-02-18,41514,2,93.15,3.54,,
275177,P,2001-03-22,95949,1,76.14,7.66,,
275178,P,2001-02-14,49432,1,51.13,2.71,,
275179,P,2000-01-09,31886,9,14.73,7.37,,
275180,P,2001-08-31,27805,5,40.56,4.16,,
275181,P,2001-11-06,50817,4,27.89,3.72,,
275182,P,2000-05-04,19854,1,86.33,3.69,,
275183,P,2002-04-04,29703,6,93.97,4.81,,
275184,P,2000-12-17,53439,9,76.24,8.25,,
275185,P,2000-07-14,92178,1,89.20,7.94,,
275186,P,2002-06-04,57102,3,40.97,2.62,,
275187,P,2001-04-06,15242,6,33.46,0.71,,
275188,P,2000-01-21,19978,2,21.93,3.07,,
275189,P,2002-05-10,75573,6,72.92,8.17,,
275190,P,2000-07-13,39448,5,68.84,3.31,,
275191,P,2002-08-24,10089,6,62.14,8.81,,
275192,P,2001-09-17,26555,8,15.68,9.54,,
275193,P,2000-07-24,31914,10,81.21,5.65,,
275194,P,2001-07-01,91133,3,30.18,6.89,,
275195,P,2001-01-18,32107,10,77.09,5.80,,
275196,P,2000-07-09,9219,1,61.16,7.93,,
275197,P,2001-07-04,20878,8,23.31,6.82,,
275198,P,2001-08-21,11609,8,83.31,2.82,,
275199,P,2001-06-26,29343,9,56.00,2.69,,
275200,P,2001-11-28,29598,2,55.89,4.81,,
275201,P,2001-04-25,52035,1,73.36,9.82,,
275202,P,2002-02-28,55713,3,34.56,1.97,,
275203,P,2002-08-11,54375,5,9.35,6.37,,
275204,P,2002-04-27,9428,10,29.59,5.27,,
275205,P,2000-03-26,375,3,18.84,9.35,,
275206,P,2000-09-04,20608,8,3.87,2.81,,
275207,P,2001-05-22,71973,4,42.25,9.15,,
275208,P,2001-04-04,25714,8,91.36,9.14,,
275209,P,2001-12-02,68139,9,13.02,0.82,,
275210,P,2000-02-06,98636,1,57.77,0.24,,
275211,P,2000-06-26,85331,9,26.99,0.27,,
275212,P,2001-03-14,5554,2,83.28,8.03,,
275213,P,2001-04-06,9159,5,23.12,2.56,,
275214,P,2000-06-21,91171,8,94.28,1.81,,
275215,P,2001-03-24,73632,2,76.03,8.16,,
275216,P,2002-04-18,252,10,26.43,8.26,,
275217,P,2000-05-16,36994,5,7.22,3.37,,
275218,P,2001-07-17,68169,10,39.30,9.81,,
275219,P,2002-04-10,66250,1,27.30,9.76,,
275220,P,2001-07-13,23577,7,34.66,1.56,,
275221,P,2001-08-04,23061,6,48.28,3.43,,
275222,P,2002-08-30,96556,4,39.19,3.33,,
275223,P,2000-08-03,90989,7,96.50,9.45,,
275224,P,2000-07-06,74197,7,50.25,2.08,,
275225,P,2000-05-22,11799,2,62.53,6.31,,
275226,P,2001-04-01,54128,10,4.23,7.89,,
275227,P,2002-01-24,66326,3,13.09,5.59,,
275228,P,2000-02-03,76838,2,29.50,5.47,,
275229,P,2000-12-30,81459,9,34.12,0.98,,
275230,P,2002-06-30,26693,4,3.41,5.81,,
275231,P,2000-11-28,87885,1,72.54,0.47,,
275232,P,2001-12-24,55155,1,92.87,8.00,,
275233,P,2000-10-19,74520,9,63.47,1.97,,
275234,P,2002-08-09,70195,6,36.59,6.19,,
275235,P,2000-10-01,62957,7,91.13,6.00,,
275236,P,2001-01-23,29795,4,26.40,4.37,,
275237,P,2001-04-07,34395,10,38.62,0.50,,
275238,P,2000-04-15,66981,1,42.99,2.35,,
275239,P,2002-07-22,8262,10,56.03,9.30,,
275240,P,2001-05-14,32835,1,70.85,1.52,,
275241,P,2000-12-15,45935,9,42.69,3.39,,
275242,P,2001-06-25,52236,10,81.93,0.54,,
275243,P,2002-09-11,12045,10,25.26,6.62,,
275244,P,2001-08-26,68303,6,53.46,0.99,,
275245,P,2000-03-06,85620,7,85.95,2.95,,
275246,P,2001-10-17,61859,4,49.10,9.15,,
275247,P,2002-03-31,14139,5,17.62,7.75,,
275248,P,2000-06-14,966,6,72.96,3.94,,
275249,P,2001-09-02,81133,3,19.98,4.23,,
275250,P,2001-03-12,31887,4,59.40,0.32,,
275251,P,2001-09-06,72851,4,29.96,4.00,,
275252,P,2001-11-06,67936,2,79.19,4.40,,
275253,P,2000-08-12,11665,9,55.10,1.91,,
275254,P,2001-09-01,90521,10,99.18,1.11,,
275255,P,2001-04-13,44261,1,41.50,3.19,,
275256,P,2001-08-20,21484,3,52.32,8.48,,
275257,P,2001-06-25,75873,1,23.64,7.50,,
275258,P,2002-07-19,57490,5,95.13,5.44,,
275259,P,2001-07-10,27181,10,80.95,3.16,,
275260,P,2001-11-17,63749,4,58.28,9.81,,
275261,P,2000-04-21,41982,5,80.48,3.80,,
275262,P,2000-05-08,67294,10,66.91,3.58,,
275263,P,2000-08-16,51956,8,67.78,6.07,,
275264,P,2000-01-12,28439,8,16.89,4.76,,
275265,P,2002-01-16,43483,8,22.01,2.77,,
275266,P,2000-07-03,64320,6,45.83,5.79,,
275267,P,2000-08-19,72291,7,92.59,4.83,,
275268,P,2000-10-10,42890,7,27.52,7.95,,
275269,P,2000-02-20,81155,8,14.43,5.03,,
275270,P,2000-06-10,46448,4,90.38,9.33,,
275271,P,2000-07-03,76464,7,8.50,5.17,,
275272,P,2001-07-21,13190,7,92.03,8.89,,
275273,P,2002-03-04,94921,8,73.52,1.03,,
275274,P,2002-01-16,70431,1,70.98,0.70,,
275275,P,2000-02-08,65277,10,1.34,0.74,,
275276,P,2001-09-21,91973,7,2.84,6.98,,
275277,P,2000-12-25,43665,9,17.67,8.02,,
275278,P,2001-02-02,85452,7,71.45,0.57,,
275279,P,2001-05-09,39108,3,17.01,3.62,,
275280,P,2000-12-06,48490,10,71.66,0.31,,
275281,P,2002-05-30,70151,6,54.50,1.61,,
275282,P,2000-05-17,93421,2,83.34,0.75,,
275283,P,2000-12-27,80223,6,18.90,5.19,,
275284,P,2002-04-28,80371,1,37.30,4.45,,
275285,P,2002-05-02,52171,10,7.81,9.75,,
275286,P,2001-04-16,49499,5,78.71,8.43,,
275287,P,2001-02-03,91927,2,42.34,5.17,,
275288,P,2000-03-13,20762,5,87.09,0.97,,
275289,P,2002-06-28,64359,4,62.83,3.81,,
275290,P,2002-06-13,25319,9,5.93,3.83,,
275291,P,2000-07-25,62582,3,2.84,2.93,,
275292,P,2000-01-16,23546,4,80.65,0.22,,
275293,P,2001-03-19,69130,8,64.09,9.41,,
275294,P,2002-05-03,2151,7,54.49,4.34,,
275295,P,2002-04-16,94209,9,63.18,3.70,,
275296,P,2001-03-07,37318,8,3.35,9.86,,
275297,P,2001-12-19,24364,2,12.40,6.16,,
275298,P,2000-05-09,586,10,20.67,6.95,,
275299,P,2001-08-23,60615,6,40.43,4.80,,
275300,P,2000-07-16,74545,8,60.85,2.35,,
275301,P,2000-11-07,32816,7,2.71,3.22,,
275302,P,2001-07-05,79392,10,15.84,4.16,,
275303,P,2001-11-23,25429,8,4.88,8.65,,
275304,P,2000-01-09,27363,5,55.40,6.26,,
275305,P,2002-07-30,50152,7,62.74,8.25,,
275306,P,2002-06-29,62538,3,94.78,2.29,,
275307,P,2002-08-21,84540,4,35.47,2.00,,
275308,P,2001-01-09,40101,8,79.98,0.39,,
275309,P,2000-03-23,9533,1,58.28,5.58,,
275310,P,2002-04-27,51780,6,96.85,5.11,,
275311,P,2000-04-01,19460,3,37.51,9.77,,
275312,P,2000-04-03,13510,1,45.33,2.08,,
275313,P,2002-07-17,22042,9,48.98,3.94,,
275314,P,2000-08-01,89503,8,26.90,7.78,,
275315,P,2002-09-16,65084,6,29.97,6.40,,
275316,P,2000-11-04,64914,3,30.54,0.46,,
275317,P,2000-06-28,55687,9,96.26,3.09,,
275318,P,2002-02-26,90326,3,26.69,3.92,,
275319,P,2002-07-17,75517,3,81.44,2.87,,
275320,P,2000-01-13,50546,10,87.94,0.50,,
275321,P,2000-12-09,39055,8,9.35,0.77,,
275322,P,2001-08-20,22585,4,90.82,2.13,,
275323,P,2002-07-20,97797,2,14.40,8.86,,
275324,P,2000-01-23,8088,10,12.36,3.42,,
275325,P,2002-09-05,37341,6,41.40,3.58,,
275326,P,2000-10-03,43308,2,47.40,3.60,,
275327,P,2000-11-24,72692,7,96.11,3.96,,
275328,P,2002-02-24,57343,6,10.64,0.81,,
275329,P,2000-09-27,96720,10,49.10,4.23,,
275330,P,2001-12-19,96062,7,8.91,8.69,,
275331,P,2002-05-06,40335,7,89.23,6.65,,
275332,P,2002-08-14,97154,2,4.52,1.38,,
275333,P,2001-11-26,54759,7,58.26,7.11,,
275334,P,2000-10-20,56031,6,22.29,9.86,,
275335,P,2000-07-03,43359,9,81.44,3.28,,
275336,P,2000-05-03,73979,6,20.60,8.54,,
275337,P,2000-07-10,63857,1,61.84,4.94,,
275338,P,2000-02-19,3952,2,9.70,8.02,,
275339,P,2001-02-20,33726,6,30.55,8.85,,
275340,P,2000-12-05,33680,10,79.70,4.18,,
275341,P,2001-01-07,35163,6,44.02,8.73,,
275342,P,2001-01-28,13441,2,52.66,2.37,,
275343,P,2000-02-22,7735,3,51.13,2.71,,
275344,P,2002-09-14,14610,4,76.65,5.43,,
275345,P,2000-04-26,96484,7,4.03,7.50,,
275346,P,2002-09-07,4472,5,19.67,3.47,,
275347,P,2001-07-19,82735,7,16.20,1.30,,
275348,P,2001-04-08,3115,2,26.90,0.33,,
275349,P,2000-08-05,96678,3,90.15,8.62,,
275350,P,2000-08-22,19646,10,45.06,1.65,,
275351,P,2002-01-03,67442,9,10.72,2.96,,
275352,P,2002-06-09,56431,2,2.04,3.35,,
275353,P,2001-01-09,23869,10,62.72,8.26,,
275354,P,2002-07-19,20839,4,19.50,1.50,,
275355,P,2001-06-04,28350,9,68.36,1.07,,
275356,P,2001-11-08,12291,8,42.48,2.67,,
275357,P,2000-10-27,80100,5,97.96,4.47,,
275358,P,2000-08-02,59467,2,51.49,9.74,,
275359,P,2000-06-10,98646,5,9.34,8.82,,
275360,P,2000-04-12,92899,10,53.10,8.91,,
275361,P,2001-11-25,99783,4,52.51,1.85,,
275362,P,2000-09-20,74521,8,36.96,2.55,,
275363,P,2001-11-22,15977,1,31.76,9.51,,
275364,P,2002-09-14,35266,4,29.83,6.49,,
275365,P,2002-07-26,50514,7,90.57,0.50,,
275366,P,2002-06-21,34499,10,2.27,7.53,,
275367,P,2000-07-13,95682,8,51.59,2.57,,
275368,P,2002-05-05,12357,3,40.75,0.29,,
275369,P,2001-01-19,34291,2,86.49,2.56,,
275370,P,2001-04-03,9991,7,7.54,7.06,,
275371,P,2000-12-09,59818,1,38.00,6.05,,
275372,P,2000-11-25,99478,9,81.06,7.09,,
275373,P,2001-12-11,88515,2,36.07,4.94,,
275374,P,2000-09-14,89575,5,96.73,8.00,,
275375,P,2002-08-31,46531,8,23.97,2.98,,
275376,P,2000-08-26,76623,6,67.27,8.51,,
275377,P,2001-02-24,18514,8,15.26,3.84,,
275378,P,2001-11-11,98654,10,4.32,8.32,,
275379,P,2000-12-18,71427,2,23.80,7.00,,
275380,P,2002-08-02,24059,4,42.04,5.86,,
275381,P,2000-09-15,31616,3,84.18,8.83,,
275382,P,2002-07-09,57628,2,64.83,4.75,,
275383,P,2000-05-24,15622,9,54.85,4.78,,
275384,P,2001-08-05,58714,7,62.61,9.88,,
275385,P,2002-07-29,97948,8,79.81,2.47,,
275386,P,2001-05-03,46852,6,67.16,8.01,,
275387,P,2000-01-08,71476,2,11.34,1.48,,
275388,P,2002-01-16,62781,6,87.47,2.83,,
275389,P,2001-09-11,70417,6,13.98,7.76,,
275390,P,2000-01-20,31947,1,12.71,2.76,,
275391,P,2000-04-28,20425,6,50.90,8.08,,
275392,P,2002-09-12,78690,3,9.42,3.42,,
275393,P,2000-09-22,46923,3,93.89,2.41,,
275394,P,2000-11-22,79656,10,40.34,1.52,,
275395,P,2001-09-28,68507,9,22.68,2.03,,
275396,P,2001-01-13,97966,6,49.17,7.31,,
275397,P,2002-07-29,9650,9,98.16,6.38,,
275398,P,2001-05-22,86128,2,69.88,1.09,,
275399,P,2000-04-25,65711,8,78.43,6.48,,
275400,P,2001-07-12,90528,8,15.16,3.40,,
275401,P,2000-04-30,28899,9,93.22,4.81,,
275402,P,2000-05-30,61833,9,48.81,9.79,,
275403,P,2001-01-25,88584,3,0.80,2.81,,
275404,P,2000-07-01,15372,9,35.73,5.36,,
275405,P,2001-05-14,52647,3,76.13,2.99,,
275406,P,2000-02-25,47431,9,40.48,5.18,,
275407,P,2001-12-21,96436,4,9.65,0.65,,
275408,P,2000-04-01,75482,3,26.30,2.70,,
275409,P,2000-01-13,71679,4,87.31,0.78,,
275410,P,2000-08-27,61524,10,92.96,3.01,,
275411,P,2001-05-18,89771,1,30.99,7.69,,
275412,P,2001-09-04,76503,3,76.68,0.78,,
275413,P,2002-06-23,82367,1,25.28,8.18,,
275414,P,2002-01-01,64581,9,44.65,6.15,,
275415,P,2001-09-11,30933,6,10.51,6.84,,
275416,P,2001-11-06,47775,5,14.50,4.75,,
275417,P,2001-03-12,49726,1,61.46,7.51,,
275418,P,2002-03-26,84927,9,49.24,5.25,,
275419,P,2000-04-01,85617,10,14.60,7.91,,
275420,P,2000-12-04,25393,3,63.06,9.95,,
275421,P,2001-03-10,85348,6,79.13,3.81,,
275422,P,2001-09-06,46357,5,5.37,2.77,,
275423,P,2002-05-04,21863,9,2.08,4.00,,
275424,P,2002-01-21,99797,2,72.45,2.63,,
275425,P,2001-07-04,30468,5,36.02,8.89,,
275426,P,2000-10-29,95024,8,24.15,4.53,,
275427,P,2001-09-17,79862,6,56.47,8.04,,
275428,P,2000-11-24,54955,10,68.63,5.31,,
275429,P,2001-12-30,47106,7,88.27,4.57,,
275430,P,2001-08-06,81503,3,86.16,4.00,,
275431,P,2002-04-09,89008,5,40.77,7.78,,
275432,P,2000-04-03,8087,3,52.63,6.18,,
275433,P,2000-05-27,75067,1,92.34,1.21,,
275434,P,2002-09-21,63944,9,23.41,6.18,,
275435,P,2001-04-24,57708,2,18.81,6.79,,
275436,P,2002-07-28,4866,8,86.35,0.22,,
275437,P,2000-09-30,75748,4,35.90,7.38,,
275438,P,2002-02-12,85189,7,70.86,8.68,,
275439,P,2001-08-14,84504,2,99.56,9.44,,
275440,P,2001-01-23,91668,8,77.90,3.07,,
275441,P,2002-09-20,33712,3,72.03,8.30,,
275442,P,2000-05-12,26407,8,89.38,4.56,,
275443,P,2001-08-24,95093,3,20.74,0.53,,
275444,P,2000-05-02,3729,8,87.15,8.67,,
275445,P,2001-04-20,87180,6,94.11,7.89,,
275446,P,2001-04-13,8026,9,81.50,1.12,,
275447,P,2001-05-24,30961,1,70.77,8.48,,
275448,P,2000-01-30,88092,9,16.63,7.89,,
275449,P,2001-03-26,45882,3,97.82,6.41,,
275450,P,2000-03-15,76431,1,77.08,0.47,,
275451,P,2000-07-19,49328,1,99.16,6.91,,
275452,P,2000-04-30,64250,6,1.92,2.97,,
275453,P,2000-08-19,58426,5,10.24,0.85,,
275454,P,2002-06-25,62864,4,87.60,4.62,,
275455,P,2000-04-17,91002,7,22.29,5.73,,
275456,P,2002-01-31,3275,4,2.63,3.49,,
275457,P,2001-12-30,4689,5,97.00,1.87,,
275458,P,2001-03-29,61468,1,68.43,5.53,,
275459,P,2001-07-01,81299,1,51.12,5.40,,
275460,P,2000-05-14,98143,9,93.59,6.23,,
275461,P,2002-09-27,73321,6,40.36,5.99,,
275462,P,2000-04-21,82878,3,43.50,7.98,,
275463,P,2001-04-18,89454,2,2.02,0.91,,
275464,P,2001-08-23,16498,5,81.56,2.22,,
275465,P,2001-04-19,64748,4,45.91,9.03,,
275466,P,2001-08-14,880,9,76.27,3.20,,
275467,P,2001-04-27,59958,1,2.87,1.10,,
275468,P,2001-07-19,34330,5,11.78,1.31,,
275469,P,2001-12-09,73900,1,84.19,3.92,,
275470,P,2002-04-22,71627,2,20.15,3.36,,
275471,P,2001-02-25,18946,6,60.52,2.91,,
275472,P,2001-07-31,57023,3,12.19,8.85,,
275473,P,2000-04-15,85241,5,80.34,3.88,,
275474,P,2001-12-16,22848,3,79.21,1.13,,
275475,P,2000-04-09,67341,6,99.67,3.17,,
275476,P,2001-01-13,51272,4,73.76,3.15,,
275477,P,2000-05-24,6228,2,66.97,6.52,,
275478,P,2001-12-21,69713,8,41.47,5.79,,
275479,P,2002-06-20,67934,6,92.83,6.25,,
275480,P,2001-03-02,54340,10,43.60,9.07,,
275481,P,2002-01-17,18494,4,25.82,7.91,,
275482,P,2000-01-22,39307,2,57.43,6.52,,
275483,P,2000-11-06,32394,3,19.07,3.99,,
275484,P,2000-06-01,25613,2,42.75,9.81,,
275485,P,2002-01-05,44942,7,11.61,4.63,,
275486,P,2000-01-18,792,7,80.19,8.17,,
275487,P,2000-07-17,15653,4,16.51,5.14,,
275488,P,2002-01-27,81464,1,32.24,8.11,,
275489,P,2000-03-16,57759,10,83.27,4.82,,
275490,P,2000-10-30,90722,6,31.96,0.05,,
275491,P,2000-09-03,11666,10,62.02,5.59,,
275492,P,2000-12-06,54590,7,56.10,1.67,,
275493,P,2002-05-02,40647,10,54.70,9.88,,
275494,P,2001-05-29,33209,6,23.35,6.26,,
275495,P,2000-01-12,18060,3,62.57,8.32,,
275496,P,2000-02-19,71805,5,95.47,8.44,,
275497,P,2000-12-21,37258,8,34.39,4.12,,
275498,P,2000-07-24,47093,7,46.60,7.93,,
275499,P,2001-04-04,79454,5,27.37,1.37,,
275500,P,2001-04-08,47275,1,46.92,1.51,,
275501,P,2000-11-10,61293,4,43.54,1.74,,
275502,P,2002-04-19,6534,10,54.63,9.94,,
275503,P,2002-09-10,33486,7,75.67,3.86,,
275504,P,2001-05-28,60332,6,3.19,7.98,,
275505,P,2000-06-11,36861,8,33.39,3.45,,
275506,P,2001-09-26,2557,3,49.86,8.29,,
275507,P,2000-10-17,65876,9,34.02,0.53,,
275508,P,2002-02-19,90692,8,6.05,8.32,,
275509,P,2001-05-19,74502,4,57.17,8.20,,
275510,P,2000-07-16,99979,10,89.86,8.23,,
275511,P,2002-09-02,10479,2,42.55,1.48,,
275512,P,2000-02-10,78309,6,27.08,9.93,,
275513,P,2000-04-29,7500,4,78.35,5.12,,
275514,P,2002-09-20,37282,1,95.39,1.82,,
275515,P,2000-07-23,45125,10,64.61,5.38,,
275516,P,2001-03-28,47346,8,57.42,9.77,,
275517,P,2000-07-22,87129,7,71.65,4.38,,
275518,P,2000-01-18,273,9,14.61,4.54,,
275519,P,2000-07-23,55063,5,57.49,3.01,,
275520,P,2001-01-05,50708,7,34.88,0.72,,
275521,P,2001-04-03,93574,8,12.41,3.35,,
275522,P,2001-02-08,74056,7,46.28,7.58,,
275523,P,2001-02-18,20865,4,83.02,3.53,,
275524,P,2002-09-09,33088,5,1.87,3.35,,
275525,P,2002-07-26,38835,3,22.60,5.32,,
275526,P,2000-04-14,2374,1,20.39,6.24,,
275527,P,2000-03-06,32533,5,13.31,9.11,,
275528,P,2002-07-16,43287,3,85.16,7.65,,
275529,P,2001-10-20,31310,4,13.29,1.35,,
275530,P,2001-10-29,84570,10,21.12,4.83,,
275531,P,2002-03-27,13822,6,50.01,3.27,,
275532,P,2001-04-10,28911,1,52.30,8.20,,
275533,P,2000-01-02,72143,4,44.30,6.44,,
275534,P,2001-09-09,90518,9,43.21,2.94,,
275535,P,2002-01-03,7691,9,57.68,5.11,,
275536,P,2001-10-31,47825,6,36.91,6.80,,
275537,P,2001-11-20,57909,3,49.53,8.95,,
275538,P,2002-03-17,82418,10,14.24,4.01,,
275539,P,2000-02-04,99580,10,4.31,1.05,,
275540,P,2002-09-27,74631,5,34.38,5.90,,
275541,P,2001-10-19,52196,4,74.00,7.53,,
275542,P,2001-11-29,39631,6,75.73,9.75,,
275543,P,2001-05-25,92751,3,88.68,9.19,,
275544,P,2002-06-13,54784,6,85.08,2.48,,
275545,P,2000-07-20,67988,2,58.64,1.94,,
275546,P,2002-09-09,36414,7,7.08,4.99,,
275547,P,2002-04-05,89590,7,94.32,8.79,,
275548,P,2000-04-04,11255,5,75.60,4.39,,
275549,P,2002-05-22,56306,4,46.96,2.26,,
275550,P,2002-02-12,25948,1,84.10,8.69,,
275551,P,2000-07-18,56632,8,6.41,4.65,,
275552,P,2000-12-31,25292,2,89.01,8.40,,
275553,P,2000-07-15,93614,5,46.21,8.54,,
275554,P,2001-02-05,57522,4,70.47,1.83,,
275555,P,2002-04-26,23733,3,15.61,2.92,,
275556,P,2001-03-14,2859,5,91.75,4.60,,
275557,P,2001-10-22,86536,9,66.53,1.36,,
275558,P,2002-06-10,77467,9,13.31,2.70,,
275559,P,2000-04-26,87042,6,55.63,3.89,,
275560,P,2000-12-06,51615,10,19.61,8.01,,
275561,P,2000-03-27,48119,2,99.61,7.50,,
275562,P,2001-10-08,57966,2,78.19,2.30,,
275563,P,2000-03-11,75598,7,72.90,5.20,,
275564,P,2000-02-23,59111,10,19.53,7.37,,
275565,P,2000-06-28,61392,7,50.90,9.03,,
275566,P,2001-04-17,95852,5,30.99,3.13,,
275567,P,2002-09-17,75243,5,4.02,3.38,,
275568,P,2001-01-30,93323,8,56.22,6.83,,
275569,P,2000-05-14,58154,9,6.70,7.27,,
275570,P,2001-04-19,83067,2,51.71,0.20,,
275571,P,2000-05-01,67928,7,55.87,3.24,,
275572,P,2002-09-23,49799,1,45.06,3.70,,
275573,P,2000-09-02,63112,9,32.44,5.95,,
275574,P,2001-10-31,89904,9,54.01,2.25,,
275575,P,2002-03-24,27635,7,59.22,4.03,,
275576,P,2001-05-25,91727,2,33.39,3.21,,
275577,P,2001-11-04,57786,5,23.91,6.73,,
275578,P,2000-12-20,21260,8,53.30,7.21,,
275579,P,2000-05-18,10183,2,71.51,9.99,,
275580,P,2000-05-12,14068,9,90.27,7.27,,
275581,P,2002-09-23,20991,2,4.17,3.24,,
275582,P,2001-12-03,93117,9,16.73,7.79,,
275583,P,2000-07-13,30688,1,62.59,9.78,,
275584,P,2002-07-06,71244,6,61.23,4.46,,
275585,P,2000-06-29,32962,5,39.99,6.55,,
275586,P,2001-05-06,42638,8,56.27,0.18,,
275587,P,2000-07-02,46766,7,39.23,5.52,,
275588,P,2002-02-15,61704,8,61.03,5.36,,
275589,P,2000-05-14,76102,6,49.41,8.44,,
275590,P,2000-06-26,36322,4,98.03,9.37,,
275591,P,2002-02-04,93790,10,21.70,3.31,,
275592,P,2002-02-28,55535,7,36.26,6.44,,
275593,P,2002-04-29,6379,5,37.34,4.42,,
275594,P,2002-05-22,54985,7,42.78,0.82,,
275595,P,2001-09-30,38552,7,9.48,1.42,,
275596,P,2000-12-30,48105,8,63.37,0.63,,
275597,P,2000-04-12,11504,6,71.26,7.50,,
275598,P,2002-04-10,16739,10,62.55,9.35,,
275599,P,2000-02-03,83052,8,78.42,8.62,,
275600,P,2002-01-04,56720,4,97.47,6.99,,
275601,P,2002-06-12,17324,4,66.79,1.64,,
275602,P,2000-07-05,20009,6,26.38,7.53,,
275603,P,2001-06-06,37444,3,49.68,2.37,,
275604,P,2001-01-05,5261,1,28.63,7.77,,
275605,P,2000-11-27,36617,7,59.64,4.89,,
275606,P,2001-08-07,1322,10,68.96,4.09,,
275607,P,2000-01-03,68746,6,42.85,5.71,,
275608,P,2001-04-12,30923,7,39.17,5.93,,
275609,P,2000-04-28,24182,9,92.47,7.68,,
275610,P,2001-11-21,95051,10,30.23,7.44,,
275611,P,2002-07-17,36204,1,11.26,0.94,,
275612,P,2000-05-09,91122,10,52.06,9.54,,
275613,P,2001-10-29,62609,5,7.62,2.26,,
275614,P,2000-04-20,13022,4,61.73,2.56,,
275615,P,2001-06-28,88737,4,5.77,5.56,,
275616,P,2002-08-06,3856,1,49.14,6.88,,
275617,P,2000-12-07,46942,7,58.33,8.34,,
275618,P,2001-06-08,25861,5,63.31,1.31,,
275619,P,2000-08-07,92110,6,23.84,3.44,,
275620,P,2001-04-14,91778,9,50.19,0.78,,
275621,P,2002-04-11,32476,7,80.49,7.82,,
275622,P,2000-04-11,24887,2,90.09,2.24,,
275623,P,2000-08-25,50745,6,26.10,2.42,,
275624,P,2001-08-09,63870,1,65.42,8.59,,
275625,P,2001-03-11,44790,7,7.48,1.65,,
275626,P,2000-12-26,16924,1,85.46,5.30,,
275627,P,2002-06-25,47703,8,56.80,1.45,,
275628,P,2000-10-31,52897,4,97.34,7.81,,
275629,P,2001-06-25,93436,7,48.02,6.36,,
275630,P,2002-07-12,47754,4,37.14,5.02,,
275631,P,2001-05-18,96008,8,9.41,0.95,,
275632,P,2002-07-08,29413,8,96.30,3.36,,
275633,P,2000-01-07,53077,10,73.38,8.34,,
275634,P,2000-08-11,51042,9,42.50,8.26,,
275635,P,2002-09-08,68647,8,41.26,9.78,,
275636,P,2000-02-29,43244,5,99.63,6.62,,
275637,P,2000-09-01,92777,5,73.78,2.37,,
275638,P,2000-03-29,8452,5,1.71,7.70,,
275639,P,2002-06-28,32227,1,17.52,5.38,,
275640,P,2000-01-28,57754,10,17.35,2.46,,
275641,P,2001-06-30,97052,3,91.66,3.81,,
275642,P,2001-10-12,12579,2,0.27,0.07,,
275643,P,2001-11-04,12161,6,89.11,2.95,,
275644,P,2002-05-17,15274,1,44.12,6.14,,
275645,P,2000-09-20,70137,8,88.54,9.03,,
275646,P,2000-12-16,20811,2,58.00,8.57,,
275647,P,2001-03-31,71009,5,18.68,2.83,,
275648,P,2002-04-09,81750,2,12.64,3.49,,
275649,P,2000-10-09,75253,5,19.98,4.66,,
275650,P,2002-03-28,53579,7,95.79,9.34,,
275651,P,2002-03-29,34147,10,56.41,1.47,,
275652,P,2002-03-15,55446,9,11.51,0.70,,
275653,P,2000-06-10,27877,9,95.22,9.41,,
275654,P,2001-10-16,94320,1,23.65,0.47,,
275655,P,2001-02-16,95756,4,47.25,2.72,,
275656,P,2001-03-17,62957,4,57.50,9.50,,
275657,P,2000-09-06,7576,8,62.78,2.27,,
275658,P,2001-04-14,94022,10,19.47,9.48,,
275659,P,2002-03-04,40958,10,10.53,3.05,,
275660,P,2002-02-03,80544,1,36.41,9.00,,
275661,P,2000-03-24,71134,6,43.41,1.39,,
275662,P,2001-11-01,91532,8,38.80,6.08,,
275663,P,2000-09-18,72428,4,12.15,9.00,,
275664,P,2000-12-08,3550,10,73.41,3.18,,
275665,P,2000-05-28,71325,1,31.64,6.55,,
275666,P,2002-08-16,85555,6,93.96,6.29,,
275667,P,2000-10-22,23941,5,31.11,2.32,,
275668,P,2002-02-10,78939,2,25.63,8.94,,
275669,P,2000-04-21,20454,4,28.89,2.32,,
275670,P,2000-04-17,71477,4,4.97,6.16,,
275671,P,2000-05-08,42500,2,95.50,6.51,,
275672,P,2000-12-30,78178,2,37.41,1.17,,
275673,P,2000-06-26,31288,6,55.74,1.15,,
275674,P,2002-04-14,75226,8,72.42,1.77,,
275675,P,2001-03-20,39364,4,10.33,1.73,,
275676,P,2001-04-27,26651,5,3.93,2.98,,
275677,P,2001-09-26,68712,6,55.16,8.37,,
275678,P,2002-07-30,45443,5,48.90,0.58,,
275679,P,2001-04-30,45319,9,17.18,3.10,,
275680,P,2001-04-30,26206,9,7.72,7.65,,
275681,P,2000-01-10,86048,4,30.81,9.29,,
275682,P,2001-01-03,77044,8,5.01,5.66,,
275683,P,2002-02-10,50403,5,91.75,6.28,,
275684,P,2000-10-19,15036,5,27.03,9.97,,
275685,P,2002-09-27,51138,2,94.75,1.91,,
275686,P,2001-07-13,63604,1,45.66,7.72,,
275687,P,2001-05-03,65448,6,3.49,7.06,,
275688,P,2002-01-26,20975,10,80.80,2.43,,
275689,P,2001-01-16,22957,3,74.49,7.30,,
275690,P,2000-12-27,71032,1,53.63,1.04,,
275691,P,2000-08-10,58704,7,4.98,2.87,,
275692,P,2001-01-28,62340,3,98.79,5.70,,
275693,P,2002-05-07,16873,9,38.93,8.78,,
275694,P,2001-10-29,75767,6,57.75,7.15,,
275695,P,2001-12-20,45041,7,26.47,0.13,,
275696,P,2000-06-13,36295,3,63.16,5.89,,
275697,P,2001-05-07,16971,4,82.62,7.81,,
275698,P,2000-02-08,85780,5,61.90,4.20,,
275699,P,2000-11-03,79800,6,54.86,9.66,,
275700,P,2001-05-27,21748,5,23.98,2.46,,
275701,P,2002-08-20,91469,6,86.84,7.38,,
275702,P,2001-04-19,97778,7,0.74,6.93,,
275703,P,2001-11-26,58393,5,54.81,7.09,,
275704,P,2001-10-30,36554,4,22.78,4.83,,
275705,P,2002-05-20,33586,8,12.30,2.53,,
275706,P,2002-05-18,54211,6,27.87,6.19,,
275707,P,2000-12-13,74086,9,34.26,7.92,,
275708,P,2002-08-18,88342,5,55.34,5.54,,
275709,P,2000-08-19,57961,1,40.34,2.47,,
275710,P,2002-09-12,26552,4,86.84,7.99,,
275711,P,2002-09-20,99974,8,27.37,5.73,,
275712,P,2001-08-13,24306,2,63.73,8.39,,
275713,P,2001-04-03,86251,10,89.79,0.05,,
275714,P,2002-04-25,44395,3,26.77,6.64,,
275715,P,2000-08-14,87955,1,71.42,7.67,,
275716,P,2000-05-10,51720,9,36.03,2.72,,
275717,P,2002-05-05,32073,7,43.02,7.30,,
275718,P,2001-11-12,45501,10,94.52,7.54,,
275719,P,2000-12-24,25862,5,11.67,4.82,,
275720,P,2002-02-25,51257,2,34.96,2.48,,
275721,P,2001-02-27,98381,10,28.21,8.83,,
275722,P,2001-08-06,7964,10,59.38,2.82,,
275723,P,2000-10-17,96932,9,96.33,5.53,,
275724,P,2000-11-18,5171,1,61.25,2.52,,
275725,P,2001-03-11,76276,3,66.29,2.58,,
275726,P,2001-02-17,16071,2,29.34,2.45,,
275727,P,2002-06-06,97471,2,93.36,9.34,,
275728,P,2001-08-13,95462,6,11.62,7.13,,
275729,P,2000-12-31,70552,5,77.93,7.89,,
275730,P,2000-04-13,83753,8,93.75,2.28,,
275731,P,2002-01-21,67962,3,1.37,0.30,,
275732,P,2001-05-11,37014,5,61.31,3.89,,
275733,P,2001-04-23,8178,4,80.90,8.47,,
275734,P,2000-08-03,8685,2,65.22,7.72,,
275735,P,2002-08-07,35522,10,83.49,7.35,,
275736,P,2002-08-25,56312,6,69.18,8.77,,
275737,P,2001-11-20,67498,9,37.16,4.73,,
275738,P,2000-09-23,64107,7,85.85,6.46,,
275739,P,2001-08-24,64906,8,78.95,7.39,,
275740,P,2002-08-01,13326,6,56.12,9.83,,
275741,P,2002-04-10,62834,5,11.02,5.50,,
275742,P,2002-05-23,74335,8,95.53,7.87,,
275743,P,2000-06-14,19891,7,60.44,1.34,,
275744,P,2001-11-12,51399,6,31.21,6.60,,
275745,P,2001-03-24,47760,9,4.55,6.32,,
275746,P,2000-12-05,35198,6,95.47,5.41,,
275747,P,2000-09-22,90592,4,44.46,1.89,,
275748,P,2001-02-25,58133,2,76.62,2.49,,
275749,P,2000-01-22,85660,9,19.18,7.37,,
275750,P,2001-12-04,48057,10,52.70,7.65,,
275751,P,2002-02-11,10173,5,28.53,8.18,,
275752,P,2000-01-28,1170,5,15.03,4.95,,
275753,P,2001-02-25,71013,1,77.31,2.33,,
275754,P,2000-12-15,83061,2,44.15,1.96,,
275755,P,2000-05-26,49525,9,95.21,6.05,,
275756,P,2000-10-03,75523,9,98.03,0.05,,
275757,P,2001-09-27,394,10,37.81,5.37,,
275758,P,2000-11-29,52804,2,79.76,6.48,,
275759,P,2000-01-30,37083,9,21.04,5.25,,
275760,P,2002-01-04,16818,1,2.83,5.54,,
275761,P,2002-01-23,31354,4,67.64,3.56,,
275762,P,2000-01-08,50060,7,95.70,1.08,,
275763,P,2001-04-12,2537,8,91.66,4.67,,
275764,P,2000-06-25,84876,4,48.20,7.98,,
275765,P,2002-05-12,12646,1,74.62,4.35,,
275766,P,2001-04-19,55120,2,15.43,2.00,,
275767,P,2001-08-24,8467,9,1.30,2.17,,
275768,P,2001-12-30,86443,1,67.09,6.77,,
275769,P,2001-03-16,28229,1,22.16,8.94,,
275770,P,2000-03-16,70328,2,37.50,7.34,,
275771,P,2001-01-17,53166,1,84.16,8.93,,
275772,P,2002-02-17,97306,8,26.53,7.09,,
275773,P,2000-02-13,95167,5,73.36,3.23,,
275774,P,2000-05-26,85722,1,54.41,7.70,,
275775,P,2001-03-07,73071,1,91.20,1.57,,
275776,P,2000-12-23,47434,5,88.26,9.89,,
275777,P,2001-03-04,5123,9,98.00,1.70,,
275778,P,2001-09-26,87451,2,32.68,0.65,,
275779,P,2000-08-21,80335,8,5.82,5.36,,
275780,P,2001-05-07,97310,4,93.03,6.35,,
275781,P,2001-04-15,30199,3,37.78,8.49,,
275782,P,2001-06-19,83399,8,91.02,5.17,,
275783,P,2002-03-19,53371,5,24.33,0.64,,
275784,P,2000-11-01,58154,9,54.47,1.75,,
275785,P,2002-01-29,28088,9,62.40,4.41,,
275786,P,2001-04-21,41348,8,53.03,3.24,,
275787,P,2000-09-13,61951,3,99.99,2.51,,
275788,P,2001-07-01,94680,3,58.91,8.67,,
275789,P,2001-12-23,65371,6,14.08,9.60,,
275790,P,2001-01-16,48333,9,84.56,7.90,,
275791,P,2002-02-19,60539,10,34.09,7.18,,
275792,P,2000-12-10,3670,6,72.07,7.25,,
275793,P,2000-07-24,4326,6,58.66,0.77,,
275794,P,2000-10-26,42637,6,42.56,4.76,,
275795,P,2000-02-26,18011,4,83.87,9.70,,
275796,P,2002-03-23,61877,9,70.14,1.79,,
275797,P,2001-05-11,31796,2,78.91,2.57,,
275798,P,2002-08-24,2828,3,85.10,8.73,,
275799,P,2000-02-28,63657,4,32.42,6.04,,
275800,P,2000-12-23,42392,8,89.82,9.23,,
275801,P,2001-09-15,89185,8,97.53,8.04,,
275802,P,2001-04-24,30196,1,18.04,2.79,,
275803,P,2001-02-23,29857,6,77.72,5.44,,
275804,P,2001-01-12,73971,7,33.57,2.34,,
275805,P,2001-08-01,1411,1,65.58,4.26,,
275806,P,2001-05-13,28542,5,76.27,0.28,,
275807,P,2002-02-23,43195,10,12.07,1.36,,
275808,P,2002-04-02,63406,9,79.02,6.31,,
275809,P,2000-04-07,53298,4,51.85,2.89,,
275810,P,2000-12-07,39841,5,68.05,3.40,,
275811,P,2001-03-30,12464,4,18.38,7.30,,
275812,P,2001-09-03,68082,1,97.25,2.82,,
275813,P,2001-05-09,19284,10,91.10,1.69,,
275814,P,2000-08-15,34979,4,62.94,2.61,,
275815,P,2001-03-04,80566,5,65.30,2.20,,
275816,P,2001-04-20,96900,4,0.07,4.78,,
275817,P,2002-05-13,85785,9,56.19,4.92,,
275818,P,2001-11-07,49835,10,11.15,8.60,,
275819,P,2001-08-13,95591,9,40.71,4.72,,
275820,P,2001-10-12,61618,2,46.66,6.86,,
275821,P,2001-01-20,75565,7,55.33,8.15,,
275822,P,2000-01-03,88061,5,85.82,2.12,,
275823,P,2002-01-01,13263,2,98.65,5.89,,
275824,P,2000-10-14,93353,8,58.36,9.04,,
275825,P,2000-02-15,19123,5,59.37,8.80,,
275826,P,2001-11-24,77695,4,9.38,0.48,,
275827,P,2002-03-04,5164,4,6.85,4.09,,
275828,P,2000-10-11,43560,10,45.93,9.21,,
275829,P,2001-01-02,9812,1,25.08,2.42,,
275830,P,2002-04-29,95904,9,29.09,7.80,,
275831,P,2001-08-23,69009,1,91.04,6.16,,
275832,P,2002-06-24,4280,8,58.36,1.65,,
275833,P,2002-04-05,69124,4,23.83,6.62,,
275834,P,2000-09-14,87497,4,51.12,1.27,,
275835,P,2000-11-01,38951,6,46.00,2.22,,
275836,P,2001-06-20,62730,7,20.17,7.56,,
275837,P,2001-05-13,5235,1,55.64,1.04,,
275838,P,2002-01-02,68290,5,38.85,1.28,,
275839,P,2002-09-22,43400,10,41.48,4.08,,
275840,P,2002-06-06,29326,7,99.50,6.67,,
275841,P,2000-11-26,42940,8,67.32,5.67,,
275842,P,2000-09-24,84518,3,18.68,4.37,,
275843,P,2001-10-01,73208,9,40.39,6.74,,
275844,P,2000-02-24,98535,1,77.53,4.80,,
275845,P,2000-05-04,68582,5,22.33,7.02,,
275846,P,2002-01-06,41596,8,2.00,8.11,,
275847,P,2002-09-19,86779,4,91.85,3.46,,
275848,P,2001-09-09,66233,10,59.44,4.31,,
275849,P,2000-08-23,79869,4,72.70,9.70,,
275850,P,2000-06-16,18555,8,57.54,4.73,,
275851,P,2002-08-27,29200,6,59.99,3.82,,
275852,P,2000-06-06,4547,2,63.80,3.57,,
275853,P,2002-04-27,24812,7,92.95,1.73,,
275854,P,2001-04-12,54970,8,23.89,5.66,,
275855,P,2000-05-29,73212,10,0.25,7.96,,
275856,P,2000-10-09,85136,6,22.83,0.59,,
275857,P,2000-03-19,40203,7,17.95,7.80,,
275858,P,2000-09-07,58944,4,61.91,0.48,,
275859,P,2001-06-14,79466,2,21.60,8.38,,
275860,P,2000-11-22,46989,4,82.11,7.58,,
275861,P,2001-12-15,15649,10,53.15,5.13,,
275862,P,2000-01-21,11937,2,5.16,6.95,,
275863,P,2001-06-01,95355,3,9.01,2.88,,
275864,P,2000-04-20,1151,3,91.98,2.22,,
275865,P,2002-01-17,35324,5,5.89,3.74,,
275866,P,2001-11-11,56689,2,83.66,1.92,,
275867,P,2001-10-03,76808,9,63.61,7.00,,
275868,P,2000-06-07,50483,8,92.99,0.26,,
275869,P,2001-02-03,275,10,99.97,2.14,,
275870,P,2001-02-09,16548,7,61.34,4.92,,
275871,P,2001-08-15,80786,2,72.48,3.79,,
275872,P,2001-08-29,14887,6,16.10,5.94,,
275873,P,2001-03-19,35009,10,50.60,9.80,,
275874,P,2000-12-04,60590,6,3.03,6.52,,
275875,P,2001-09-07,34865,10,86.94,7.59,,
275876,P,2000-04-27,99202,7,19.16,8.28,,
275877,P,2000-01-26,39454,1,94.94,5.36,,
275878,P,2000-07-02,60581,6,76.41,6.25,,
275879,P,2001-11-19,99267,10,21.42,8.31,,
275880,P,2000-12-27,22040,10,29.91,3.25,,
275881,P,2000-05-03,9188,9,91.94,3.67,,
275882,P,2002-04-20,2066,7,14.34,4.41,,
275883,P,2001-01-30,85609,8,34.56,9.33,,
275884,P,2000-12-02,81292,2,46.97,6.64,,
275885,P,2001-09-24,54543,10,93.09,0.13,,
275886,P,2001-08-25,25795,2,92.22,0.03,,
275887,P,2002-04-11,16205,3,83.41,8.53,,
275888,P,2001-11-20,93216,4,0.42,8.34,,
275889,P,2001-12-09,27259,7,45.92,2.21,,
275890,P,2001-03-11,38620,3,92.80,3.24,,
275891,P,2002-06-09,96607,10,45.89,7.53,,
275892,P,2001-02-07,23268,9,10.26,0.80,,
275893,P,2001-06-25,94046,10,80.59,6.98,,
275894,P,2001-11-29,24094,7,51.40,1.42,,
275895,P,2001-01-11,68536,6,64.36,3.75,,
275896,P,2000-05-23,57973,1,40.08,8.03,,
275897,P,2002-07-15,9960,5,62.03,5.27,,
275898,P,2001-09-21,39516,6,64.80,6.49,,
275899,P,2001-03-25,64320,2,77.07,5.24,,
275900,P,2000-03-18,33029,5,33.83,3.12,,
275901,P,2001-01-19,72431,9,39.76,1.25,,
275902,P,2001-07-24,93587,8,40.10,6.13,,
275903,P,2000-02-05,91616,1,52.41,7.57,,
275904,P,2000-08-30,3970,3,38.41,8.29,,
275905,P,2001-04-29,6023,6,66.84,5.84,,
275906,P,2002-06-01,68544,5,6.32,8.21,,
275907,P,2000-04-03,42130,1,77.24,4.50,,
275908,P,2002-08-18,17113,8,35.60,4.96,,
275909,P,2001-06-04,74195,2,49.30,6.54,,
275910,P,2001-05-12,89588,10,14.13,1.85,,
275911,P,2001-05-18,12707,3,5.47,3.42,,
275912,P,2000-11-11,22266,9,54.53,1.88,,
275913,P,2000-04-25,24594,2,3.90,8.77,,
275914,P,2002-03-21,84516,1,9.64,9.80,,
275915,P,2002-08-08,65849,8,32.75,0.80,,
275916,P,2001-12-02,51141,6,33.25,2.40,,
275917,P,2000-10-20,43360,6,53.30,6.68,,
275918,P,2001-12-20,27508,10,29.57,4.18,,
275919,P,2001-03-16,66050,7,34.20,8.68,,
275920,P,2000-09-28,81401,10,91.98,2.18,,
275921,P,2000-07-28,59209,2,48.73,3.13,,
275922,P,2000-11-21,4455,7,20.62,6.61,,
275923,P,2002-05-19,43847,2,39.65,9.45,,
275924,P,2000-04-25,98811,3,37.64,1.38,,
275925,P,2000-01-20,98928,10,89.21,6.42,,
275926,P,2001-09-13,43301,6,35.69,7.03,,
275927,P,2002-07-15,67103,1,94.32,8.73,,
275928,P,2001-07-26,36564,3,95.08,2.90,,
275929,P,2000-11-24,6539,3,1.76,9.93,,
275930,P,2002-03-12,23019,2,89.01,8.65,,
275931,P,2002-08-23,71340,1,19.34,2.39,,
275932,P,2000-01-10,82765,7,38.70,9.70,,
275933,P,2000-12-16,35974,4,16.93,1.94,,
275934,P,2000-07-04,61055,4,53.85,9.92,,
275935,P,2001-11-24,28787,9,5.27,0.14,,
275936,P,2002-06-07,77938,7,63.46,3.10,,
275937,P,2002-09-26,16518,1,36.83,7.84,,
275938,P,2000-08-01,12554,7,5.83,4.03,,
275939,P,2001-10-23,31222,3,49.38,9.75,,
275940,P,2000-07-08,29274,10,36.19,2.36,,
275941,P,2002-08-04,73506,5,13.97,8.38,,
275942,P,2001-10-30,47740,2,26.74,0.07,,
275943,P,2002-02-21,45616,5,82.78,6.45,,
275944,P,2002-06-08,53323,3,57.03,5.38,,
275945,P,2001-09-10,44360,1,46.88,6.47,,
275946,P,2001-01-01,64726,10,89.43,9.10,,
275947,P,2000-08-24,70265,6,40.34,4.51,,
275948,P,2000-12-07,37721,9,64.11,5.24,,
275949,P,2002-09-09,80043,7,92.40,5.23,,
275950,P,2001-06-26,4244,4,69.49,9.09,,
275951,P,2001-08-13,26063,7,26.59,8.80,,
275952,P,2001-07-23,29185,10,71.68,5.31,,
275953,P,2001-10-19,59602,8,8.63,7.29,,
275954,P,2002-03-22,15454,7,36.71,9.52,,
275955,P,2000-05-12,15231,1,83.40,3.99,,
275956,P,2002-01-05,77364,4,96.84,2.48,,
275957,P,2002-09-05,73788,1,89.92,6.66,,
275958,P,2000-04-05,14640,9,15.75,4.49,,
275959,P,2000-02-20,14944,4,89.90,5.58,,
275960,P,2002-08-15,79608,3,49.33,4.69,,
275961,P,2000-08-28,43656,5,56.34,6.35,,
275962,P,2002-01-11,51433,8,62.04,0.34,,
275963,P,2002-05-08,46815,4,16.00,3.16,,
275964,P,2001-12-24,84095,8,59.51,4.25,,
275965,P,2000-09-10,85789,8,45.17,7.46,,
275966,P,2000-05-31,28975,4,28.52,3.41,,
275967,P,2000-04-09,63145,8,23.09,9.29,,
275968,P,2002-06-24,15416,1,71.59,9.47,,
275969,P,2000-05-25,74319,3,53.08,5.61,,
275970,P,2000-10-28,1485,5,13.74,1.15,,
275971,P,2001-08-20,59164,1,44.66,9.84,,
275972,P,2000-06-02,15604,3,96.26,6.76,,
275973,P,2002-02-15,65886,8,27.59,9.69,,
275974,P,2000-03-11,99276,2,39.16,2.08,,
275975,P,2001-06-14,53421,2,41.71,0.07,,
275976,P,2000-02-08,66557,1,84.48,2.50,,
275977,P,2002-06-22,27996,5,36.12,7.40,,
275978,P,2000-10-01,11199,4,5.31,0.74,,
275979,P,2002-01-10,57330,7,42.86,8.42,,
275980,P,2002-05-29,44643,7,40.92,1.38,,
275981,P,2001-06-23,63593,2,73.98,7.68,,
275982,P,2001-06-17,29009,8,35.07,3.78,,
275983,P,2001-09-08,62253,7,80.27,8.44,,
275984,P,2000-01-22,39190,4,12.36,0.42,,
275985,P,2001-01-01,26115,2,1.33,1.67,,
275986,P,2002-02-27,7411,10,37.06,7.58,,
275987,P,2001-06-07,36103,4,38.56,8.82,,
275988,P,2002-03-20,76781,5,78.02,7.95,,
275989,P,2001-03-23,16964,10,74.08,5.12,,
275990,P,2002-07-15,64656,4,71.12,8.95,,
275991,P,2001-08-03,36846,10,54.28,3.79,,
275992,P,2000-01-05,34692,6,17.56,3.71,,
275993,P,2001-05-21,50289,1,45.71,2.45,,
275994,P,2000-06-12,39574,8,41.10,8.93,,
275995,P,2001-09-10,99834,5,98.66,2.35,,
275996,P,2000-09-07,26959,5,45.70,2.40,,
275997,P,2002-05-29,93331,5,42.31,1.86,,
275998,P,2001-01-02,70654,7,41.96,1.46,,
275999,P,2002-07-19,94184,3,50.89,9.48,,
276000,P,2002-07-27,99650,1,31.63,6.78,,
276001,P,2001-12-08,88283,7,0.44,2.12,,
276002,P,2001-06-23,7464,1,84.73,7.49,,
276003,P,2000-12-05,61953,7,91.67,8.23,,
276004,P,2000-09-16,62138,3,2.45,2.39,,
276005,P,2001-02-18,84519,2,36.90,7.13,,
276006,P,2001-03-25,81345,9,22.10,4.88,,
276007,P,2001-11-04,62530,6,65.40,3.45,,
276008,P,2001-03-26,63930,8,29.95,8.35,,
276009,P,2000-08-22,11262,6,66.92,5.18,,
276010,P,2002-03-09,18703,1,22.75,0.75,,
276011,P,2001-07-22,79962,1,30.50,6.21,,
276012,P,2000-04-19,74738,6,7.73,2.44,,
276013,P,2001-06-18,26565,7,32.75,4.24,,
276014,P,2002-05-14,92757,4,58.28,0.51,,
276015,P,2002-01-12,95378,7,16.03,2.07,,
276016,P,2001-10-05,93558,7,63.94,5.02,,
276017,P,2000-01-27,33524,4,37.27,8.13,,
276018,P,2000-12-28,23008,8,13.94,8.48,,
276019,P,2002-05-02,58662,7,39.35,0.82,,
276020,P,2002-02-04,34907,4,11.97,9.42,,
276021,P,2001-05-13,60777,4,18.32,4.79,,
276022,P,2000-03-12,71523,10,95.81,4.12,,
276023,P,2002-03-15,72664,3,54.26,4.65,,
276024,P,2001-12-08,69861,9,3.69,9.48,,
276025,P,2002-01-28,93344,4,16.58,0.17,,
276026,P,2002-05-06,50125,2,19.66,0.49,,
276027,P,2000-07-16,6927,8,42.36,5.53,,
276028,P,2002-06-08,69164,3,41.20,7.68,,
276029,P,2002-07-04,14685,2,19.59,4.26,,
276030,P,2001-03-18,74151,7,8.27,1.86,,
276031,P,2001-05-13,6119,6,97.73,2.08,,
276032,P,2000-06-16,98655,8,90.25,1.11,,
276033,P,2002-07-30,96950,4,55.33,6.79,,
276034,P,2001-04-16,37994,5,80.54,6.09,,
276035,P,2000-11-26,20197,5,14.97,1.64,,
276036,P,2001-08-25,39998,7,37.55,3.90,,
276037,P,2000-09-07,1955,9,70.79,3.49,,
276038,P,2000-02-28,10207,10,84.41,7.80,,
276039,P,2000-01-15,9075,3,10.72,4.61,,
276040,P,2001-08-04,84704,6,42.96,7.09,,
276041,P,2001-12-19,56180,9,47.50,3.11,,
276042,P,2000-11-04,47518,9,11.22,5.19,,
276043,P,2000-04-19,67601,5,28.72,0.88,,
276044,P,2001-08-01,49225,2,28.48,1.21,,
276045,P,2002-07-08,86540,6,51.68,0.28,,
276046,P,2001-11-03,80130,6,23.63,7.10,,
276047,P,2002-05-24,19298,6,17.01,1.82,,
276048,P,2001-12-13,69895,7,55.68,0.36,,
276049,P,2001-10-29,62013,3,70.04,9.52,,
276050,P,2001-04-02,70100,7,35.95,9.52,,
276051,P,2002-01-25,19509,8,59.28,8.51,,
276052,P,2000-03-14,54770,9,18.46,7.22,,
276053,P,2002-03-12,75210,1,35.64,2.29,,
276054,P,2002-09-24,56002,3,14.83,6.73,,
276055,P,2001-07-25,37932,7,78.68,0.61,,
276056,P,2002-03-16,12712,7,91.58,9.88,,
276057,P,2001-12-09,1704,10,42.63,2.99,,
276058,P,2000-10-06,20702,9,65.66,7.28,,
276059,P,2002-08-29,77510,6,4.77,9.93,,
276060,P,2001-10-20,4237,7,15.54,9.00,,
276061,P,2000-01-10,33610,4,30.16,9.27,,
276062,P,2000-12-26,13867,4,27.93,0.52,,
276063,P,2002-01-07,41493,9,42.00,8.40,,
276064,P,2001-06-06,88912,10,63.56,1.81,,
276065,P,2001-11-24,46512,8,60.13,5.60,,
276066,P,2000-05-11,37793,5,75.81,5.94,,
276067,P,2002-05-25,26751,4,42.98,3.49,,
276068,P,2002-07-18,15647,9,56.23,1.53,,
276069,P,2000-05-09,68866,2,7.26,4.46,,
276070,P,2002-08-07,38511,3,22.98,4.33,,
276071,P,2001-09-23,85379,3,11.31,6.01,,
276072,P,2000-05-09,11024,6,19.00,8.96,,
276073,P,2001-11-28,84671,4,50.96,3.89,,
276074,P,2001-11-21,67703,8,14.44,3.17,,
276075,P,2002-06-29,60648,8,0.52,8.49,,
276076,P,2002-03-03,24615,3,45.18,9.29,,
276077,P,2002-03-12,49061,10,42.85,2.08,,
276078,P,2001-09-29,1564,9,13.91,0.73,,
276079,P,2000-01-17,57060,8,42.87,5.77,,
276080,P,2002-09-24,87078,5,21.18,8.16,,
276081,P,2001-03-25,71097,6,20.45,5.99,,
276082,P,2001-09-23,81257,8,22.61,7.34,,
276083,P,2002-09-06,34390,2,3.06,2.08,,
276084,P,2000-02-23,66731,9,3.52,9.40,,
276085,P,2002-06-09,76155,5,96.16,6.65,,
276086,P,2002-01-15,50919,7,79.21,5.78,,
276087,P,2000-05-20,83909,5,17.15,7.32,,
276088,P,2002-01-12,10540,1,57.74,1.45,,
276089,P,2000-09-07,88146,3,31.94,4.26,,
276090,P,2000-08-17,40196,2,15.68,1.28,,
276091,P,2000-05-14,14800,10,33.16,4.34,,
276092,P,2002-06-11,63528,3,84.19,5.50,,
276093,P,2001-08-06,6752,3,88.66,5.05,,
276094,P,2000-06-03,45204,5,47.98,3.57,,
276095,P,2002-06-03,28796,3,25.94,3.03,,
276096,P,2002-07-07,29869,1,57.63,5.84,,
276097,P,2000-08-09,31721,9,58.48,7.93,,
276098,P,2000-08-04,37950,6,47.15,2.66,,
276099,P,2002-04-30,6419,5,51.72,4.96,,
276100,P,2000-05-17,71402,10,87.67,6.72,,
276101,P,2002-04-02,65252,1,65.29,5.99,,
276102,P,2000-04-19,34218,8,22.58,4.66,,
276103,P,2000-07-30,50630,6,11.50,2.44,,
276104,P,2002-03-24,66357,6,43.38,3.17,,
276105,P,2000-04-06,73553,1,89.73,2.84,,
276106,P,2000-10-15,81342,9,24.27,2.94,,
276107,P,2000-08-25,48365,2,42.56,8.43,,
276108,P,2001-10-21,63534,1,2.56,7.75,,
276109,P,2002-03-04,2842,4,25.35,9.92,,
276110,P,2001-11-06,4484,3,16.99,6.04,,
276111,P,2001-06-13,66884,6,63.39,9.20,,
276112,P,2002-04-01,14786,7,1.83,1.39,,
276113,P,2000-06-18,66440,1,42.89,9.18,,
276114,P,2002-07-01,6205,6,56.46,3.24,,
276115,P,2000-12-15,37570,3,84.44,8.93,,
276116,P,2001-07-17,57295,9,79.39,4.10,,
276117,P,2002-05-18,63975,1,98.50,2.80,,
276118,P,2002-06-12,14922,4,15.63,4.31,,
276119,P,2000-11-02,96547,4,71.78,9.79,,
276120,P,2000-06-22,45397,6,51.24,3.76,,
276121,P,2002-07-07,62682,6,41.21,4.75,,
276122,P,2001-01-04,44940,10,98.09,0.87,,
276123,P,2002-07-02,89920,5,76.24,9.57,,
276124,P,2001-06-21,59770,9,39.57,5.37,,
276125,P,2002-08-20,25762,1,92.87,2.34,,
276126,P,2002-04-01,21467,10,98.59,5.92,,
276127,P,2001-03-17,58151,7,53.23,9.81,,
276128,P,2000-12-06,76124,2,22.08,8.05,,
276129,P,2000-10-21,35793,2,21.05,9.16,,
276130,P,2001-08-01,47961,6,11.62,2.21,,
276131,P,2000-08-24,91311,3,94.47,2.96,,
276132,P,2000-10-18,98601,1,19.86,8.33,,
276133,P,2001-04-07,57831,8,67.14,3.70,,
276134,P,2001-10-23,15688,9,53.32,8.07,,
276135,P,2001-07-01,21539,1,63.06,9.62,,
276136,P,2002-04-28,25425,8,91.07,6.20,,
276137,P,2001-11-29,66892,3,34.40,9.08,,
276138,P,2000-11-24,90372,10,24.94,5.35,,
276139,P,2001-08-17,56451,2,67.51,6.35,,
276140,P,2000-10-09,10812,7,63.22,8.34,,
276141,P,2000-01-02,13470,7,77.17,6.25,,
276142,P,2000-03-23,91898,5,70.72,3.37,,
276143,P,2000-03-24,53085,3,56.44,6.95,,
276144,P,2000-01-23,71006,8,45.60,3.90,,
276145,P,2002-06-18,59035,6,98.60,2.77,,
276146,P,2002-06-22,51111,7,42.57,1.11,,
276147,P,2002-05-23,28138,9,83.83,7.06,,
276148,P,2002-03-13,62822,2,84.86,4.61,,
276149,P,2000-03-22,41041,4,95.50,0.00,,
276150,P,2000-03-01,63610,4,4.84,9.72,,
276151,P,2001-06-26,27246,6,99.82,1.36,,
276152,P,2000-07-17,3196,3,74.43,0.19,,
276153,P,2000-06-30,31626,4,17.47,2.99,,
276154,P,2002-03-21,7077,1,42.80,8.11,,
276155,P,2002-09-12,43936,8,5.82,1.42,,
276156,P,2001-12-28,98806,5,60.24,7.86,,
276157,P,2001-07-01,65789,4,53.19,1.86,,
276158,P,2000-09-06,41484,1,89.00,7.34,,
276159,P,2001-04-26,68090,2,88.47,4.74,,
276160,P,2000-04-22,11303,9,92.36,8.95,,
276161,P,2000-02-01,23300,8,78.89,8.96,,
276162,P,2000-04-28,62897,5,40.22,9.39,,
276163,P,2000-04-17,13683,1,46.19,8.78,,
276164,P,2000-12-06,97240,3,64.70,4.27,,
276165,P,2000-02-19,88836,6,3.97,0.62,,
276166,P,2001-09-18,33958,4,92.83,6.18,,
276167,P,2001-11-04,99709,5,23.15,0.09,,
276168,P,2000-06-06,20601,8,85.12,8.31,,
276169,P,2000-04-01,52239,4,30.93,1.74,,
276170,P,2001-03-08,67026,9,38.49,1.75,,
276171,P,2000-10-02,38083,9,35.28,3.08,,
276172,P,2001-04-04,54527,5,99.00,6.41,,
276173,P,2000-05-12,38333,9,63.92,8.30,,
276174,P,2000-06-02,44423,7,78.08,9.35,,
276175,P,2002-06-28,271,8,55.00,6.41,,
276176,P,2001-11-16,61478,8,6.21,7.86,,
276177,P,2000-07-20,60110,8,49.17,2.25,,
276178,P,2001-08-08,41307,6,1.01,7.13,,
276179,P,2000-10-28,66149,5,12.06,6.41,,
276180,P,2001-08-25,35043,9,59.70,8.92,,
276181,P,2001-08-28,55123,10,48.26,2.21,,
276182,P,2002-08-27,65205,6,95.17,9.64,,
276183,P,2002-06-11,69362,1,27.88,5.27,,
276184,P,2000-03-26,79110,2,24.39,6.37,,
276185,P,2002-08-18,72274,9,39.79,5.72,,
276186,P,2000-05-02,87505,2,11.93,0.48,,
276187,P,2001-04-22,1975,9,38.28,5.81,,
276188,P,2000-11-28,64730,4,37.96,4.63,,
276189,P,2001-11-13,45843,9,64.13,3.38,,
276190,P,2002-05-15,57723,7,81.83,8.81,,
276191,P,2002-05-19,25388,1,32.78,4.11,,
276192,P,2000-06-07,60334,4,77.03,2.43,,
276193,P,2000-05-06,70467,6,25.98,7.63,,
276194,P,2000-08-27,63049,3,32.89,7.72,,
276195,P,2000-12-31,6987,7,38.28,6.34,,
276196,P,2002-05-14,56328,1,93.78,1.05,,
276197,P,2002-03-03,14992,8,88.14,7.66,,
276198,P,2001-06-03,75881,5,32.05,4.97,,
276199,P,2000-04-22,32942,5,1.60,9.71,,
276200,P,2000-10-19,10046,10,85.00,8.63,,
276201,P,2000-08-05,13002,5,73.59,9.70,,
276202,P,2001-03-14,65658,9,39.39,0.39,,
276203,P,2001-09-28,82788,1,34.53,5.36,,
276204,P,2002-02-23,7070,9,40.81,6.91,,
276205,P,2002-08-21,70805,1,68.83,8.28,,
276206,P,2000-01-28,16297,9,0.44,6.48,,
276207,P,2001-05-09,5677,6,22.77,7.76,,
276208,P,2001-09-28,54268,7,59.75,8.13,,
276209,P,2002-09-17,79337,7,23.10,5.32,,
276210,P,2001-12-05,43236,10,51.32,9.82,,
276211,P,2002-07-02,79330,8,83.18,0.28,,
276212,P,2001-01-02,77578,10,86.78,9.69,,
276213,P,2001-12-18,53677,5,7.67,1.69,,
276214,P,2001-01-28,92247,6,68.52,4.25,,
276215,P,2002-08-21,94531,9,85.87,9.29,,
276216,P,2000-06-10,74222,6,80.85,6.12,,
276217,P,2000-02-24,64431,9,91.32,4.32,,
276218,P,2000-12-12,88925,9,67.72,7.41,,
276219,P,2002-04-03,50722,10,48.68,1.65,,
276220,P,2002-07-18,34403,3,20.13,2.33,,
276221,P,2001-06-17,77488,7,48.74,7.99,,
276222,P,2001-06-22,49321,5,42.26,0.93,,
276223,P,2001-10-04,78532,1,3.34,8.51,,
276224,P,2002-03-31,17071,7,61.33,1.45,,
276225,P,2001-03-12,79092,4,71.34,9.49,,
276226,P,2002-03-10,39245,5,6.42,8.65,,
276227,P,2002-03-02,36246,3,59.35,5.24,,
276228,P,2001-08-17,79874,9,39.05,6.28,,
276229,P,2000-08-09,12141,3,58.90,8.65,,
276230,P,2001-01-01,43998,3,6.72,3.19,,
276231,P,2001-08-05,38319,2,48.07,7.86,,
276232,P,2002-09-05,27951,9,99.84,8.36,,
276233,P,2000-08-03,77182,8,20.44,9.55,,
276234,P,2001-08-08,42396,7,55.37,9.41,,
276235,P,2002-07-09,7988,8,40.46,3.66,,
276236,P,2001-07-26,59282,8,30.65,5.12,,
276237,P,2000-02-10,31230,3,23.88,8.83,,
276238,P,2002-08-01,95914,5,31.77,3.70,,
276239,P,2002-05-28,1582,3,22.92,0.03,,
276240,P,2001-12-19,92472,7,9.55,8.57,,
276241,P,2002-06-08,91001,10,81.26,5.26,,
276242,P,2001-06-09,63024,8,39.89,4.95,,
276243,P,2000-08-24,95175,4,5.36,3.63,,
276244,P,2002-05-15,55663,6,26.27,5.80,,
276245,P,2001-10-02,45883,3,54.30,1.91,,
276246,P,2002-01-25,32631,4,71.52,7.92,,
276247,P,2002-06-17,85585,2,21.19,3.47,,
276248,P,2001-03-13,8332,3,31.89,5.16,,
276249,P,2001-10-26,57489,2,18.91,8.24,,
276250,P,2001-11-18,78053,2,7.62,9.32,,
276251,P,2000-05-15,75875,6,17.40,1.94,,
276252,P,2001-10-01,97602,5,49.89,1.90,,
276253,P,2000-02-09,55139,9,15.23,4.62,,
276254,P,2001-11-12,68446,9,28.63,4.03,,
276255,P,2002-07-11,77600,9,92.21,2.08,,
276256,P,2000-03-12,92864,5,87.35,7.16,,
276257,P,2000-02-11,38901,4,84.55,9.60,,
276258,P,2001-05-20,79101,8,30.51,3.00,,
276259,P,2002-09-10,72202,5,95.57,6.21,,
276260,P,2001-01-23,60013,4,74.29,9.72,,
276261,P,2001-09-30,68142,2,70.54,0.40,,
276262,P,2001-07-18,75344,6,17.31,2.40,,
276263,P,2002-04-30,3114,10,24.51,3.91,,
276264,P,2001-03-15,192,5,43.74,6.27,,
276265,P,2000-11-28,32148,7,2.20,1.89,,
276266,P,2001-04-16,61170,4,93.03,8.90,,
276267,P,2001-06-29,96122,1,17.76,8.61,,
276268,P,2000-10-27,5870,10,44.71,3.04,,
276269,P,2000-08-27,41939,10,90.42,5.14,,
276270,P,2001-03-19,65134,6,20.37,7.36,,
276271,P,2000-04-06,27492,5,63.44,1.27,,
276272,P,2001-03-19,45589,1,89.50,6.60,,
276273,P,2002-09-11,4570,3,88.24,2.75,,
276274,P,2000-11-11,36154,7,60.07,6.83,,
276275,P,2001-04-17,24714,4,3.72,0.07,,
276276,P,2001-05-28,36313,9,24.57,8.38,,
276277,P,2000-03-21,38955,1,11.77,3.97,,
276278,P,2001-01-23,44544,1,77.35,5.04,,
276279,P,2000-02-24,57609,3,78.06,8.55,,
276280,P,2002-05-31,73897,2,91.62,4.41,,
276281,P,2000-11-29,20620,4,7.68,7.53,,
276282,P,2001-06-24,42019,1,41.52,6.62,,
276283,P,2001-11-30,44868,10,3.24,3.56,,
276284,P,2002-08-13,11092,9,32.69,9.09,,
276285,P,2000-08-28,24979,10,69.61,3.32,,
276286,P,2000-12-07,63999,6,3.12,9.19,,
276287,P,2000-11-23,83976,5,87.99,9.34,,
276288,P,2001-09-28,37825,3,86.39,7.27,,
276289,P,2000-11-30,96641,10,28.05,7.96,,
276290,P,2001-02-10,31533,8,5.83,9.24,,
276291,P,2000-11-09,85166,8,0.37,9.78,,
276292,P,2001-05-09,51535,1,78.54,6.77,,
276293,P,2000-08-11,16935,6,65.64,0.08,,
276294,P,2000-04-14,9366,5,64.60,1.41,,
276295,P,2000-06-09,6811,5,9.10,1.09,,
276296,P,2000-05-04,35051,1,76.88,5.30,,
276297,P,2001-02-25,866,1,71.25,9.23,,
276298,P,2001-06-10,27733,10,23.25,5.12,,
276299,P,2001-11-25,63850,6,34.89,2.81,,
276300,P,2001-06-01,76813,9,12.20,3.55,,
276301,P,2000-01-12,65550,2,91.20,8.22,,
276302,P,2001-10-01,95798,2,71.41,2.35,,
276303,P,2000-09-20,72899,8,37.19,3.08,,
276304,P,2001-04-15,77664,1,56.10,0.40,,
276305,P,2000-09-15,9103,7,31.13,5.54,,
276306,P,2002-03-14,76574,8,21.44,1.17,,
276307,P,2001-09-05,14799,4,33.74,9.05,,
276308,P,2002-05-29,24508,6,48.73,5.09,,
276309,P,2001-03-29,5760,6,32.48,6.30,,
276310,P,2000-06-25,68621,2,63.46,6.20,,
276311,P,2001-12-10,66974,8,98.84,9.33,,
276312,P,2000-08-03,69031,4,12.10,7.96,,
276313,P,2001-10-28,38027,6,46.95,1.79,,
276314,P,2002-05-09,8665,9,72.23,3.47,,
276315,P,2002-09-19,59916,5,5.54,3.96,,
276316,P,2001-08-25,50676,1,51.74,5.37,,
276317,P,2001-03-26,50691,5,19.09,2.97,,
276318,P,2002-04-06,29110,9,44.74,2.68,,
276319,P,2000-12-13,12993,6,36.95,2.47,,
276320,P,2000-07-16,13902,1,28.03,8.12,,
276321,P,2002-03-14,55968,3,51.03,8.74,,
276322,P,2002-05-12,63823,2,75.73,3.24,,
276323,P,2000-07-23,43048,10,61.45,3.28,,
276324,P,2002-08-28,29796,5,15.23,2.29,,
276325,P,2000-05-27,12233,1,8.94,6.55,,
276326,P,2000-11-12,91187,7,62.69,2.57,,
276327,P,2001-04-11,79597,3,6.72,0.84,,
276328,P,2002-06-22,91333,6,4.87,5.33,,
276329,P,2000-04-17,88651,2,52.24,3.57,,
276330,P,2002-04-16,19422,10,68.46,7.44,,
276331,P,2002-03-17,70114,7,46.82,9.19,,
276332,P,2001-01-23,11376,1,28.22,3.49,,
276333,P,2000-11-18,63045,6,82.85,7.56,,
276334,P,2001-01-07,33693,7,53.57,2.37,,
276335,P,2001-03-06,1220,2,50.70,2.53,,
276336,P,2000-12-30,66631,6,37.19,4.32,,
276337,P,2000-01-15,81820,2,61.06,5.27,,
276338,P,2002-06-01,17954,1,91.48,8.58,,
276339,P,2001-03-27,54253,4,81.91,1.42,,
276340,P,2000-05-08,38942,9,40.42,5.56,,
276341,P,2000-12-30,46324,7,76.02,7.50,,
276342,P,2000-10-24,73908,7,3.16,9.87,,
276343,P,2001-11-30,39341,6,12.50,9.31,,
276344,P,2001-01-10,57220,8,88.77,5.23,,
276345,P,2000-04-11,85048,1,17.14,6.29,,
276346,P,2000-07-09,78315,8,6.72,5.10,,
276347,P,2002-02-02,72570,1,98.45,0.48,,
276348,P,2002-02-12,18314,5,70.87,2.18,,
276349,P,2002-05-03,24670,3,43.64,8.85,,
276350,P,2002-06-24,81274,4,25.17,6.77,,
276351,P,2002-06-10,67946,4,16.99,0.34,,
276352,P,2000-04-15,56797,5,60.24,6.49,,
276353,P,2002-08-12,61936,8,13.61,1.79,,
276354,P,2001-06-17,33080,9,38.83,5.56,,
276355,P,2001-06-10,596,2,36.41,4.99,,
276356,P,2002-01-20,79955,3,23.57,1.92,,
276357,P,2000-03-29,31502,1,20.25,3.54,,
276358,P,2001-12-24,10530,10,87.05,4.94,,
276359,P,2001-06-16,84630,8,94.78,4.48,,
276360,P,2001-10-20,71321,3,46.08,2.57,,
276361,P,2001-12-23,25734,8,77.32,0.74,,
276362,P,2002-04-08,2596,5,41.84,5.82,,
276363,P,2002-09-01,81980,6,16.12,5.85,,
276364,P,2001-06-13,98644,2,48.21,3.73,,
276365,P,2002-02-08,18944,4,72.73,8.43,,
276366,P,2000-10-17,78372,8,67.18,0.62,,
276367,P,2000-12-03,93949,4,24.49,6.72,,
276368,P,2001-01-02,44804,10,75.60,0.67,,
276369,P,2002-01-07,69663,3,44.22,1.10,,
276370,P,2002-07-28,54506,6,8.76,0.08,,
276371,P,2000-02-27,32722,6,25.09,4.38,,
276372,P,2001-06-10,61688,5,40.77,8.86,,
276373,P,2001-01-05,79251,1,12.11,9.08,,
276374,P,2002-04-24,14081,10,97.54,5.18,,
276375,P,2000-09-05,46955,9,12.01,5.31,,
276376,P,2001-07-01,73378,10,89.33,3.56,,
276377,P,2000-12-06,9997,5,69.35,6.92,,
276378,P,2000-02-15,75841,10,79.39,1.70,,
276379,P,2000-03-19,10715,10,54.20,5.42,,
276380,P,2000-04-22,22811,9,17.62,3.23,,
276381,P,2002-09-24,91610,10,90.40,2.63,,
276382,P,2000-04-25,96790,10,7.86,0.28,,
276383,P,2001-01-25,91132,10,38.97,5.74,,
276384,P,2001-12-27,15668,9,76.76,2.94,,
276385,P,2001-02-22,49616,8,61.23,7.46,,
276386,P,2000-07-20,13725,10,87.13,0.41,,
276387,P,2000-08-13,7349,6,27.56,0.84,,
276388,P,2001-09-18,81082,6,76.24,5.46,,
276389,P,2002-04-15,2804,8,92.60,0.83,,
276390,P,2002-06-14,10277,4,28.20,3.91,,
276391,P,2002-08-02,32677,6,84.44,9.35,,
276392,P,2000-01-13,948,6,24.46,5.35,,
276393,P,2001-03-28,8799,5,76.21,5.50,,
276394,P,2001-02-04,98952,5,57.50,6.99,,
276395,P,2001-08-27,18670,7,3.00,6.47,,
276396,P,2001-03-12,97810,5,64.22,0.10,,
276397,P,2001-03-29,83668,6,81.60,8.99,,
276398,P,2000-03-24,93078,5,31.81,5.95,,
276399,P,2001-09-15,49157,2,79.69,5.83,,
276400,P,2000-09-23,9230,1,3.82,8.61,,
276401,P,2000-09-06,54354,5,28.29,7.52,,
276402,P,2002-05-06,4665,4,73.51,7.20,,
276403,P,2001-06-23,64473,5,31.01,0.50,,
276404,P,2001-05-04,7077,9,72.70,5.05,,
276405,P,2000-03-09,87448,3,96.69,9.85,,
276406,P,2001-03-23,34122,8,25.77,1.00,,
276407,P,2001-05-18,22570,5,44.05,6.34,,
276408,P,2001-08-25,86443,4,32.24,8.90,,
276409,P,2000-11-04,40902,9,53.26,0.19,,
276410,P,2000-05-11,11705,10,26.95,4.82,,
276411,P,2002-05-18,62801,2,95.42,2.94,,
276412,P,2001-02-13,96030,7,67.13,4.08,,
276413,P,2000-06-24,25128,9,85.07,5.33,,
276414,P,2001-05-02,13640,10,88.11,1.99,,
276415,P,2000-09-15,96664,8,91.88,6.96,,
276416,P,2000-05-02,69712,6,90.81,0.55,,
276417,P,2001-01-02,30337,6,25.54,2.09,,
276418,P,2002-09-12,78576,6,20.57,8.32,,
276419,P,2002-07-11,71734,2,49.64,6.57,,
276420,P,2001-07-08,82800,2,65.87,6.86,,
276421,P,2002-06-24,95444,4,67.38,4.91,,
276422,P,2000-04-02,92330,1,98.56,5.24,,
276423,P,2002-05-03,53599,8,62.02,3.50,,
276424,P,2002-09-26,99037,8,90.13,7.88,,
276425,P,2001-07-02,88887,3,47.29,5.67,,
276426,P,2000-11-03,49028,3,58.94,0.09,,
276427,P,2000-02-10,22550,3,59.40,0.28,,
276428,P,2000-05-18,23439,1,68.79,6.76,,
276429,P,2000-04-06,32745,5,50.50,4.77,,
276430,P,2001-08-30,41201,1,13.49,9.85,,
276431,P,2000-11-30,90683,6,9.17,8.18,,
276432,P,2002-02-17,81272,4,30.56,9.30,,
276433,P,2001-04-30,19817,1,58.37,6.35,,
276434,P,2000-12-01,82437,7,88.68,8.19,,
276435,P,2002-06-02,5212,3,59.69,8.36,,
276436,P,2002-06-23,89265,8,73.40,0.06,,
276437,P,2000-02-20,54574,4,87.64,8.27,,
276438,P,2001-09-18,54957,4,29.02,2.04,,
276439,P,2000-09-03,37566,6,49.19,8.54,,
276440,P,2002-05-21,67802,5,92.83,5.71,,
276441,P,2002-02-03,8864,8,61.10,0.55,,
276442,P,2001-12-01,54394,6,82.65,6.43,,
276443,P,2002-05-31,77133,6,56.34,8.61,,
276444,P,2002-09-23,15869,9,52.28,8.94,,
276445,P,2000-06-22,56499,7,6.94,6.71,,
276446,P,2002-03-08,70194,6,63.32,6.37,,
276447,P,2000-02-27,96030,1,3.99,5.63,,
276448,P,2001-03-24,84204,1,52.37,3.45,,
276449,P,2000-01-30,95079,2,54.78,9.18,,
276450,P,2001-12-23,5022,5,88.83,1.37,,
276451,P,2001-06-05,60775,1,15.85,0.85,,
276452,P,2001-07-23,84256,5,90.29,7.36,,
276453,P,2000-05-12,2155,1,31.14,1.49,,
276454,P,2002-05-09,68425,4,0.80,9.44,,
276455,P,2000-01-06,26033,7,55.33,5.19,,
276456,P,2002-03-15,20051,5,6.22,7.11,,
276457,P,2000-10-29,60379,4,91.82,1.16,,
276458,P,2000-08-18,5969,7,44.58,4.16,,
276459,P,2001-02-23,77750,9,88.71,7.95,,
276460,P,2000-04-10,84236,1,92.02,0.55,,
276461,P,2001-05-02,452,10,18.10,7.99,,
276462,P,2002-07-29,7301,9,53.13,3.07,,
276463,P,2002-01-16,71635,8,83.20,9.76,,
276464,P,2001-07-22,52183,2,23.02,4.57,,
276465,P,2002-06-22,12672,6,0.56,6.18,,
276466,P,2000-04-24,68450,5,5.39,8.86,,
276467,P,2002-05-02,59734,7,32.44,7.74,,
276468,P,2000-06-12,49748,7,28.29,7.91,,
276469,P,2002-09-04,50579,9,63.39,7.15,,
276470,P,2001-03-25,7357,8,62.47,1.43,,
276471,P,2001-03-31,33650,4,85.91,1.49,,
276472,P,2000-04-09,22923,9,63.29,9.82,,
276473,P,2000-07-14,38687,2,95.38,2.23,,
276474,P,2002-05-15,39962,5,77.45,7.81,,
276475,P,2000-09-21,73016,8,15.68,4.15,,
276476,P,2000-07-06,17023,8,72.81,9.51,,
276477,P,2001-07-11,95865,4,10.37,5.07,,
276478,P,2000-03-26,90079,5,6.16,0.63,,
276479,P,2001-06-14,81700,7,77.49,1.51,,
276480,P,2001-12-25,83823,3,32.08,6.28,,
276481,P,2001-03-14,21837,3,41.24,6.70,,
276482,P,2000-03-08,6313,3,55.66,7.48,,
276483,P,2000-05-20,91495,9,9.94,7.02,,
276484,P,2001-11-08,25232,6,30.16,2.84,,
276485,P,2002-09-27,94037,1,18.52,0.20,,
276486,P,2001-09-24,91560,5,50.90,6.20,,
276487,P,2002-04-29,74060,7,12.78,5.58,,
276488,P,2001-05-19,3282,1,30.60,7.65,,
276489,P,2000-01-05,66096,10,59.77,6.76,,
276490,P,2002-07-03,26620,4,46.65,5.32,,
276491,P,2000-12-18,4844,7,86.26,4.63,,
276492,P,2002-06-14,47142,7,13.14,0.08,,
276493,P,2001-10-23,88276,9,42.59,6.93,,
276494,P,2000-10-15,22223,6,34.80,2.89,,
276495,P,2001-03-06,45289,5,56.45,7.38,,
276496,P,2002-05-22,33908,5,37.71,2.61,,
276497,P,2000-12-23,97718,4,4.34,4.70,,
276498,P,2000-11-28,97419,7,60.56,4.08,,
276499,P,2001-01-01,87992,7,16.19,4.71,,
276500,P,2000-12-02,49044,5,65.67,4.18,,
276501,P,2001-12-18,47713,4,45.88,5.59,,
276502,P,2002-08-07,72295,7,32.25,2.22,,
276503,P,2000-03-08,16652,10,74.30,3.65,,
276504,P,2002-01-04,46694,7,26.92,4.25,,
276505,P,2002-02-27,64041,7,31.07,5.27,,
276506,P,2002-03-16,23339,8,66.12,4.47,,
276507,P,2002-05-31,95956,1,54.82,9.49,,
276508,P,2002-09-04,94242,10,82.71,0.12,,
276509,P,2000-08-28,46222,4,60.50,0.51,,
276510,P,2000-04-20,74680,6,35.55,1.32,,
276511,P,2001-01-25,29113,4,97.49,3.95,,
276512,P,2001-11-20,141,7,76.17,5.13,,
276513,P,2000-02-08,43373,7,76.83,7.25,,
276514,P,2001-06-28,28753,4,1.13,8.77,,
276515,P,2002-02-12,25853,1,28.80,9.46,,
276516,P,2000-06-28,57818,2,82.08,8.64,,
276517,P,2000-08-13,76970,9,17.72,4.20,,
276518,P,2000-11-11,82044,2,44.54,2.33,,
276519,P,2001-10-27,4265,2,21.14,7.83,,
276520,P,2000-06-12,75024,2,48.96,2.45,,
276521,P,2000-08-18,44501,8,8.06,0.41,,
276522,P,2002-07-24,56867,9,44.96,4.91,,
276523,P,2000-10-18,81984,6,61.96,2.99,,
276524,P,2000-04-11,24254,10,64.46,2.88,,
276525,P,2002-03-05,58628,9,11.03,1.91,,
276526,P,2002-09-24,14724,10,67.20,7.36,,
276527,P,2001-05-25,23119,1,64.09,0.87,,
276528,P,2002-09-12,70790,4,16.90,4.79,,
276529,P,2002-07-15,61145,1,52.20,6.24,,
276530,P,2000-02-12,19542,2,64.78,7.20,,
276531,P,2000-10-28,37211,3,82.92,7.50,,
276532,P,2000-02-19,93445,10,59.60,1.81,,
276533,P,2000-08-03,95805,9,90.14,9.06,,
276534,P,2002-04-21,54567,10,88.29,8.45,,
276535,P,2001-09-08,64849,5,55.36,0.31,,
276536,P,2001-10-13,85618,4,18.16,7.37,,
276537,P,2001-01-08,32200,8,8.16,2.11,,
276538,P,2000-02-27,97767,2,98.29,0.82,,
276539,P,2001-12-11,16849,9,17.10,3.93,,
276540,P,2002-06-29,81234,2,7.21,5.67,,
276541,P,2001-03-25,9937,7,71.11,3.36,,
276542,P,2002-02-03,80688,9,32.20,8.03,,
276543,P,2000-05-05,9951,9,10.45,0.41,,
276544,P,2000-12-16,17555,8,92.96,7.78,,
276545,P,2001-05-28,94503,3,77.30,3.66,,
276546,P,2002-08-18,86258,7,98.02,2.60,,
276547,P,2001-06-27,13655,6,81.37,4.57,,
276548,P,2000-03-25,23560,9,97.69,8.16,,
276549,P,2002-01-26,46526,8,60.44,9.24,,
276550,P,2001-05-26,67461,1,55.55,4.00,,
276551,P,2001-07-01,35896,4,77.49,6.59,,
276552,P,2002-04-05,56426,1,65.48,7.78,,
276553,P,2002-01-30,31468,3,6.09,9.14,,
276554,P,2001-09-03,36296,6,89.18,9.97,,
276555,P,2000-04-15,9373,10,84.73,3.76,,
276556,P,2002-05-26,75218,1,45.11,7.38,,
276557,P,2002-07-17,48804,10,68.25,6.74,,
276558,P,2002-02-13,22756,10,58.90,8.48,,
276559,P,2001-09-16,67786,3,68.60,0.94,,
276560,P,2001-07-14,69378,6,0.47,6.49,,
276561,P,2000-03-02,13163,3,25.67,7.72,,
276562,P,2000-05-26,93327,8,77.60,7.98,,
276563,P,2001-09-22,59523,7,39.24,4.07,,
276564,P,2002-07-14,74118,9,22.84,5.53,,
276565,P,2001-02-10,3169,5,77.95,2.46,,
276566,P,2002-08-04,97497,5,76.67,9.78,,
276567,P,2001-09-29,38724,1,13.33,4.82,,
276568,P,2002-05-17,1027,2,74.81,9.40,,
276569,P,2002-08-24,57618,3,41.59,3.53,,
276570,P,2000-09-16,44670,1,63.50,7.67,,
276571,P,2001-03-06,98631,3,18.52,1.23,,
276572,P,2000-12-26,8841,1,30.33,4.20,,
276573,P,2001-06-24,65834,5,22.10,0.95,,
276574,P,2000-02-28,5521,2,33.65,2.52,,
276575,P,2001-09-08,8186,1,67.20,1.09,,
276576,P,2000-11-01,72375,6,30.24,1.27,,
276577,P,2001-11-25,38897,5,63.90,4.14,,
276578,P,2002-01-01,13379,9,49.22,7.77,,
276579,P,2000-12-07,90840,6,86.14,1.97,,
276580,P,2000-01-23,61365,3,16.17,0.28,,
276581,P,2000-12-02,1527,2,83.09,6.78,,
276582,P,2000-01-12,28977,7,32.27,5.58,,
276583,P,2001-02-10,25205,6,56.20,0.74,,
276584,P,2001-01-06,70675,9,16.82,6.63,,
276585,P,2002-06-14,92775,2,53.64,2.75,,
276586,P,2001-09-05,43319,8,13.87,5.20,,
276587,P,2000-09-22,57231,5,9.70,6.60,,
276588,P,2002-04-19,5473,3,84.30,0.08,,
276589,P,2001-07-10,90927,1,37.16,3.92,,
276590,P,2000-01-08,36320,6,38.81,3.92,,
276591,P,2000-08-03,97220,1,61.02,5.76,,
276592,P,2000-07-26,29128,7,64.49,4.77,,
276593,P,2000-05-14,93764,2,4.63,2.97,,
276594,P,2001-12-26,32449,2,15.01,2.59,,
276595,P,2001-03-02,33754,4,99.60,9.31,,
276596,P,2000-07-18,148,9,72.09,1.67,,
276597,P,2000-05-28,75115,7,67.40,2.33,,
276598,P,2000-02-16,53456,7,57.31,7.22,,
276599,P,2000-02-13,52620,6,68.62,9.96,,
276600,P,2002-07-06,79356,3,12.17,2.76,,
276601,P,2001-05-19,41,3,65.99,9.65,,
276602,P,2000-04-03,55180,10,87.47,1.89,,
