465538,P,2000-02-22,60343,7,7.75,9.83,,
465539,P,2001-08-03,65693,2,72.58,7.22,,
465540,P,2002-03-08,72171,6,40.88,0.99,,
465541,P,2002-05-28,21196,10,81.84,3.40,,
465542,P,2001-10-10,89943,7,87.35,5.87,,
465543,P,2000-08-28,79598,4,44.05,2.37,,
465544,P,2001-04-12,11156,5,86.76,8.24,,
465545,P,2000-08-11,99189,4,79.56,5.36,,
465546,P,2001-12-28,83349,10,9.67,1.52,,
465547,P,2002-09-06,28731,7,9.28,9.82,,
465548,P,2001-08-01,17097,2,77.80,8.39,,
465549,P,2001-08-17,52104,3,69.81,0.13,,
465550,P,2002-05-16,58618,8,48.57,6.02,,
465551,P,2000-11-17,58306,5,3.75,7.08,,
465552,P,2001-06-10,91552,1,87.05,3.38,,
465553,P,2000-02-18,39618,3,39.77,8.07,,
465554,P,2000-10-21,63938,9,98.45,9.82,,
465555,P,2001-04-04,18614,3,41.96,0.21,,
465556,P,2001-09-28,92579,4,55.52,1.82,,
465557,P,2000-08-15,71475,6,46.05,2.67,,
465558,P,2002-04-10,85699,10,94.45,3.27,,
465559,P,2001-11-08,16169,3,92.79,9.58,,
465560,P,2001-11-15,63139,3,52.19,6.83,,
465561,P,2001-11-27,71192,3,29.38,0.52,,
465562,P,2001-09-12,90293,9,55.24,5.50,,
465563,P,2001-01-23,72099,3,56.04,6.80,,
465564,P,2000-10-12,12249,5,62.08,4.92,,
465565,P,2002-08-01,69064,9,24.03,8.48,,
465566,P,2000-08-22,28397,4,8.30,0.39,,
465567,P,2000-04-09,20770,10,92.76,5.34,,
465568,P,2002-06-21,30981,5,80.94,5.50,,
465569,P,2000-12-13,63874,6,84.11,0.46,,
465570,P,2000-08-20,76830,7,41.51,4.23,,
465571,P,2002-06-04,73850,9,2.90,8.50,,
465572,P,2001-06-12,13189,3,18.18,6.12,,
465573,P,2001-06-18,4106,7,58.81,3.08,,
465574,P,2001-05-13,42259,8,8.10,8.72,,
465575,P,2002-05-26,71079,6,93.73,6.42,,
465576,P,2000-03-09,22926,2,81.92,9.20,,
465577,P,2001-08-17,73013,8,12.93,5.69,,
465578,P,2000-02-17,70851,5,95.78,5.32,,
465579,P,2001-01-01,39784,8,44.84,9.03,,
465580,P,2000-01-06,67008,10,57.00,2.92,,
465581,P,2002-09-20,65809,10,38.95,8.41,,
465582,P,2002-02-14,57177,6,12.24,4.89,,
465583,P,2001-03-10,2296,8,83.62,3.91,,
465584,P,2000-07-19,88870,2,5.40,0.31,,
465585,P,2001-10-09,38234,4,97.27,3.14,,
465586,P,2000-02-15,96759,9,19.74,4.72,,
465587,P,2001-09-09,37417,10,87.59,8.19,,
465588,P,2001-11-29,26648,4,51.83,7.47,,
465589,P,2001-11-28,52581,1,45.45,4.94,,
465590,P,2000-10-02,35503,3,86.25,3.22,,
465591,P,2002-02-12,1065,1,60.61,5.49,,
465592,P,2002-03-30,64115,4,63.67,3.57,,
465593,P,2000-06-06,92913,3,58.00,9.96,,
465594,P,2002-02-22,43548,8,99.40,6.61,,
465595,P,2000-04-02,17481,3,59.48,9.62,,
465596,P,2001-01-23,84761,5,90.69,8.20,,
465597,P,2002-08-25,53931,4,81.30,4.50,,
465598,P,2001-12-11,89269,5,55.72,8.12,,
465599,P,2001-07-17,64639,7,66.14,5.66,,
465600,P,2001-02-13,4865,2,8.17,0.73,,
465601,P,2002-01-15,96865,2,32.04,0.43,,
465602,P,2002-06-01,12720,2,75.16,5.21,,
465603,P,2001-12-30,69146,3,63.79,5.75,,
465604,P,2000-10-14,7826,1,51.52,5.33,,
465605,P,2002-05-26,64169,5,36.04,7.83,,
465606,P,2000-01-10,18454,1,44.00,7.23,,
465607,P,2000-07-27,44469,6,59.10,4.25,,
465608,P,2002-06-13,1165,5,61.21,5.04,,
465609,P,2001-02-10,9508,6,60.76,9.18,,
465610,P,2001-11-15,49718,7,37.84,2.82,,
465611,P,2002-03-22,9928,2,41.96,9.58,,
465612,P,2001-11-03,15364,9,33.57,4.62,,
465613,P,2000-11-30,82712,6,80.61,8.52,,
465614,P,2002-04-08,6071,5,15.07,9.22,,
465615,P,2002-06-26,94526,2,13.69,2.65,,
465616,P,2002-06-20,19663,3,62.27,3.23,,
465617,P,2000-09-29,77646,5,21.92,6.25,,
465618,P,2001-01-02,95351,9,11.38,0.80,,
465619,P,2002-07-03,23272,5,60.70,3.76,,
465620,P,2001-11-03,47355,3,75.66,2.40,,
465621,P,2001-04-14,30631,7,75.16,5.42,,
465622,P,2002-02-07,28677,5,42.26,1.09,,
465623,P,2001-01-04,36702,9,47.82,0.32,,
465624,P,2002-09-27,68844,3,68.71,9.41,,
465625,P,2001-12-21,12427,9,95.15,3.68,,
465626,P,2000-10-08,84761,10,35.91,7.77,,
465627,P,2000-02-29,3958,6,11.38,9.36,,
465628,P,2001-10-03,681,8,9.17,3.76,,
465629,P,2002-06-14,37429,3,36.89,8.92,,
465630,P,2001-04-23,24885,7,16.44,5.53,,
465631,P,2002-08-17,28529,5,59.82,9.45,,
465632,P,2000-09-07,84406,10,91.41,1.94,,
465633,P,2001-08-29,96682,3,9.72,9.94,,
465634,P,2002-08-22,95207,6,75.26,9.21,,
465635,P,2002-01-09,42064,10,60.08,0.51,,
465636,P,2002-06-14,62850,6,16.85,0.39,,
465637,P,2001-05-14,55167,4,33.22,0.06,,
465638,P,2002-06-12,1853,10,18.94,8.32,,
465639,P,2002-03-20,90601,10,38.89,9.54,,
465640,P,2001-01-29,46232,8,50.79,1.82,,
465641,P,2001-06-12,89394,5,8.02,6.81,,
465642,P,2002-08-29,92602,6,46.70,9.59,,
465643,P,2000-03-09,34731,7,9.02,0.52,,
465644,P,2000-05-06,30466,2,37.09,8.85,,
465645,P,2001-09-22,82483,6,41.95,8.19,,
465646,P,2002-02-01,46877,2,5.91,9.54,,
465647,P,2001-09-30,50173,9,6.20,7.37,,
465648,P,2001-03-24,93356,1,6.25,7.91,,
465649,P,2001-11-20,35521,1,39.80,6.41,,
465650,P,2002-05-01,61429,3,35.65,3.77,,
465651,P,2001-04-30,44248,10,56.64,0.93,,
465652,P,2000-12-20,40675,9,11.53,4.83,,
465653,P,2000-03-07,7798,3,36.81,5.00,,
465654,P,2002-03-12,53534,9,44.96,0.47,,
465655,P,2002-05-05,21673,8,49.04,1.67,,
465656,P,2001-10-29,42788,5,76.07,1.48,,
465657,P,2002-04-01,48259,7,15.46,1.24,,
465658,P,2001-09-17,96638,9,43.14,8.22,,
465659,P,2000-09-12,28246,7,72.60,4.13,,
465660,P,2002-09-22,51805,9,92.98,1.15,,
465661,P,2002-01-25,29475,1,26.36,0.79,,
465662,P,2001-06-27,51419,10,34.67,5.18,,
465663,P,2001-09-21,18569,3,68.19,5.07,,
465664,P,2000-09-06,10490,6,26.50,6.47,,
465665,P,2001-04-10,56838,10,42.79,2.60,,
465666,P,2002-07-19,47375,9,65.24,7.60,,
465667,P,2000-04-02,13263,6,46.06,4.56,,
465668,P,2001-02-05,57703,9,65.10,7.94,,
465669,P,2002-08-02,33256,4,62.18,0.95,,
465670,P,2001-09-09,29084,1,66.48,5.72,,
465671,P,2002-01-28,45701,2,12.17,6.77,,
465672,P,2001-06-16,34746,3,98.28,7.70,,
465673,P,2000-10-30,79972,9,43.56,8.80,,
465674,P,2001-07-14,90764,2,87.93,6.73,,
465675,P,2000-04-29,85281,9,33.03,2.96,,
465676,P,2000-08-03,62934,8,36.38,4.85,,
465677,P,2000-05-17,96969,8,73.52,0.54,,
465678,P,2001-06-28,57075,3,60.58,7.20,,
465679,P,2001-06-14,89409,9,89.04,5.45,,
465680,P,2001-03-26,61711,8,59.72,7.02,,
465681,P,2000-07-08,36686,1,4.23,2.59,,
465682,P,2002-02-26,51161,4,34.84,4.24,,
465683,P,2001-03-20,46260,8,34.91,0.96,,
465684,P,2001-10-19,97560,3,84.42,2.31,,
465685,P,2000-11-21,7212,10,95.55,1.27,,
465686,P,2002-06-19,75322,10,53.18,2.37,,
465687,P,2001-10-14,23157,2,46.29,5.55,,
465688,P,2000-01-13,54929,9,54.24,9.69,,
465689,P,2001-04-07,92543,4,97.06,8.20,,
465690,P,2002-06-01,95412,4,76.31,8.63,,
465691,P,2000-10-07,53389,6,48.82,5.92,,
465692,P,2000-03-26,77291,6,13.18,3.41,,
465693,P,2000-11-24,96743,2,60.13,7.33,,
465694,P,2001-11-13,87084,4,28.01,6.51,,
465695,P,2001-01-15,83552,10,7.82,8.21,,
465696,P,2002-04-13,75108,4,24.74,0.38,,
465697,P,2001-09-04,95093,3,30.28,5.22,,
465698,P,2001-11-08,83243,3,82.39,5.26,,
465699,P,2000-06-29,93435,3,99.54,7.81,,
465700,P,2001-08-10,15972,10,89.15,6.40,,
465701,P,2001-11-21,58538,1,26.51,8.87,,
465702,P,2000-01-07,37838,1,74.54,3.65,,
465703,P,2001-03-21,47862,9,48.25,2.73,,
465704,P,2000-08-22,78857,9,17.62,0.98,,
465705,P,2000-10-03,98785,4,22.11,1.67,,
465706,P,2002-04-17,37036,2,2.59,9.30,,
465707,P,2000-06-01,85655,5,89.08,3.99,,
465708,P,2001-01-23,59033,10,57.84,1.12,,
465709,P,2002-05-07,30760,6,35.40,2.68,,
465710,P,2001-08-14,91970,5,33.45,3.84,,
465711,P,2002-05-30,96931,4,59.74,9.97,,
465712,P,2002-09-16,49105,4,41.75,0.92,,
465713,P,2001-06-12,97726,8,69.09,5.12,,
465714,P,2000-12-27,44218,10,19.65,9.86,,
465715,P,2001-07-07,90816,3,44.94,1.70,,
465716,P,2002-08-05,36680,2,74.84,3.43,,
465717,P,2001-01-09,12665,10,45.85,3.12,,
465718,P,2000-05-18,82137,3,63.59,7.64,,
465719,P,2001-10-31,96921,1,13.54,3.10,,
465720,P,2000-01-19,83951,4,21.49,7.49,,
465721,P,2002-02-15,21928,3,37.08,5.04,,
465722,P,2000-08-27,9634,4,86.02,9.40,,
465723,P,2000-04-14,94359,1,4.08,8.51,,
465724,P,2000-05-07,76038,10,90.76,7.91,,
465725,P,2002-09-05,95755,4,65.34,5.71,,
465726,P,2001-04-04,31172,5,29.05,3.38,,
465727,P,2000-08-03,29685,3,84.04,4.90,,
465728,P,2000-11-18,49216,6,75.80,6.53,,
465729,P,2002-03-09,90467,9,41.19,4.00,,
465730,P,2000-12-06,76695,6,16.18,5.47,,
465731,P,2001-07-22,38622,5,93.33,3.69,,
465732,P,2000-01-06,90371,2,64.34,1.49,,
465733,P,2001-09-07,92638,1,5.94,3.33,,
465734,P,2000-10-30,47889,7,26.67,5.77,,
465735,P,2000-08-21,90158,5,64.26,0.94,,
465736,P,2000-09-09,68420,7,96.50,6.03,,
465737,P,2002-04-14,4065,2,63.16,5.89,,
465738,P,2002-05-21,41838,3,21.39,2.47,,
465739,P,2002-05-26,38172,8,27.50,7.04,,
465740,P,2000-05-15,97822,7,25.13,1.72,,
465741,P,2002-08-14,57555,10,32.16,7.64,,
465742,P,2000-10-01,73838,4,97.58,5.77,,
465743,P,2001-11-30,52335,1,88.49,7.42,,
465744,P,2002-07-26,20919,2,96.79,6.90,,
465745,P,2001-08-06,61003,5,25.43,2.89,,
465746,P,2002-04-30,69429,9,22.96,0.73,,
465747,P,2001-02-21,81499,9,0.67,6.44,,
465748,P,2000-08-11,9453,3,45.07,7.73,,
465749,P,2001-11-24,16501,10,88.79,1.96,,
465750,P,2002-01-17,37773,9,70.22,0.81,,
465751,P,2000-06-17,88517,1,61.58,3.69,,
465752,P,2000-03-19,84110,5,25.41,4.57,,
465753,P,2001-10-17,76668,3,26.07,7.68,,
465754,P,2001-09-08,288,2,37.71,2.62,,
465755,P,2001-01-28,61423,4,70.74,9.86,,
465756,P,2001-02-08,13388,3,28.07,2.31,,
465757,P,2002-06-26,40348,2,50.05,4.36,,
465758,P,2002-05-02,63853,4,40.86,3.60,,
465759,P,2000-12-07,6027,5,72.67,4.58,,
465760,P,2000-04-17,78258,1,35.20,8.53,,
465761,P,2002-03-07,99133,9,32.04,8.72,,
465762,P,2000-11-07,12158,8,36.80,2.46,,
465763,P,2000-09-19,28931,10,75.44,9.22,,
465764,P,2002-09-26,34019,3,74.22,4.11,,
465765,P,2000-06-18,46142,9,63.90,7.70,,
465766,P,2001-06-03,86538,6,12.34,6.59,,
465767,P,2002-05-22,48396,8,4.36,9.89,,
465768,P,2001-03-14,83899,6,11.30,7.38,,
465769,P,2001-06-10,34425,10,33.24,9.92,,
465770,P,2002-05-21,49959,8,93.39,4.53,,
465771,P,2000-01-04,60907,9,15.21,4.73,,
465772,P,2002-09-09,36338,3,44.45,1.79,,
465773,P,2000-08-24,84020,2,53.78,3.30,,
465774,P,2000-04-30,29555,7,48.87,3.67,,
465775,P,2000-06-24,84881,2,11.60,8.99,,
465776,P,2000-09-08,86621,7,81.26,8.69,,
465777,P,2000-10-14,61645,1,83.12,6.50,,
465778,P,2002-05-18,3639,7,37.22,3.53,,
465779,P,2001-01-19,41859,7,93.85,4.90,,
465780,P,2002-01-31,6461,9,52.05,1.06,,
465781,P,2000-10-24,8999,2,53.87,8.38,,
465782,P,2000-04-03,34945,6,58.47,2.30,,
465783,P,2000-04-10,41476,3,40.32,2.22,,
465784,P,2000-05-02,90642,4,3.32,5.26,,
465785,P,2002-02-19,24143,2,9.64,6.47,,
465786,P,2000-07-14,33722,2,25.20,7.97,,
465787,P,2001-05-13,6922,1,43.71,1.51,,
465788,P,2000-01-12,69274,6,41.95,9.50,,
465789,P,2001-09-28,83414,2,45.28,4.01,,
465790,P,2002-04-06,96593,9,14.73,3.38,,
465791,P,2002-07-12,7206,10,39.54,7.51,,
465792,P,2001-01-15,50820,9,45.11,3.44,,
465793,P,2000-09-18,95487,3,29.27,0.11,,
465794,P,2001-06-15,86463,8,31.56,2.11,,
465795,P,2000-06-04,55657,1,36.95,3.15,,
465796,P,2000-03-05,94340,7,11.29,2.55,,
465797,P,2000-08-25,17910,10,27.00,1.80,,
465798,P,2002-02-05,87410,2,15.74,4.91,,
465799,P,2000-01-23,93682,6,64.58,3.04,,
465800,P,2001-06-04,39570,4,23.92,0.41,,
465801,P,2002-05-08,14348,4,20.34,1.82,,
465802,P,2001-07-14,41357,5,93.34,4.77,,
465803,P,2001-12-10,16846,10,99.77,3.08,,
465804,P,2002-09-23,4163,8,96.39,6.30,,
465805,P,2002-01-01,74195,1,25.65,9.12,,
465806,P,2001-01-23,4309,10,33.96,9.98,,
465807,P,2000-12-02,88551,8,84.54,8.36,,
465808,P,2000-01-15,74545,7,10.89,9.45,,
465809,P,2002-04-18,6389,3,6.97,0.97,,
465810,P,2002-08-29,92538,5,3.13,7.36,,
465811,P,2001-09-07,23703,10,0.27,4.54,,
465812,P,2001-10-15,61962,3,93.87,9.62,,
465813,P,2000-10-04,64918,4,71.46,8.66,,
465814,P,2001-02-03,41168,2,58.35,9.87,,
465815,P,2001-04-28,50660,9,2.18,9.45,,
465816,P,2000-07-16,96891,4,48.21,3.58,,
465817,P,2002-01-16,12483,4,12.39,2.65,,
465818,P,2000-09-08,28748,6,47.79,2.46,,
465819,P,2000-05-10,55694,1,21.78,7.07,,
465820,P,2002-06-04,14613,2,32.35,6.70,,
465821,P,2002-03-30,12932,6,0.35,9.42,,
465822,P,2002-08-10,86101,9,86.34,5.26,,
465823,P,2000-01-02,60460,9,26.24,9.73,,
465824,P,2000-07-10,82590,3,76.77,2.73,,
465825,P,2000-01-28,96869,8,67.76,3.49,,
465826,P,2001-06-25,24280,10,35.30,5.71,,
465827,P,2001-07-09,65949,10,68.56,2.24,,
465828,P,2002-03-10,24471,4,24.16,0.53,,
465829,P,2001-05-17,38043,8,46.12,5.73,,
465830,P,2001-08-07,98615,1,3.08,4.28,,
465831,P,2001-08-25,99038,8,6.32,4.65,,
465832,P,2001-12-09,5472,5,1.54,7.72,,
465833,P,2000-08-31,2880,8,42.54,9.34,,
465834,P,2001-04-15,119,5,33.65,9.59,,
465835,P,2002-05-01,70508,2,29.20,4.41,,
465836,P,2000-12-12,55755,8,2.36,3.17,,
465837,P,2000-07-21,27389,3,50.45,9.91,,
465838,P,2002-06-25,29342,6,86.16,1.54,,
465839,P,2000-11-26,95537,1,59.92,4.36,,
465840,P,2000-02-19,83441,2,49.43,0.84,,
465841,P,2002-06-06,62456,5,49.54,9.60,,
465842,P,2002-07-24,4209,8,5.81,4.29,,
465843,P,2001-08-08,99069,10,78.90,7.18,,
465844,P,2002-03-24,80146,3,49.73,8.84,,
465845,P,2002-03-03,44851,2,87.44,6.31,,
465846,P,2002-09-13,59785,9,18.24,7.67,,
465847,P,2000-12-12,33557,8,48.67,9.49,,
465848,P,2000-11-07,93014,7,66.42,1.70,,
465849,P,2002-03-23,46667,4,20.84,8.85,,
465850,P,2001-12-07,21724,8,68.99,9.96,,
465851,P,2000-07-10,48706,1,69.58,9.24,,
465852,P,2002-05-26,52522,6,81.01,5.01,,
465853,P,2001-05-26,80531,3,26.51,6.14,,
465854,P,2002-01-15,22833,7,14.46,4.56,,
465855,P,2001-03-11,7140,10,65.06,6.01,,
465856,P,2002-04-07,55455,7,55.93,0.16,,
465857,P,2001-04-15,13701,6,4.45,5.08,,
465858,P,2002-07-10,47031,2,21.48,0.30,,
465859,P,2000-02-02,94624,9,15.37,8.99,,
465860,P,2000-03-13,92419,8,39.58,3.05,,
465861,P,2000-04-22,56926,4,53.86,5.75,,
465862,P,2001-12-06,83019,8,55.73,0.29,,
465863,P,2001-08-22,17659,7,60.73,4.88,,
465864,P,2002-01-21,6416,6,82.98,3.10,,
465865,P,2000-05-23,36824,6,71.83,7.06,,
465866,P,2002-08-02,89875,4,99.83,5.10,,
465867,P,2002-08-16,23560,7,1.37,0.50,,
465868,P,2000-07-10,10320,1,59.53,0.76,,
465869,P,2000-12-07,41270,1,89.30,1.98,,
465870,P,2000-12-15,6928,10,4.24,1.77,,
465871,P,2001-11-20,35620,9,87.40,1.18,,
465872,P,2002-08-16,2550,4,94.42,0.00,,
465873,P,2002-09-27,40838,3,54.36,9.65,,
465874,P,2000-08-16,26837,5,45.80,6.57,,
465875,P,2002-09-02,22742,4,98.87,6.71,,
465876,P,2000-08-25,78457,2,31.08,2.78,,
465877,P,2000-08-09,73958,2,68.80,7.88,,
465878,P,2000-01-12,83945,1,53.65,2.03,,
465879,P,2000-08-14,85054,5,67.78,0.08,,
465880,P,2000-02-27,43,7,32.60,1.98,,
465881,P,2000-03-20,88158,1,63.31,1.78,,
465882,P,2002-06-08,21577,9,78.27,9.99,,
465883,P,2000-01-09,50985,10,47.76,7.15,,
465884,P,2002-05-25,45974,4,5.07,9.68,,
465885,P,2001-01-05,63665,5,71.13,5.02,,
465886,P,2000-07-01,73252,1,99.41,6.51,,
465887,P,2002-02-27,22059,8,9.40,0.13,,
465888,P,2000-01-17,82140,7,28.76,4.33,,
465889,P,2000-07-29,44434,5,14.75,8.21,,
465890,P,2000-09-15,56817,4,61.78,2.54,,
465891,P,2000-08-23,70841,6,26.06,7.35,,
465892,P,2001-11-07,90467,8,66.21,5.03,,
465893,P,2000-08-20,16925,9,38.90,2.83,,
465894,P,2000-07-22,32209,2,32.89,8.20,,
465895,P,2001-11-16,43625,3,44.95,5.24,,
465896,P,2000-01-25,84776,4,64.64,0.53,,
465897,P,2000-10-29,69731,5,22.61,9.41,,
465898,P,2000-11-24,54377,6,98.46,2.24,,
465899,P,2000-04-26,57673,8,59.40,8.45,,
465900,P,2001-10-12,38517,8,95.01,7.88,,
465901,P,2000-02-03,43818,4,26.73,6.40,,
465902,P,2001-03-05,56999,10,39.29,0.66,,
465903,P,2001-07-01,40997,1,10.98,5.86,,
465904,P,2002-05-30,56984,6,86.06,1.69,,
465905,P,2002-03-01,64443,5,61.62,3.65,,
465906,P,2000-05-02,81075,4,70.29,1.93,,
465907,P,2000-01-09,73550,7,80.81,2.72,,
465908,P,2001-05-15,7709,10,14.08,1.05,,
465909,P,2002-04-25,41820,10,92.62,1.93,,
465910,P,2002-05-06,60589,4,39.50,7.15,,
465911,P,2001-04-01,74269,2,79.23,3.21,,
465912,P,2000-11-25,53361,3,8.57,7.09,,
465913,P,2001-02-03,46738,4,60.92,3.33,,
465914,P,2002-06-21,75454,10,45.39,3.98,,
465915,P,2001-11-29,12471,7,13.76,0.71,,
465916,P,2000-05-02,83527,9,4.11,9.00,,
465917,P,2002-05-23,36690,10,61.68,7.04,,
465918,P,2000-05-14,77754,10,72.30,7.72,,
465919,P,2002-07-25,13134,6,66.59,5.29,,
465920,P,2001-01-21,5956,1,57.84,4.72,,
465921,P,2001-11-20,23387,1,54.94,6.83,,
465922,P,2001-06-04,84189,10,31.52,7.44,,
465923,P,2000-07-22,3789,3,19.13,7.40,,
465924,P,2001-09-18,13331,10,16.16,5.37,,
465925,P,2001-01-07,55963,3,68.41,7.60,,
465926,P,2001-03-25,47000,1,81.59,6.12,,
465927,P,2000-02-27,45287,7,72.75,8.46,,
465928,P,2000-03-25,53552,2,12.78,5.23,,
465929,P,2000-09-19,64607,8,59.46,1.53,,
465930,P,2002-09-11,54129,3,12.98,1.72,,
465931,P,2001-08-08,49050,10,23.49,7.47,,
465932,P,2002-01-01,353,5,37.08,6.23,,
465933,P,2002-06-19,79997,5,44.51,1.24,,
465934,P,2000-07-18,59668,2,12.90,4.79,,
465935,P,2002-09-07,25193,2,33.79,3.96,,
465936,P,2001-11-07,40858,3,58.68,7.78,,
465937,P,2002-06-11,4063,7,22.90,0.48,,
465938,P,2000-03-31,22942,4,55.74,0.32,,
465939,P,2000-02-11,19312,2,83.90,2.60,,
465940,P,2001-01-06,54209,10,24.69,0.21,,
465941,P,2000-03-22,63304,6,73.03,5.36,,
465942,P,2001-04-24,64317,9,96.36,8.12,,
465943,P,2001-07-04,2103,5,61.65,4.89,,
465944,P,2001-12-10,11405,3,94.08,8.43,,
465945,P,2001-05-01,40157,3,14.92,8.44,,
465946,P,2002-08-23,81986,2,62.64,4.87,,
465947,P,2001-08-23,19823,8,50.96,3.37,,
465948,P,2001-01-16,29446,5,97.49,3.93,,
465949,P,2002-03-04,95376,10,49.64,3.78,,
465950,P,2001-07-18,50305,5,3.07,8.45,,
465951,P,2000-10-29,77333,2,38.41,7.33,,
465952,P,2001-06-03,82350,1,36.05,2.12,,
465953,P,2002-02-17,99001,9,63.08,0.30,,
465954,P,2001-10-05,72993,10,82.99,3.32,,
465955,P,2002-09-01,84215,1,42.86,9.26,,
465956,P,2002-06-06,30087,8,84.53,2.46,,
465957,P,2001-03-03,63502,7,30.19,5.93,,
465958,P,2002-09-10,19144,9,7.90,4.22,,
465959,P,2001-12-13,79262,2,16.92,4.24,,
465960,P,2002-09-02,92010,6,61.00,7.37,,
465961,P,2001-07-06,61492,9,94.63,2.01,,
465962,P,2002-02-05,34733,7,97.68,1.70,,
465963,P,2000-03-14,5797,9,80.08,2.95,,
465964,P,2000-10-13,98903,7,83.97,5.84,,
465965,P,2002-03-13,32776,4,97.89,4.56,,
465966,P,2001-08-25,6743,5,75.64,6.63,,
465967,P,2002-05-18,6407,5,88.70,8.45,,
465968,P,2000-04-11,19340,5,28.90,8.83,,
465969,P,2000-05-28,54590,3,88.73,6.44,,
465970,P,2000-06-21,83140,8,71.16,3.89,,
465971,P,2002-04-17,33097,5,38.74,6.83,,
465972,P,2001-05-21,11016,1,70.83,1.80,,
465973,P,2001-11-24,29477,6,38.07,8.81,,
465974,P,2002-01-13,8120,6,83.47,2.93,,
465975,P,2001-11-18,2076,9,5.60,4.56,,
465976,P,2000-11-12,18013,4,46.71,7.64,,
465977,P,2001-02-06,55192,9,51.66,4.54,,
465978,P,2000-11-16,59480,4,19.41,8.86,,
465979,P,2000-05-06,60556,3,47.70,8.71,,
465980,P,2001-11-02,23429,4,74.11,4.67,,
465981,P,2002-05-23,43661,6,78.08,5.14,,
465982,P,2001-07-03,6829,4,1.68,2.01,,
465983,P,2001-01-13,93692,10,1.63,9.10,,
465984,P,2000-03-03,43887,8,31.13,1.60,,
465985,P,2000-01-04,98258,4,3.49,0.50,,
465986,P,2001-11-28,87117,10,15.79,1.69,,
465987,P,2002-05-08,5221,6,16.41,9.55,,
465988,P,2001-04-24,85650,6,81.65,4.01,,
465989,P,2000-10-26,64378,7,9.20,6.09,,
465990,P,2000-06-05,66853,1,8.82,1.07,,
465991,P,2000-08-04,65301,4,92.02,7.60,,
465992,P,2002-06-29,21621,7,58.11,1.12,,
465993,P,2002-09-07,49540,10,57.34,4.09,,
465994,P,2001-09-26,87274,4,72.99,5.92,,
465995,P,2002-05-04,9699,5,12.38,10.00,,
465996,P,2001-08-08,41189,10,52.98,6.49,,
465997,P,2001-06-01,16432,5,39.04,5.62,,
465998,P,2001-09-08,87429,6,13.65,2.86,,
465999,P,2001-08-24,23545,4,96.28,2.57,,
466000,P,2001-04-07,18669,6,67.53,1.73,,
466001,P,2000-11-14,92590,4,64.06,7.20,,
466002,P,2001-11-04,66023,3,45.84,0.18,,
466003,P,2002-05-13,12714,4,39.04,6.59,,
466004,P,2000-01-14,1471,8,57.87,2.06,,
466005,P,2001-03-25,48001,2,69.27,1.73,,
466006,P,2002-07-31,97218,1,87.31,3.02,,
466007,P,2001-08-22,97455,5,22.83,6.84,,
466008,P,2000-05-25,88211,4,89.87,0.27,,
466009,P,2000-10-27,39809,1,34.56,0.96,,
466010,P,2001-05-29,81600,2,0.19,9.94,,
466011,P,2002-07-29,71386,1,82.01,4.13,,
466012,P,2001-10-26,37898,1,70.25,3.91,,
466013,P,2002-03-26,36396,6,28.77,3.66,,
466014,P,2001-12-26,27429,5,12.38,7.81,,
466015,P,2000-05-10,22816,7,16.83,6.22,,
466016,P,2000-08-15,82811,2,17.31,0.70,,
466017,P,2000-10-28,90536,9,57.05,6.98,,
466018,P,2000-05-13,98834,5,95.69,1.09,,
466019,P,2002-09-23,31015,4,72.40,2.31,,
466020,P,2000-02-01,5035,2,49.90,9.72,,
466021,P,2001-02-09,70162,8,62.52,2.55,,
466022,P,2001-10-17,81890,2,71.34,3.76,,
466023,P,2001-04-25,71309,8,61.55,5.26,,
466024,P,2001-12-18,24680,7,58.86,2.16,,
466025,P,2001-10-27,26077,7,3.90,8.87,,
466026,P,2001-01-23,9885,5,4.28,5.47,,
466027,P,2002-08-02,95078,9,89.87,8.95,,
466028,P,2001-05-08,46555,1,80.34,3.99,,
466029,P,2002-09-14,44484,6,53.88,4.17,,
466030,P,2002-07-03,19891,9,78.58,2.76,,
466031,P,2001-08-28,91231,9,51.59,1.12,,
466032,P,2000-09-20,60072,9,22.28,2.48,,
466033,P,2000-08-09,82316,7,98.31,3.81,,
466034,P,2001-08-06,19946,2,24.21,3.13,,
466035,P,2002-09-26,40570,4,74.83,4.04,,
466036,P,2000-04-05,75085,1,93.35,6.88,,
466037,P,2002-03-10,44345,10,85.75,5.88,,
466038,P,2001-01-21,42521,8,96.24,3.02,,
466039,P,2001-07-21,28457,4,17.58,8.37,,
466040,P,2001-11-22,82166,8,40.99,2.02,,
466041,P,2001-01-25,81229,1,10.21,9.51,,
466042,P,2001-05-24,60918,3,74.45,5.00,,
466043,P,2002-03-17,17091,2,77.00,0.36,,
466044,P,2001-06-04,92357,6,13.69,6.92,,
466045,P,2001-03-03,65283,6,80.15,5.44,,
466046,P,2001-07-03,9322,7,26.08,6.84,,
466047,P,2001-09-22,24624,2,17.69,6.78,,
466048,P,2000-05-22,69965,6,45.44,7.48,,
466049,P,2002-09-08,45101,4,63.35,3.63,,
466050,P,2002-09-13,22566,3,48.37,1.72,,
466051,P,2000-09-27,17828,10,3.20,3.73,,
466052,P,2002-08-07,13081,6,21.32,0.68,,
466053,P,2000-12-11,60262,5,45.63,9.42,,
466054,P,2001-10-23,21288,4,76.69,3.19,,
466055,P,2002-01-20,67653,10,49.99,6.04,,
466056,P,2002-04-15,13327,2,92.61,1.49,,
466057,P,2000-08-21,26428,6,79.71,0.26,,
466058,P,2000-02-19,53261,2,21.90,8.52,,
466059,P,2001-01-19,16083,5,99.67,4.88,,
466060,P,2001-10-08,82272,8,9.98,0.40,,
466061,P,2000-06-15,42506,10,86.89,4.52,,
466062,P,2001-06-13,38601,5,42.75,4.19,,
466063,P,2000-02-26,63733,1,56.80,2.94,,
466064,P,2000-02-20,29550,8,14.12,2.83,,
466065,P,2000-05-14,48263,2,6.86,0.36,,
466066,P,2001-07-02,77006,4,71.01,3.85,,
466067,P,2000-02-17,20572,1,52.54,6.75,,
466068,P,2001-03-20,29433,6,90.75,4.48,,
466069,P,2002-01-08,16591,4,3.59,6.95,,
466070,P,2000-03-09,25572,3,88.35,3.54,,
466071,P,2000-09-21,17421,9,7.22,3.11,,
466072,P,2001-03-12,12886,6,79.19,9.01,,
466073,P,2000-11-28,22933,2,3.67,0.72,,
466074,P,2002-07-29,96029,7,95.84,0.24,,
466075,P,2002-02-08,95958,9,99.74,3.18,,
466076,P,2000-07-28,24776,5,57.68,1.06,,
466077,P,2000-04-06,34793,4,30.34,9.33,,
466078,P,2000-12-12,10941,2,96.55,4.50,,
466079,P,2001-07-06,27041,8,31.39,9.17,,
466080,P,2001-08-23,66569,10,42.20,1.36,,
466081,P,2001-12-12,5376,1,26.95,0.77,,
466082,P,2001-07-19,93189,7,88.31,3.92,,
466083,P,2000-02-25,73970,3,84.77,1.08,,
466084,P,2000-09-06,19806,1,46.73,6.03,,
466085,P,2000-06-17,33113,5,18.29,3.96,,
466086,P,2000-02-23,36798,10,28.20,6.33,,
466087,P,2001-05-22,82853,10,91.01,2.38,,
466088,P,2002-08-21,15899,5,63.48,5.59,,
466089,P,2002-04-16,46500,3,44.77,4.78,,
466090,P,2000-06-04,25865,1,66.51,1.68,,
466091,P,2000-12-31,34741,8,14.90,5.96,,
466092,P,2000-11-21,87164,6,25.99,1.81,,
466093,P,2001-03-14,83814,7,2.06,8.45,,
466094,P,2000-12-12,3160,9,47.27,1.48,,
466095,P,2001-02-11,33714,10,61.01,2.11,,
466096,P,2001-06-17,40709,1,36.79,0.67,,
466097,P,2001-01-08,14690,9,8.72,7.98,,
466098,P,2001-10-17,97391,6,4.16,4.91,,
466099,P,2000-07-20,30564,10,65.71,6.90,,
466100,P,2001-08-31,70205,10,17.23,9.38,,
466101,P,2000-07-21,37514,7,39.63,4.09,,
466102,P,2000-02-14,50258,4,63.05,8.75,,
466103,P,2001-12-29,69104,6,69.99,5.95,,
466104,P,2002-08-25,31231,6,14.69,1.72,,
466105,P,2001-07-13,30423,6,56.68,1.54,,
466106,P,2002-02-25,67677,5,68.58,3.37,,
466107,P,2000-08-05,49303,3,42.31,1.97,,
466108,P,2001-01-27,50309,7,35.69,8.00,,
466109,P,2001-06-09,40388,1,48.29,8.45,,
466110,P,2000-09-10,4991,4,57.54,1.06,,
466111,P,2001-02-11,13740,4,7.42,3.28,,
466112,P,2001-11-23,7556,7,87.07,4.61,,
466113,P,2000-11-05,90933,9,67.30,5.91,,
466114,P,2002-04-05,30457,6,88.72,6.23,,
466115,P,2001-06-11,4051,6,35.65,6.02,,
466116,P,2002-08-20,83572,9,92.51,7.68,,
466117,P,2000-06-21,37188,9,20.65,9.76,,
466118,P,2000-11-09,4858,5,18.05,9.96,,
466119,P,2002-04-30,69298,7,48.40,1.37,,
466120,P,2000-02-23,17019,1,37.63,4.33,,
466121,P,2001-11-29,35357,1,22.16,6.00,,
466122,P,2001-12-10,34401,10,61.11,0.67,,
466123,P,2002-01-12,21671,5,48.72,7.03,,
466124,P,2000-10-17,83156,7,2.97,6.43,,
466125,P,2000-06-10,44037,10,55.38,6.25,,
466126,P,2000-05-31,89831,4,25.79,8.91,,
466127,P,2002-06-17,11792,8,61.74,0.70,,
466128,P,2001-08-28,72031,4,7.34,2.59,,
466129,P,2000-08-23,78205,4,23.20,5.32,,
466130,P,2001-10-07,91577,4,61.90,7.63,,
466131,P,2000-07-12,59340,10,4.73,2.75,,
466132,P,2002-02-03,86881,9,51.46,7.65,,
466133,P,2002-04-21,34409,8,86.48,3.51,,
466134,P,2001-04-03,13195,6,34.27,4.96,,
466135,P,2002-06-09,90287,8,17.22,4.86,,
466136,P,2000-12-16,584,5,47.64,6.37,,
466137,P,2000-08-07,55187,6,69.26,9.66,,
466138,P,2000-11-24,43588,6,60.32,7.36,,
466139,P,2002-09-27,49517,8,34.36,1.28,,
466140,P,2002-06-03,1941,7,2.43,8.08,,
466141,P,2002-06-14,37775,9,93.84,3.29,,
466142,P,2002-09-17,68585,2,85.06,0.21,,
466143,P,2002-06-03,70455,1,6.30,7.66,,
466144,P,2001-05-05,36525,4,54.65,5.69,,
466145,P,2002-02-05,211,9,69.27,5.32,,
466146,P,2000-10-06,20186,2,0.63,5.37,,
466147,P,2001-01-17,17267,5,89.53,1.29,,
466148,P,2001-06-12,17316,5,67.95,3.84,,
466149,P,2001-01-24,44104,8,15.74,5.69,,
466150,P,2000-06-04,92670,4,80.35,3.80,,
466151,P,2001-11-10,64698,4,60.23,2.24,,
466152,P,2001-06-24,26624,9,76.69,7.40,,
466153,P,2001-11-17,79759,6,58.97,9.28,,
466154,P,2002-09-07,10206,8,87.03,7.24,,
466155,P,2002-08-05,6143,9,11.62,3.75,,
466156,P,2002-02-11,68429,9,36.31,8.50,,
466157,P,2001-02-01,50532,8,74.17,4.04,,
466158,P,2000-11-17,57957,10,73.10,0.95,,
466159,P,2000-06-11,29651,8,55.61,0.33,,
466160,P,2000-09-16,5526,3,90.71,6.71,,
466161,P,2002-04-16,74638,9,75.44,1.85,,
466162,P,2001-05-12,8259,2,85.32,7.31,,
466163,P,2000-11-06,17747,7,77.46,6.22,,
466164,P,2000-04-17,22440,5,55.63,6.78,,
466165,P,2002-05-14,76751,7,81.14,6.10,,
466166,P,2001-03-31,97515,4,40.65,1.02,,
466167,P,2002-01-10,88498,3,56.72,6.37,,
466168,P,2000-01-08,41579,3,71.48,0.90,,
466169,P,2000-08-23,27095,4,78.17,9.22,,
466170,P,2002-02-06,72351,4,93.40,6.81,,
466171,P,2000-11-09,63005,6,46.15,4.19,,
466172,P,2001-03-24,80549,7,37.92,8.76,,
466173,P,2001-07-04,22071,2,35.96,7.91,,
466174,P,2000-10-11,77915,1,18.58,4.84,,
466175,P,2002-06-01,56999,10,85.08,8.07,,
466176,P,2002-06-27,1393,9,51.02,3.81,,
466177,P,2000-04-25,41709,3,12.38,8.53,,
466178,P,2002-01-25,19489,5,12.25,5.16,,
466179,P,2001-12-08,22917,9,6.86,6.05,,
466180,P,2000-07-11,26021,4,20.01,7.32,,
466181,P,2000-04-10,8555,4,55.11,7.48,,
466182,P,2000-03-07,10052,9,62.76,1.93,,
466183,P,2001-11-02,41543,1,53.79,0.96,,
466184,P,2000-01-13,2192,3,50.73,6.52,,
466185,P,2000-09-15,57954,4,81.40,1.23,,
466186,P,2002-03-01,39930,6,63.36,2.55,,
466187,P,2002-03-29,90245,9,0.45,3.50,,
466188,P,2000-01-14,1263,4,16.84,7.47,,
466189,P,2000-02-02,83445,6,43.20,2.40,,
466190,P,2000-03-10,49687,7,50.15,2.96,,
466191,P,2001-10-16,59692,5,93.11,2.62,,
466192,P,2002-03-25,28721,2,35.90,9.56,,
466193,P,2000-07-05,65594,2,37.65,1.38,,
466194,P,2001-11-09,17542,8,58.03,5.92,,
466195,P,2000-08-25,92994,2,11.15,0.83,,
466196,P,2002-05-25,42898,6,15.40,0.82,,
466197,P,2000-08-03,35273,10,60.64,5.60,,
466198,P,2000-03-24,65925,2,79.16,8.61,,
466199,P,2001-01-01,37706,10,5.94,8.51,,
466200,P,2000-08-18,93394,6,42.91,0.93,,
466201,P,2002-09-16,61482,10,64.81,9.69,,
466202,P,2002-09-12,59700,3,51.86,9.28,,
466203,P,2002-05-14,54150,2,88.80,2.14,,
466204,P,2002-01-04,14545,7,89.24,1.17,,
466205,P,2001-02-13,81890,5,59.46,5.76,,
466206,P,2002-09-12,90265,4,64.61,4.86,,
466207,P,2000-06-07,56084,5,17.24,0.04,,
466208,P,2002-03-17,90629,4,72.54,0.18,,
466209,P,2000-07-09,24818,7,15.29,6.58,,
466210,P,2002-03-06,63060,4,99.58,3.36,,
466211,P,2001-04-11,25248,5,60.73,8.56,,
466212,P,2000-01-19,48442,3,73.69,2.05,,
466213,P,2000-11-09,35423,2,49.50,8.53,,
466214,P,2000-07-24,31101,8,79.66,2.39,,
466215,P,2000-06-13,53231,7,5.74,1.05,,
466216,P,2001-02-25,21433,4,67.68,2.08,,
466217,P,2001-08-28,94721,1,68.67,1.80,,
466218,P,2000-01-20,56114,8,47.27,8.63,,
466219,P,2001-06-04,47634,9,28.10,2.62,,
466220,P,2001-12-02,51626,1,47.57,5.70,,
466221,P,2002-03-22,87222,7,99.50,6.16,,
466222,P,2001-06-25,68821,5,42.15,4.27,,
466223,P,2002-01-19,45435,8,25.03,2.35,,
466224,P,2001-10-31,85410,6,88.92,3.18,,
466225,P,2000-09-08,55422,4,47.43,1.40,,
466226,P,2002-06-16,28524,10,92.83,2.94,,
466227,P,2001-04-24,66806,6,91.29,1.17,,
466228,P,2000-06-02,92258,3,89.64,3.10,,
466229,P,2000-03-20,77838,10,82.86,1.70,,
466230,P,2002-01-02,13543,4,40.85,7.38,,
466231,P,2001-11-18,48277,4,48.40,1.20,,
466232,P,2000-10-18,14484,7,54.54,7.02,,
466233,P,2001-08-14,90677,9,86.99,0.64,,
466234,P,2002-04-27,27497,9,25.01,0.95,,
466235,P,2000-07-02,53686,10,1.87,0.10,,
466236,P,2000-10-18,59558,1,65.56,3.90,,
466237,P,2000-06-17,60481,8,63.80,9.35,,
466238,P,2001-04-01,51502,2,41.50,7.10,,
466239,P,2000-11-05,39719,10,78.00,8.62,,
466240,P,2000-12-17,61900,10,15.50,9.95,,
466241,P,2000-10-01,9724,2,8.81,7.40,,
466242,P,2001-02-03,67266,3,22.01,4.91,,
466243,P,2001-12-19,88214,2,52.12,8.56,,
466244,P,2001-08-11,92746,4,7.27,4.94,,
466245,P,2002-06-23,44813,2,22.00,6.25,,
466246,P,2002-03-16,47799,7,97.57,4.36,,
466247,P,2002-01-20,85649,6,31.16,4.46,,
466248,P,2000-02-11,46419,4,41.74,3.95,,
466249,P,2001-05-24,2178,10,80.16,3.20,,
466250,P,2000-02-03,88702,9,16.31,2.09,,
466251,P,2001-12-07,93265,2,85.31,1.25,,
466252,P,2001-08-28,87869,4,98.22,8.93,,
466253,P,2001-09-05,17780,6,44.72,8.68,,
466254,P,2001-10-02,41004,7,87.05,6.32,,
466255,P,2000-08-11,62485,2,11.45,1.48,,
466256,P,2001-02-15,89565,7,51.87,4.16,,
466257,P,2000-11-09,7742,2,26.85,6.59,,
466258,P,2000-04-30,40249,2,95.10,7.76,,
466259,P,2000-09-20,62437,4,95.60,5.60,,
466260,P,2001-09-28,59797,7,52.12,3.18,,
466261,P,2002-07-03,51957,4,10.28,4.90,,
466262,P,2001-12-05,51055,5,13.16,3.15,,
466263,P,2000-11-20,84038,8,18.27,2.58,,
466264,P,2000-09-18,41926,9,87.80,7.49,,
466265,P,2001-10-07,59521,7,95.62,9.51,,
466266,P,2001-11-27,30354,5,49.41,4.96,,
466267,P,2001-09-04,94777,4,1.39,9.52,,
466268,P,2001-09-28,8989,6,66.23,1.09,,
466269,P,2002-04-30,10882,3,34.15,4.15,,
466270,P,2000-07-27,68215,4,20.90,4.68,,
466271,P,2001-07-20,77544,9,64.98,0.79,,
466272,P,2002-07-11,21340,10,2.81,7.56,,
466273,P,2000-11-13,27713,2,3.46,7.68,,
466274,P,2000-03-19,11558,10,84.32,3.80,,
466275,P,2001-09-04,94774,10,40.04,3.20,,
466276,P,2001-08-04,11660,3,93.65,9.37,,
466277,P,2001-06-30,13574,7,9.47,5.13,,
466278,P,2001-03-04,26759,6,10.06,0.73,,
466279,P,2002-07-11,40819,9,33.83,6.30,,
466280,P,2000-10-27,6122,5,5.72,3.63,,
466281,P,2000-01-06,14963,4,3.61,3.60,,
466282,P,2000-02-06,86103,8,29.90,6.85,,
466283,P,2001-01-21,74322,3,77.34,9.85,,
466284,P,2001-01-19,87233,2,26.38,9.64,,
466285,P,2001-02-07,33592,2,80.73,1.63,,
466286,P,2002-09-04,57661,1,31.77,5.50,,
466287,P,2000-03-27,55480,3,61.34,7.04,,
466288,P,2000-09-18,17082,5,63.53,6.52,,
466289,P,2001-11-13,60833,2,3.03,6.19,,
466290,P,2001-11-21,28355,3,95.87,7.78,,
466291,P,2000-12-19,90516,9,87.73,4.55,,
466292,P,2000-08-12,81004,2,56.59,5.93,,
466293,P,2001-08-06,33362,9,17.42,7.00,,
466294,P,2000-08-18,52542,8,69.40,9.72,,
466295,P,2002-08-23,23110,10,30.87,5.31,,
466296,P,2001-02-16,7739,1,24.36,2.88,,
466297,P,2002-03-01,78817,5,26.95,6.70,,
466298,P,2001-11-20,45734,10,3.60,5.52,,
466299,P,2002-03-09,32007,1,51.68,2.08,,
466300,P,2000-01-27,15704,6,22.49,5.15,,
466301,P,2000-05-29,88244,6,94.69,6.44,,
466302,P,2002-04-25,79157,10,81.48,7.67,,
466303,P,2001-04-05,74783,9,68.22,2.45,,
466304,P,2001-05-08,87857,5,25.75,6.38,,
466305,P,2002-06-12,81467,3,70.45,6.85,,
466306,P,2001-11-21,80210,10,92.99,5.26,,
466307,P,2002-07-28,24025,8,3.76,3.95,,
466308,P,2000-04-20,26435,5,10.72,5.18,,
466309,P,2000-05-21,54938,3,4.82,4.63,,
466310,P,2001-02-17,92265,8,9.77,2.13,,
466311,P,2000-10-03,92032,6,66.80,2.03,,
466312,P,2001-06-09,32830,5,44.48,8.63,,
466313,P,2002-02-01,70318,6,31.70,7.54,,
466314,P,2001-11-24,76691,3,32.86,0.47,,
466315,P,2000-10-06,32108,10,33.40,0.13,,
466316,P,2001-08-16,54575,3,78.91,1.07,,
466317,P,2001-04-30,12822,10,26.80,6.11,,
466318,P,2001-04-12,74406,9,33.55,4.95,,
466319,P,2002-08-23,92109,2,70.68,0.74,,
466320,P,2002-04-18,16987,9,17.57,9.18,,
466321,P,2000-10-23,17129,5,95.04,3.80,,
466322,P,2001-07-17,42716,3,94.29,6.70,,
466323,P,2000-04-25,20007,4,2.68,3.09,,
466324,P,2000-04-23,83046,8,41.99,3.27,,
466325,P,2001-12-25,38144,7,80.23,7.85,,
466326,P,2000-03-30,84772,2,85.71,0.71,,
466327,P,2000-07-01,45373,8,24.00,5.99,,
466328,P,2001-04-26,45776,6,84.64,3.33,,
466329,P,2000-05-24,12602,1,48.04,5.11,,
466330,P,2002-03-02,41931,7,86.54,4.01,,
466331,P,2002-05-18,5222,5,1.17,7.16,,
466332,P,2000-04-23,3634,6,92.82,3.43,,
466333,P,2000-07-23,39183,8,79.61,8.30,,
466334,P,2002-08-12,34176,10,83.76,7.60,,
466335,P,2000-01-04,9940,6,20.02,8.78,,
466336,P,2000-06-06,22995,6,47.89,3.38,,
466337,P,2000-11-17,77837,5,59.62,5.76,,
466338,P,2000-01-01,58391,2,15.29,7.43,,
466339,P,2002-04-12,64482,8,65.23,5.72,,
466340,P,2001-05-27,85313,9,43.25,3.74,,
466341,P,2001-02-11,40366,9,52.86,4.27,,
466342,P,2001-05-17,18131,3,51.88,1.63,,
466343,P,2002-06-07,35501,2,34.09,3.78,,
466344,P,2002-08-14,5926,10,41.45,5.00,,
466345,P,2002-08-09,26699,10,19.95,1.65,,
466346,P,2001-08-14,13656,1,14.67,3.01,,
466347,P,2002-06-24,89869,1,5.51,6.35,,
466348,P,2001-10-22,83927,10,39.55,8.11,,
466349,P,2000-09-06,75663,5,43.67,4.21,,
466350,P,2002-04-26,28807,3,40.35,7.79,,
466351,P,2002-05-01,48367,6,71.49,7.68,,
466352,P,2001-08-18,13538,5,52.67,4.68,,
466353,P,2000-03-29,57366,6,77.57,7.02,,
466354,P,2001-11-12,17141,8,53.73,3.45,,
466355,P,2001-09-15,84645,2,12.77,2.49,,
466356,P,2002-06-21,99995,7,62.84,7.84,,
466357,P,2001-11-14,57543,10,14.07,9.49,,
466358,P,2002-05-16,75878,5,68.57,1.88,,
466359,P,2001-04-03,95202,8,98.00,6.90,,
466360,P,2001-05-23,68999,7,51.29,7.31,,
466361,P,2002-04-20,70326,9,65.52,2.24,,
466362,P,2002-01-23,50056,8,50.82,7.42,,
466363,P,2002-03-23,63772,4,50.05,8.99,,
466364,P,2001-12-21,20902,6,49.56,3.69,,
466365,P,2001-07-09,36747,3,2.38,4.26,,
466366,P,2001-02-11,29550,1,6.78,1.70,,
466367,P,2000-04-07,89245,10,79.39,6.14,,
466368,P,2001-09-08,82301,3,99.76,4.55,,
466369,P,2000-01-21,4039,1,57.41,8.85,,
466370,P,2002-01-12,71904,3,47.40,7.19,,
466371,P,2000-01-11,19384,7,72.29,3.31,,
466372,P,2001-08-27,49279,10,46.31,9.48,,
466373,P,2001-08-06,43976,10,16.13,8.89,,
466374,P,2002-08-20,63016,6,97.11,8.89,,
466375,P,2000-03-02,14196,6,94.15,1.76,,
466376,P,2001-12-16,32428,10,96.31,7.75,,
466377,P,2001-05-18,89002,5,55.29,9.87,,
466378,P,2000-04-11,72123,2,24.28,6.34,,
466379,P,2000-03-11,58689,10,86.46,5.91,,
466380,P,2000-11-18,82624,10,58.20,3.18,,
466381,P,2002-02-10,56934,1,54.12,4.52,,
466382,P,2001-05-14,93864,2,32.40,4.88,,
466383,P,2001-03-28,22489,1,41.65,8.44,,
466384,P,2002-01-01,47021,1,15.24,1.87,,
466385,P,2002-07-30,70421,4,60.52,0.81,,
466386,P,2000-08-27,96974,4,21.76,4.04,,
466387,P,2000-01-21,31014,8,4.62,8.17,,
466388,P,2001-06-10,32444,9,27.34,2.86,,
466389,P,2000-02-22,52830,1,39.29,5.83,,
466390,P,2002-06-08,59561,7,54.71,4.33,,
466391,P,2002-06-16,82937,10,52.48,3.14,,
466392,P,2001-05-15,48932,10,32.35,0.22,,
466393,P,2002-06-24,82019,6,63.04,2.19,,
466394,P,2001-09-14,73532,10,31.35,3.68,,
466395,P,2001-03-14,83768,10,29.61,2.05,,
466396,P,2002-09-21,60081,9,30.46,2.47,,
466397,P,2000-04-11,28167,6,78.11,6.48,,
466398,P,2000-01-09,48490,3,65.92,9.86,,
466399,P,2002-08-10,64687,4,46.83,6.88,,
466400,P,2002-09-27,19827,5,98.71,0.14,,
466401,P,2001-06-18,32213,9,55.06,5.11,,
466402,P,2001-08-25,91358,10,29.97,1.10,,
466403,P,2002-06-14,22958,4,24.42,7.76,,
466404,P,2001-05-20,84712,2,74.30,9.48,,
466405,P,2000-06-11,21539,9,48.53,1.41,,
466406,P,2001-08-15,37245,5,84.58,5.08,,
466407,P,2000-03-31,82016,10,72.46,1.03,,
466408,P,2001-08-13,91617,10,95.25,3.25,,
466409,P,2002-09-25,70364,7,34.17,9.95,,
466410,P,2001-11-17,11416,2,41.66,2.64,,
466411,P,2001-08-22,27853,7,27.26,7.11,,
466412,P,2000-12-17,68384,9,16.20,9.40,,
466413,P,2002-01-17,44700,6,79.98,2.54,,
466414,P,2000-10-16,26659,9,22.93,3.53,,
466415,P,2001-07-07,57767,1,93.40,1.37,,
466416,P,2001-09-08,54361,3,8.57,5.88,,
466417,P,2000-10-04,97099,6,53.28,4.40,,
466418,P,2001-10-27,48108,7,67.59,0.07,,
466419,P,2000-03-17,5176,1,62.59,8.74,,
466420,P,2000-03-23,69850,7,71.03,5.15,,
466421,P,2001-04-06,26048,4,67.83,4.39,,
466422,P,2001-12-28,5167,7,29.84,1.89,,
466423,P,2001-05-14,40071,2,99.08,1.40,,
466424,P,2002-04-15,76658,10,13.39,8.36,,
466425,P,2001-01-14,8074,5,29.17,8.99,,
466426,P,2002-02-16,11905,10,74.51,5.93,,
466427,P,2000-06-27,90702,2,64.65,8.45,,
466428,P,2001-09-05,49417,1,89.97,0.93,,
466429,P,2001-03-05,18543,9,53.24,5.87,,
466430,P,2001-04-11,73085,3,55.64,3.02,,
466431,P,2001-05-24,91146,7,78.69,5.23,,
466432,P,2001-09-19,85464,3,10.48,5.49,,
466433,P,2002-06-19,56573,4,66.88,6.35,,
466434,P,2001-10-21,91867,8,62.04,8.58,,
466435,P,2000-09-24,50463,6,90.61,1.36,,
466436,P,2000-03-02,94262,1,20.12,5.11,,
466437,P,2001-07-09,24866,3,56.16,9.77,,
466438,P,2000-08-25,51627,8,46.96,1.37,,
466439,P,2000-10-27,17679,10,55.78,2.91,,
466440,P,2001-08-13,80358,10,5.49,0.42,,
466441,P,2000-12-28,24502,10,86.88,7.16,,
466442,P,2002-09-15,4247,8,96.96,6.64,,
466443,P,2001-11-15,63932,9,49.74,6.49,,
466444,P,2000-01-25,77991,5,99.67,4.80,,
466445,P,2001-12-13,67830,2,19.10,0.66,,
466446,P,2000-01-14,2486,7,95.63,8.26,,
466447,P,2000-08-29,39160,3,38.36,2.92,,
466448,P,2001-04-25,10328,10,49.26,8.98,,
466449,P,2001-02-20,38505,10,76.71,5.36,,
466450,P,2000-08-19,26720,1,13.98,6.54,,
466451,P,2001-04-13,46543,4,62.08,1.37,,
466452,P,2002-04-08,95098,8,33.30,2.71,,
466453,P,2002-06-26,14626,7,47.31,6.35,,
466454,P,2001-11-30,4495,2,4.72,4.00,,
466455,P,2001-10-28,10337,9,81.16,6.85,,
466456,P,2002-09-17,12753,1,47.26,3.37,,
466457,P,2002-03-11,32683,9,26.57,1.97,,
466458,P,2002-09-10,72505,1,77.87,6.60,,
466459,P,2001-01-17,51086,9,63.01,9.48,,
466460,P,2001-11-06,19856,4,3.01,8.40,,
466461,P,2000-11-16,26610,7,70.52,5.24,,
466462,P,2002-02-08,72048,4,26.40,8.12,,
466463,P,2001-07-29,95448,2,13.62,7.84,,
466464,P,2002-03-27,7516,3,28.80,2.78,,
466465,P,2000-02-18,52361,1,83.38,9.67,,
466466,P,2002-01-04,24841,8,44.47,5.19,,
466467,P,2000-07-11,33332,3,73.58,2.40,,
466468,P,2000-06-04,97233,3,96.61,1.78,,
466469,P,2001-10-24,18675,1,66.28,0.06,,
466470,P,2001-12-27,9029,2,66.34,7.26,,
466471,P,2002-04-29,58207,10,84.37,2.23,,
466472,P,2001-05-27,52958,1,77.58,8.93,,
466473,P,2000-09-06,36395,10,6.73,7.42,,
466474,P,2000-12-15,5865,3,77.11,1.77,,
466475,P,2002-05-05,87749,1,88.38,8.66,,
466476,P,2001-08-12,51228,2,7.16,4.82,,
466477,P,2000-09-15,17090,6,73.60,6.47,,
466478,P,2001-12-22,40381,3,91.11,8.82,,
466479,P,2001-06-27,61408,8,93.78,0.27,,
466480,P,2002-08-18,84149,10,49.08,6.95,,
466481,P,2001-07-07,81662,8,54.14,9.47,,
466482,P,2002-07-31,76865,10,98.77,3.76,,
466483,P,2002-07-14,71545,6,48.29,7.18,,
466484,P,2001-08-21,35179,7,41.56,1.59,,
466485,P,2001-04-26,84087,6,88.94,1.03,,
466486,P,2002-03-25,6302,1,14.93,1.19,,
466487,P,2000-09-23,14831,4,31.34,1.36,,
466488,P,2002-01-08,81607,6,21.91,1.28,,
466489,P,2000-08-29,63399,6,32.16,9.86,,
466490,P,2002-02-15,22585,5,22.84,1.14,,
466491,P,2000-01-24,84625,5,33.23,0.27,,
466492,P,2001-06-23,87429,10,36.79,0.41,,
466493,P,2000-11-26,52027,6,96.50,1.19,,
466494,P,2002-09-02,92585,7,68.95,7.92,,
466495,P,2000-09-28,96420,4,87.35,3.76,,
466496,P,2000-05-27,27641,1,47.57,8.70,,
466497,P,2001-04-16,60895,2,53.92,6.21,,
466498,P,2001-04-09,31545,2,16.14,9.68,,
466499,P,2002-06-03,27445,9,47.19,3.48,,
466500,P,2000-04-28,24969,7,65.92,7.47,,
466501,P,2001-07-02,2036,1,89.13,2.75,,
466502,P,2000-07-27,47790,2,10.13,2.88,,
466503,P,2000-03-28,96955,8,92.42,9.19,,
466504,P,2002-03-27,62938,7,40.83,5.37,,
466505,P,2001-12-10,95245,10,87.79,5.96,,
466506,P,2001-07-01,94800,9,66.67,5.55,,
466507,P,2001-11-06,89932,9,31.63,2.58,,
466508,P,2000-01-16,61689,4,21.15,1.74,,
466509,P,2001-10-25,50983,7,53.31,1.78,,
466510,P,2001-07-27,97818,7,67.46,1.74,,
466511,P,2001-11-13,49331,10,2.20,9.92,,
466512,P,2001-05-18,75437,9,57.75,2.93,,
466513,P,2002-09-13,21941,1,17.18,9.98,,
466514,P,2001-05-16,57535,4,66.31,2.24,,
466515,P,2001-09-04,15382,9,36.92,9.14,,
466516,P,2001-01-12,48140,2,3.44,3.13,,
466517,P,2000-09-19,5205,7,9.46,9.05,,
466518,P,2000-02-21,83441,6,53.08,2.31,,
466519,P,2000-05-19,69477,3,93.32,2.35,,
466520,P,2000-09-05,7871,3,74.05,6.16,,
466521,P,2000-05-26,70828,5,18.49,9.15,,
466522,P,2001-08-28,46083,2,36.01,7.05,,
466523,P,2002-09-17,14952,10,70.10,6.35,,
466524,P,2001-05-29,58045,10,33.45,9.60,,
466525,P,2000-05-30,6070,3,99.76,1.37,,
466526,P,2001-10-14,56085,1,98.79,1.84,,
466527,P,2001-07-04,67532,3,52.42,0.34,,
466528,P,2000-09-05,62425,3,84.45,5.28,,
466529,P,2002-09-18,27861,9,52.49,7.38,,
466530,P,2001-05-15,6596,10,44.87,8.55,,
466531,P,2002-01-19,73980,5,2.11,8.04,,
466532,P,2001-05-21,28774,2,24.10,7.83,,
466533,P,2000-07-26,40923,6,32.55,9.52,,
466534,P,2000-06-14,32894,10,82.98,6.53,,
466535,P,2000-04-09,65270,4,58.76,8.87,,
466536,P,2000-04-01,56825,5,72.61,3.91,,
466537,P,2000-11-25,41520,6,10.39,0.30,,
466538,P,2000-05-02,1445,4,63.54,4.08,,
466539,P,2002-06-11,59758,10,4.45,9.80,,
466540,P,2002-09-15,5032,6,15.62,2.74,,
466541,P,2000-04-11,9568,5,40.87,8.69,,
466542,P,2000-06-13,46200,9,33.25,6.18,,
466543,P,2002-01-04,12368,10,21.32,2.52,,
466544,P,2000-05-23,68197,7,32.91,8.65,,
466545,P,2002-05-14,3438,5,54.89,2.47,,
466546,P,2002-08-01,54492,7,22.06,8.65,,
466547,P,2001-05-24,19938,10,68.02,6.15,,
466548,P,2000-02-07,29784,5,91.07,7.24,,
466549,P,2000-08-08,46089,1,78.11,4.55,,
466550,P,2000-11-20,91819,9,41.40,7.30,,
466551,P,2001-08-07,1704,10,53.86,0.27,,
466552,P,2000-05-01,80152,2,88.39,1.54,,
466553,P,2000-08-09,64693,9,81.80,7.74,,
466554,P,2002-06-05,64557,9,96.46,0.66,,
466555,P,2001-12-02,94149,2,85.79,8.90,,
466556,P,2000-07-10,94413,2,45.33,9.38,,
466557,P,2001-04-29,96418,5,75.49,5.02,,
466558,P,2000-12-26,93439,7,96.36,1.99,,
466559,P,2000-04-01,18260,4,79.86,6.87,,
466560,P,2000-02-03,93015,10,57.36,1.23,,
466561,P,2000-12-11,60857,3,87.81,4.10,,
466562,P,2002-04-10,97768,3,51.54,0.56,,
466563,P,2000-08-15,37457,4,64.49,4.93,,
466564,P,2002-08-25,23895,4,85.49,1.81,,
466565,P,2001-01-20,14715,5,26.58,4.16,,
466566,P,2000-01-03,28189,6,78.72,2.81,,
466567,P,2000-09-12,26534,8,42.97,5.71,,
466568,P,2000-12-30,93289,4,61.15,1.21,,
466569,P,2001-03-01,51645,6,43.93,3.25,,
466570,P,2001-11-08,27488,8,80.20,0.78,,
466571,P,2000-09-06,36334,8,18.84,6.37,,
466572,P,2002-01-05,55330,10,61.43,8.99,,
466573,P,2001-10-25,46159,9,89.24,0.60,,
466574,P,2001-08-26,35743,2,15.47,2.62,,
466575,P,2001-10-22,23672,9,47.08,0.93,,
466576,P,2000-10-30,44771,8,1.41,1.15,,
466577,P,2000-02-07,21751,9,52.70,3.42,,
466578,P,2001-12-14,90351,4,68.07,4.97,,
466579,P,2000-03-12,18571,9,53.11,1.28,,
466580,P,2000-10-15,74057,3,99.41,5.63,,
466581,P,2001-09-27,62678,9,83.10,2.78,,
466582,P,2000-04-10,91137,9,60.68,1.48,,
466583,P,2001-12-08,80428,10,17.55,1.46,,
466584,P,2000-12-16,77671,2,27.18,9.08,,
466585,P,2002-04-22,20705,1,53.62,6.80,,
466586,P,2001-11-28,90017,1,16.71,2.48,,
466587,P,2001-04-03,92698,8,75.93,7.65,,
466588,P,2002-07-03,8079,3,95.91,4.67,,
466589,P,2000-11-17,98963,5,31.24,8.88,,
466590,P,2001-08-28,93752,6,45.30,4.21,,
466591,P,2000-02-28,98732,3,38.86,3.30,,
466592,P,2002-01-19,44207,7,90.97,4.74,,
466593,P,2000-06-08,85776,8,3.59,4.46,,
466594,P,2001-12-10,89358,8,66.56,8.22,,
466595,P,2002-07-25,62856,10,24.83,3.25,,
466596,P,2002-07-28,1480,2,32.14,5.45,,
466597,P,2001-04-08,73122,4,65.36,2.30,,
466598,P,2001-07-29,34529,9,4.75,0.32,,
466599,P,2000-01-09,43985,8,52.00,7.25,,
466600,P,2002-05-05,36719,3,69.04,2.18,,
466601,P,2001-01-18,78226,9,2.00,2.79,,
466602,P,2002-05-08,47525,7,15.35,3.99,,
466603,P,2002-06-26,70444,5,39.53,9.37,,
466604,P,2001-07-30,1028,10,38.61,4.68,,
466605,P,2000-06-23,39595,9,35.50,8.33,,
466606,P,2002-09-07,53406,7,14.80,5.87,,
466607,P,2001-04-10,55856,1,91.78,1.24,,
466608,P,2000-03-27,50297,10,99.38,8.22,,
466609,P,2000-11-06,70374,3,69.86,3.82,,
466610,P,2002-04-25,23410,10,58.24,1.29,,
466611,P,2000-11-29,52436,1,17.44,7.04,,
466612,P,2000-06-14,66913,2,14.26,5.03,,
466613,P,2001-02-10,24454,9,68.36,7.31,,
466614,P,2000-04-03,43145,9,95.48,3.52,,
466615,P,2001-03-09,26817,5,68.90,6.29,,
466616,P,2000-06-24,42649,5,27.47,7.95,,
466617,P,2001-09-25,95515,5,87.02,6.52,,
466618,P,2000-03-21,31950,8,5.32,4.96,,
466619,P,2000-03-24,11247,9,73.74,1.60,,
466620,P,2002-01-02,68904,2,59.15,8.69,,
466621,P,2001-04-09,93828,2,60.39,0.17,,
466622,P,2000-08-18,74064,6,18.38,2.99,,
466623,P,2001-11-10,68046,6,60.29,3.58,,
466624,P,2001-12-04,20131,1,44.59,7.07,,
466625,P,2001-11-25,87763,7,59.16,9.77,,
466626,P,2001-12-10,24892,5,43.63,8.85,,
466627,P,2002-09-26,28547,6,12.75,9.19,,
466628,P,2000-07-02,67211,5,11.90,7.83,,
466629,P,2000-02-20,23885,9,55.83,0.35,,
466630,P,2001-04-04,9561,10,0.28,9.49,,
466631,P,2001-08-25,6406,10,51.74,3.23,,
466632,P,2000-03-06,4581,2,89.71,8.59,,
466633,P,2001-03-22,59593,10,91.01,6.55,,
466634,P,2000-06-24,33296,2,13.44,9.45,,
466635,P,2001-07-14,49589,3,97.17,8.49,,
466636,P,2001-06-11,76430,1,24.43,0.14,,
466637,P,2000-12-21,71368,3,84.35,0.54,,
466638,P,2001-02-25,34964,8,3.66,6.54,,
466639,P,2000-06-15,11072,10,51.00,3.91,,
466640,P,2000-11-02,77197,2,71.29,9.54,,
466641,P,2001-05-07,59292,10,38.33,7.44,,
466642,P,2002-08-02,59641,6,34.76,4.86,,
466643,P,2002-01-26,55695,3,45.83,1.05,,
466644,P,2001-02-19,48340,1,53.86,3.51,,
466645,P,2001-08-24,56466,2,5.80,5.77,,
466646,P,2002-08-18,80911,7,86.34,9.04,,
466647,P,2000-03-24,18578,7,29.31,5.44,,
466648,P,2002-01-02,80299,7,16.33,5.96,,
466649,P,2001-09-17,8471,7,59.06,0.73,,
466650,P,2001-04-24,32920,7,30.90,2.03,,
466651,P,2002-01-24,50661,8,17.37,4.73,,
466652,P,2000-01-10,43261,8,90.63,9.28,,
466653,P,2001-09-21,16,3,76.88,4.56,,
466654,P,2001-08-26,6691,3,47.43,9.71,,
466655,P,2001-12-20,60277,10,62.02,8.94,,
466656,P,2000-03-01,90919,5,56.30,8.02,,
466657,P,2001-05-05,98844,1,70.76,8.89,,
466658,P,2001-02-15,16134,3,34.20,8.26,,
466659,P,2000-11-01,87307,6,21.75,1.24,,
466660,P,2001-01-18,57947,1,57.47,3.08,,
466661,P,2001-09-18,75750,7,86.61,8.96,,
466662,P,2001-07-16,38887,3,38.75,0.62,,
466663,P,2002-03-20,14346,4,61.89,3.28,,
466664,P,2002-04-09,28540,5,90.45,6.01,,
466665,P,2000-04-24,37072,9,46.06,5.49,,
466666,P,2000-01-23,30280,1,60.89,2.40,,
466667,P,2000-07-05,52052,2,26.33,3.18,,
466668,P,2000-11-09,61916,8,10.76,8.13,,
466669,P,2002-09-04,26240,10,43.76,3.13,,
466670,P,2002-07-08,92693,1,91.68,6.77,,
466671,P,2000-05-31,33111,7,8.68,4.17,,
466672,P,2001-06-14,79036,10,94.45,9.02,,
466673,P,2001-11-17,93226,2,16.48,8.21,,
466674,P,2001-03-05,35315,1,72.07,1.94,,
466675,P,2001-10-27,22775,7,99.86,9.81,,
466676,P,2002-06-30,8547,2,75.23,7.72,,
466677,P,2001-10-07,18265,2,12.06,7.65,,
466678,P,2001-03-16,61461,8,73.08,5.99,,
466679,P,2002-09-27,41724,2,3.56,2.36,,
466680,P,2001-09-16,2301,3,57.58,7.63,,
466681,P,2002-05-16,57764,2,16.81,5.14,,
466682,P,2001-08-07,15688,8,18.08,9.92,,
466683,P,2002-08-27,9415,8,34.38,3.70,,
466684,P,2000-07-30,2514,6,29.76,4.48,,
466685,P,2002-07-16,1536,5,88.65,0.86,,
466686,P,2001-05-24,63780,7,27.29,1.31,,
466687,P,2001-09-27,26641,4,95.23,0.70,,
466688,P,2002-05-14,83006,8,64.20,0.36,,
466689,P,2002-09-18,85944,3,75.34,5.50,,
466690,P,2001-11-12,29505,7,14.08,9.25,,
466691,P,2002-03-03,62234,4,1.73,3.84,,
466692,P,2001-03-22,50470,8,82.54,3.00,,
466693,P,2001-02-05,3203,10,8.89,4.54,,
466694,P,2000-04-04,41347,2,0.53,8.18,,
466695,P,2000-09-01,44817,3,84.16,3.05,,
466696,P,2002-06-02,45951,5,32.35,3.06,,
466697,P,2000-04-16,3555,6,62.35,7.38,,
466698,P,2001-05-04,9703,9,90.33,6.94,,
466699,P,2000-02-27,20542,2,92.81,5.75,,
466700,P,2001-09-17,50004,1,91.50,4.36,,
466701,P,2002-04-25,46822,4,64.85,3.40,,
466702,P,2001-10-06,52917,7,23.65,1.88,,
466703,P,2001-06-05,97442,2,90.64,5.43,,
466704,P,2001-01-27,71687,7,60.93,2.70,,
466705,P,2001-12-18,73964,4,14.26,3.19,,
466706,P,2002-07-03,16605,3,82.06,6.23,,
466707,P,2002-08-26,80671,9,67.29,1.04,,
466708,P,2000-03-27,17592,10,61.64,4.47,,
466709,P,2000-01-28,75954,2,92.06,9.10,,
466710,P,2000-05-12,77572,4,8.46,3.11,,
466711,P,2002-05-27,91095,10,83.80,7.63,,
466712,P,2000-02-29,28449,8,37.65,4.29,,
466713,P,2002-02-20,11403,3,93.10,4.13,,
466714,P,2000-09-08,6676,10,93.31,7.13,,
466715,P,2000-06-29,69101,7,93.10,6.77,,
466716,P,2001-10-26,86199,9,16.92,4.48,,
466717,P,2000-11-26,99487,5,41.53,5.64,,
466718,P,2000-01-10,32504,4,13.10,8.49,,
466719,P,2001-08-16,38242,9,38.35,0.80,,
466720,P,2001-08-31,46897,4,48.76,1.96,,
466721,P,2000-06-06,71440,5,33.04,2.98,,
466722,P,2000-03-16,31641,5,25.92,6.08,,
466723,P,2001-01-04,69498,9,52.16,9.16,,
466724,P,2002-07-02,91478,9,47.49,8.65,,
466725,P,2001-02-16,66483,8,64.74,8.18,,
466726,P,2001-01-22,81063,1,45.97,0.79,,
466727,P,2002-06-05,43882,8,16.36,7.75,,
466728,P,2001-07-26,52075,2,21.72,0.54,,
466729,P,2001-09-16,89815,10,29.25,4.89,,
466730,P,2002-03-14,63346,9,47.82,1.76,,
466731,P,2000-07-10,4251,1,35.01,3.27,,
466732,P,2001-04-24,28685,2,46.84,0.83,,
466733,P,2001-09-02,80343,2,28.06,2.82,,
466734,P,2000-11-10,40098,7,55.84,6.41,,
466735,P,2001-12-27,69301,5,0.85,2.48,,
466736,P,2002-06-16,87719,7,35.56,0.22,,
466737,P,2001-03-11,79766,4,83.35,1.20,,
466738,P,2002-07-14,69124,2,52.19,4.34,,
466739,P,2001-07-10,22060,4,55.92,4.77,,
466740,P,2002-05-28,42252,8,64.06,6.28,,
466741,P,2001-04-10,20232,1,35.99,4.85,,
466742,P,2002-03-13,72928,10,78.79,8.18,,
466743,P,2000-04-06,10947,4,58.40,9.27,,
466744,P,2001-07-16,79271,8,9.05,6.19,,
466745,P,2002-01-20,83253,1,67.94,2.69,,
466746,P,2000-10-05,82350,2,68.98,0.40,,
466747,P,2001-03-23,7268,9,46.58,5.87,,
466748,P,2001-05-22,2414,6,56.01,9.58,,
466749,P,2000-07-07,29268,2,36.77,4.58,,
466750,P,2000-07-06,35162,5,92.09,7.46,,
466751,P,2002-02-06,36579,8,89.14,5.63,,
466752,P,2000-09-11,2402,5,10.75,7.77,,
466753,P,2000-05-19,95938,8,62.31,9.16,,
466754,P,2001-06-01,46426,7,65.59,7.76,,
466755,P,2000-06-06,12078,7,74.65,8.92,,
466756,P,2002-07-21,84300,4,94.17,6.11,,
466757,P,2002-08-28,52096,2,9.28,8.15,,
466758,P,2001-08-29,44031,2,43.06,3.35,,
466759,P,2001-07-08,17016,2,76.72,8.45,,
466760,P,2001-04-01,37829,8,86.98,2.09,,
466761,P,2001-11-10,15395,6,74.88,8.62,,
466762,P,2000-03-08,15326,1,92.68,5.10,,
466763,P,2002-03-30,65831,1,50.64,0.65,,
466764,P,2002-04-23,40279,1,90.96,2.79,,
466765,P,2001-10-21,30169,8,38.51,9.62,,
466766,P,2001-09-22,36610,7,2.66,6.41,,
466767,P,2001-11-20,62219,1,58.53,6.04,,
466768,P,2002-07-24,40835,3,56.51,2.66,,
466769,P,2001-03-09,50750,7,42.54,6.50,,
466770,P,2001-10-07,67617,2,96.35,7.45,,
466771,P,2002-07-23,87270,5,20.36,5.16,,
466772,P,2001-03-28,84730,8,1.87,1.74,,
466773,P,2001-10-12,5127,5,36.83,1.37,,
466774,P,2000-12-16,65940,1,15.83,1.85,,
466775,P,2001-12-15,37317,3,54.03,9.84,,
466776,P,2000-07-19,46207,6,35.85,3.22,,
466777,P,2000-01-05,99626,8,57.76,3.14,,
466778,P,2000-07-12,21903,1,51.11,1.87,,
466779,P,2001-10-07,51165,1,68.32,2.53,,
466780,P,2001-03-13,14852,6,49.51,0.41,,
466781,P,2000-02-17,3132,6,13.22,8.39,,
466782,P,2002-01-12,45997,10,85.03,0.79,,
466783,P,2001-08-24,46364,10,64.23,6.50,,
466784,P,2000-03-24,55222,2,43.24,8.57,,
466785,P,2001-01-23,14495,9,43.70,6.16,,
466786,P,2001-12-23,1095,2,81.86,9.20,,
466787,P,2000-09-08,6106,4,95.30,5.03,,
466788,P,2000-08-18,35748,1,69.63,1.35,,
466789,P,2000-04-09,8132,3,63.05,6.15,,
466790,P,2001-05-06,9352,4,46.63,5.12,,
466791,P,2000-02-28,47345,10,90.46,4.43,,
466792,P,2000-04-03,75556,2,87.16,0.94,,
466793,P,2001-04-26,51326,6,23.19,1.66,,
466794,P,2002-08-29,911,1,59.67,0.49,,
466795,P,2002-06-10,66798,1,73.53,0.91,,
466796,P,2000-11-18,2376,2,34.65,8.93,,
466797,P,2002-03-22,14431,3,24.59,5.56,,
466798,P,2002-05-07,86002,1,44.79,5.88,,
466799,P,2001-08-14,30750,2,52.05,2.88,,
466800,P,2000-04-12,13650,7,49.60,6.04,,
466801,P,2002-09-05,62728,3,16.85,8.58,,
466802,P,2000-04-23,24163,5,27.54,4.04,,
466803,P,2001-07-21,4542,2,0.76,8.16,,
466804,P,2001-08-02,57078,9,4.68,6.69,,
466805,P,2000-02-14,87031,4,30.40,8.46,,
466806,P,2001-06-23,30962,10,71.56,4.16,,
466807,P,2001-06-01,68409,2,68.58,5.96,,
466808,P,2001-09-04,93502,2,80.96,0.63,,
466809,P,2002-02-05,66460,1,95.53,8.72,,
466810,P,2000-04-14,62189,2,25.06,6.15,,
466811,P,2002-03-19,87110,4,33.54,7.48,,
466812,P,2001-09-03,96707,3,99.70,2.28,,
466813,P,2001-04-02,59580,5,55.74,9.05,,
466814,P,2000-07-02,58080,5,75.59,1.84,,
466815,P,2001-05-12,27676,5,1.40,8.91,,
466816,P,2000-04-08,95248,3,25.29,1.52,,
466817,P,2000-02-06,56631,5,90.14,8.76,,
466818,P,2002-06-29,38793,2,75.94,2.71,,
466819,P,2000-08-24,91684,6,78.50,9.58,,
466820,P,2001-02-16,3405,7,43.91,8.37,,
466821,P,2000-09-14,22089,8,10.37,1.89,,
466822,P,2002-08-23,71110,4,67.34,4.64,,
466823,P,2000-05-02,40032,6,39.62,9.95,,
466824,P,2000-10-04,73317,4,52.89,4.18,,
466825,P,2001-06-20,1648,8,46.82,1.97,,
466826,P,2001-12-22,87303,10,71.25,4.60,,
466827,P,2001-05-10,20935,9,37.57,5.73,,
466828,P,2000-05-15,29310,4,40.39,2.72,,
466829,P,2002-02-08,16336,3,20.14,7.19,,
466830,P,2002-08-21,95082,2,31.91,9.49,,
466831,P,2002-01-07,3498,5,20.88,8.11,,
466832,P,2001-11-07,75064,8,31.63,4.11,,
466833,P,2000-01-08,26283,2,96.60,9.91,,
466834,P,2000-02-29,75092,6,92.83,4.86,,
466835,P,2001-01-16,36144,1,47.99,1.00,,
466836,P,2001-11-26,15100,4,34.91,4.08,,
466837,P,2001-09-14,57118,5,72.40,6.76,,
466838,P,2000-05-20,84714,5,11.68,9.34,,
466839,P,2001-08-26,89201,4,11.72,2.53,,
466840,P,2001-09-30,97378,9,39.99,5.33,,
466841,P,2000-04-28,87502,2,61.80,2.80,,
466842,P,2002-07-02,13809,4,68.51,8.78,,
466843,P,2001-01-10,72318,5,69.80,5.34,,
466844,P,2001-06-19,58003,10,91.79,5.68,,
466845,P,2000-12-24,90634,3,53.35,2.17,,
466846,P,2001-02-11,81573,2,66.43,6.45,,
466847,P,2002-05-02,69911,6,75.28,5.17,,
466848,P,2001-12-27,11807,5,85.63,4.36,,
466849,P,2001-02-01,45104,5,26.77,8.85,,
466850,P,2001-08-03,67366,8,32.83,3.37,,
466851,P,2002-05-17,18114,8,68.44,0.47,,
466852,P,2001-08-09,69423,10,98.06,5.30,,
466853,P,2001-06-29,21019,1,64.49,1.13,,
466854,P,2001-01-09,19386,7,97.27,6.41,,
466855,P,2002-08-24,59628,1,78.37,5.67,,
466856,P,2001-07-11,52708,3,40.77,7.53,,
466857,P,2000-11-30,3571,9,31.50,7.17,,
466858,P,2001-09-12,60384,8,11.23,8.86,,
466859,P,2000-01-21,63196,6,74.42,1.83,,
466860,P,2000-09-26,81367,7,87.39,4.61,,
466861,P,2002-07-15,58666,9,2.95,8.40,,
466862,P,2001-08-11,87667,1,40.38,3.41,,
466863,P,2001-09-28,92569,6,51.80,6.85,,
466864,P,2000-07-14,85061,4,93.84,9.57,,
466865,P,2000-10-26,34246,1,32.36,2.90,,
466866,P,2002-05-03,51661,4,46.01,7.92,,
466867,P,2000-03-31,64070,2,3.34,3.41,,
466868,P,2000-05-29,92080,5,92.18,2.69,,
466869,P,2001-09-14,79239,3,22.00,7.85,,
466870,P,2000-01-31,66281,9,43.39,1.50,,
466871,P,2000-09-13,4628,1,73.38,5.00,,
466872,P,2000-11-18,1240,1,91.45,8.76,,
466873,P,2000-08-30,23099,7,79.54,2.09,,
466874,P,2001-10-22,71979,3,53.00,8.99,,
466875,P,2000-08-01,86873,7,84.94,1.34,,
466876,P,2001-11-15,76713,10,53.48,6.20,,
466877,P,2002-02-19,83065,1,5.48,5.92,,
466878,P,2001-07-01,84995,7,65.42,6.98,,
466879,P,2001-11-13,91200,3,67.13,8.04,,
466880,P,2000-06-23,71894,7,28.45,3.83,,
466881,P,2001-12-11,65236,8,51.00,1.64,,
466882,P,2000-06-29,33013,4,28.18,8.01,,
466883,P,2001-05-25,51313,10,66.69,3.40,,
466884,P,2000-11-24,15553,2,32.51,2.75,,
466885,P,2000-03-17,59448,8,76.62,3.21,,
466886,P,2002-07-02,98691,9,75.12,6.33,,
466887,P,2001-08-20,91749,8,53.50,7.47,,
466888,P,2001-06-20,56980,3,79.19,8.10,,
466889,P,2001-06-26,19053,3,84.68,2.75,,
466890,P,2002-01-14,43578,5,81.76,8.43,,
466891,P,2000-10-01,32951,2,31.41,8.42,,
466892,P,2002-04-16,73956,2,38.62,0.43,,
466893,P,2000-03-28,24840,3,9.01,2.42,,
466894,P,2000-12-05,23105,5,75.64,8.14,,
466895,P,2001-02-23,23731,6,77.10,9.26,,
466896,P,2000-01-31,86037,7,43.29,2.68,,
466897,P,2000-07-03,54292,5,53.39,5.81,,
466898,P,2000-02-03,91753,3,0.63,5.25,,
466899,P,2001-05-21,50623,5,19.90,5.37,,
466900,P,2000-02-01,27668,1,46.99,2.53,,
466901,P,2000-08-10,73064,8,58.24,7.11,,
466902,P,2000-05-12,98535,2,11.73,5.48,,
466903,P,2002-07-19,25782,1,41.43,3.73,,
466904,P,2000-10-27,32271,3,42.62,0.70,,
466905,P,2001-10-28,18362,4,34.55,3.54,,
466906,P,2000-10-16,45572,10,13.88,5.20,,
466907,P,2000-10-20,23730,8,54.17,9.55,,
466908,P,2000-01-01,79359,10,8.15,2.89,,
466909,P,2001-12-10,49464,1,60.60,1.94,,
466910,P,2002-02-16,72481,8,56.17,8.89,,
466911,P,2000-09-21,61181,2,33.90,1.50,,
466912,P,2001-10-07,28321,10,92.88,2.08,,
466913,P,2000-04-17,88624,10,47.42,7.73,,
466914,P,2001-06-28,55237,10,18.25,7.71,,
466915,P,2001-01-12,56162,8,67.12,7.35,,
466916,P,2002-06-18,24517,8,81.12,0.67,,
466917,P,2000-10-30,86044,10,66.66,3.92,,
466918,P,2001-04-02,82859,3,29.39,8.82,,
466919,P,2000-02-26,34511,7,70.06,1.73,,
466920,P,2001-03-01,45080,7,85.58,1.75,,
466921,P,2001-10-05,40057,5,11.17,5.57,,
466922,P,2000-09-21,80282,10,30.87,7.28,,
466923,P,2001-01-19,16381,6,37.65,1.32,,
466924,P,2000-05-30,45553,9,29.52,0.97,,
466925,P,2000-09-28,40940,2,41.99,7.80,,
466926,P,2002-05-09,36219,5,78.63,1.42,,
466927,P,2001-04-17,54830,8,82.48,8.46,,
466928,P,2002-08-14,43723,3,79.93,5.61,,
466929,P,2000-11-14,78127,5,13.79,5.69,,
466930,P,2000-08-06,55787,9,85.09,2.98,,
466931,P,2002-04-28,63127,4,13.25,9.62,,
466932,P,2002-07-18,11153,3,76.00,5.81,,
466933,P,2000-12-04,75846,1,67.53,5.28,,
466934,P,2000-02-13,82341,5,55.25,1.92,,
466935,P,2002-02-09,73164,9,58.76,8.28,,
466936,P,2001-12-10,80419,7,98.52,6.07,,
466937,P,2001-12-04,49116,5,19.84,9.34,,
466938,P,2001-10-23,73974,3,70.83,3.22,,
466939,P,2002-05-27,99227,8,31.55,8.37,,
466940,P,2000-12-07,19837,5,90.86,3.13,,
466941,P,2000-08-13,76341,8,48.77,7.06,,
466942,P,2001-11-08,46659,6,57.51,9.23,,
466943,P,2001-05-25,69635,9,91.58,9.55,,
466944,P,2000-12-31,53853,10,9.00,0.82,,
466945,P,2002-09-25,20174,4,99.46,4.63,,
466946,P,2000-05-24,20040,1,30.89,3.09,,
466947,P,2000-12-01,83165,5,62.99,7.94,,
466948,P,2002-01-04,13552,8,74.52,6.26,,
466949,P,2000-01-12,65042,1,31.54,2.93,,
466950,P,2001-05-23,61788,4,77.46,8.24,,
466951,P,2001-01-26,74899,1,20.84,7.18,,
466952,P,2001-11-24,3502,6,55.76,0.83,,
466953,P,2002-05-25,65385,5,9.27,3.21,,
466954,P,2002-05-28,86477,7,60.40,1.77,,
466955,P,2001-12-21,9818,7,30.88,3.75,,
466956,P,2002-04-28,19070,8,71.16,2.98,,
466957,P,2001-09-01,4088,3,75.71,6.00,,
466958,P,2002-08-11,54408,2,72.92,1.55,,
466959,P,2002-01-26,5443,8,41.89,1.41,,
466960,P,2000-07-03,17998,1,23.51,2.01,,
466961,P,2001-02-07,3698,4,34.02,3.46,,
466962,P,2002-05-30,86503,2,64.88,8.97,,
466963,P,2000-12-16,41089,3,51.53,6.28,,
466964,P,2002-05-12,88044,10,24.44,0.88,,
466965,P,2002-09-22,35359,7,87.55,4.48,,
466966,P,2002-08-25,77316,8,69.77,9.79,,
466967,P,2001-12-13,30973,7,5.89,5.70,,
466968,P,2000-08-15,82488,4,46.27,9.69,,
466969,P,2000-12-14,88929,4,10.89,6.02,,
466970,P,2001-06-27,10603,5,96.73,9.26,,
466971,P,2000-09-18,32598,10,1.18,1.09,,
466972,P,2001-12-05,11514,5,7.82,4.51,,
466973,P,2001-11-04,25987,4,11.81,6.81,,
466974,P,2001-07-20,69861,1,65.50,2.49,,
466975,P,2002-06-01,40660,1,83.13,7.11,,
466976,P,2000-03-26,46121,9,96.18,9.33,,
466977,P,2000-11-04,47945,2,44.44,0.67,,
466978,P,2001-01-18,14881,2,12.78,7.76,,
466979,P,2001-09-18,43661,7,60.93,5.76,,
466980,P,2001-11-30,26321,8,93.39,9.48,,
466981,P,2002-06-23,17371,2,19.14,5.46,,
466982,P,2000-11-15,66897,7,84.32,0.42,,
466983,P,2000-10-20,5402,9,18.66,1.46,,
466984,P,2002-04-08,54233,2,67.15,1.41,,
466985,P,2002-04-30,12382,5,89.04,6.41,,
466986,P,2001-01-15,10612,5,43.69,5.05,,
466987,P,2002-01-07,72029,6,33.62,3.51,,
466988,P,2001-05-20,44895,8,92.25,9.94,,
466989,P,2002-07-10,25904,4,88.45,0.19,,
466990,P,2002-05-12,4081,9,34.63,3.35,,
466991,P,2002-04-16,83845,9,64.02,8.09,,
466992,P,2001-07-04,37147,7,67.62,6.38,,
466993,P,2001-11-04,96099,3,49.99,7.11,,
466994,P,2000-02-10,8634,7,97.43,6.45,,
466995,P,2000-02-11,89410,2,20.52,2.73,,
466996,P,2000-05-28,83433,2,11.90,5.01,,
466997,P,2002-02-28,41354,8,42.51,5.04,,
466998,P,2001-02-06,43956,7,18.59,3.78,,
466999,P,2001-09-01,66965,9,6.87,4.05,,
467000,P,2001-11-23,13773,2,0.17,0.29,,
467001,P,2001-08-23,67377,6,6.97,7.60,,
467002,P,2000-07-23,30034,10,73.09,1.55,,
467003,P,2000-08-30,42517,3,43.75,9.59,,
467004,P,2000-05-31,7036,3,46.53,9.35,,
467005,P,2002-04-27,46803,3,41.38,2.57,,
467006,P,2001-08-03,82400,1,85.14,6.08,,
467007,P,2001-04-20,65489,5,68.08,8.01,,
467008,P,2001-03-26,77964,5,23.70,5.85,,
467009,P,2000-11-17,35434,6,82.24,2.18,,
467010,P,2000-07-10,51054,8,66.99,6.06,,
467011,P,2000-01-03,3895,7,28.72,3.87,,
467012,P,2001-10-06,8475,8,39.76,7.12,,
467013,P,2001-11-21,6101,9,49.79,5.80,,
467014,P,2001-06-14,11572,8,12.11,9.89,,
467015,P,2000-08-22,31135,5,20.16,6.48,,
467016,P,2000-04-22,78021,5,91.90,0.27,,
467017,P,2000-02-29,54964,4,46.48,0.77,,
467018,P,2000-01-30,83275,9,10.69,1.46,,
467019,P,2002-01-12,39990,1,39.13,6.21,,
467020,P,2001-11-30,78637,1,61.00,5.86,,
467021,P,2001-02-15,44809,7,60.44,7.43,,
467022,P,2001-08-22,5447,6,99.94,0.71,,
467023,P,2000-12-29,79772,1,11.25,1.77,,
467024,P,2001-07-08,37904,4,27.95,9.94,,
467025,P,2001-10-11,38894,6,86.97,8.25,,
467026,P,2002-02-04,18860,5,48.49,1.71,,
467027,P,2002-02-25,73242,7,23.85,6.60,,
467028,P,2000-12-19,24564,8,32.76,7.10,,
467029,P,2002-06-19,86239,2,5.89,7.16,,
467030,P,2000-07-09,84278,4,91.68,2.67,,
467031,P,2001-08-30,71603,5,37.14,9.48,,
467032,P,2000-01-19,87680,9,12.92,7.38,,
467033,P,2002-01-02,57529,10,96.25,3.57,,
467034,P,2001-05-22,41663,3,7.20,4.91,,
467035,P,2000-02-27,27638,4,44.95,7.39,,
467036,P,2002-08-17,68563,6,23.12,7.61,,
467037,P,2000-08-22,81677,9,17.63,3.05,,
467038,P,2002-04-14,36508,7,86.60,1.39,,
467039,P,2002-08-28,32820,10,37.75,6.07,,
467040,P,2000-09-10,22359,9,62.60,3.95,,
467041,P,2001-07-27,29369,6,90.23,4.60,,
467042,P,2000-10-25,32044,8,15.27,4.96,,
467043,P,2002-02-03,81194,4,49.86,8.35,,
467044,P,2001-08-15,51889,5,51.41,9.65,,
467045,P,2002-05-15,731,10,0.33,0.52,,
467046,P,2000-06-12,65487,8,74.84,5.25,,
467047,P,2000-10-24,63748,2,75.20,0.07,,
467048,P,2001-02-18,96768,4,52.67,4.47,,
467049,P,2001-01-04,34572,7,75.79,9.80,,
467050,P,2002-09-14,89410,6,34.00,0.67,,
467051,P,2000-08-03,31100,9,58.60,5.80,,
467052,P,2000-06-29,55574,6,79.71,4.69,,
467053,P,2000-09-14,82424,8,35.73,3.45,,
467054,P,2001-08-21,94033,8,9.41,8.81,,
467055,P,2001-01-29,54229,1,69.59,6.24,,
467056,P,2000-01-09,87895,3,30.78,4.71,,
467057,P,2000-04-13,59427,10,52.05,9.12,,
467058,P,2002-09-11,36581,10,28.37,9.48,,
467059,P,2002-02-24,69770,5,49.98,8.52,,
467060,P,2000-05-06,92245,4,35.97,3.04,,
467061,P,2001-12-18,33185,10,56.44,4.26,,
467062,P,2000-02-15,32963,10,99.84,3.15,,
467063,P,2001-10-24,20,10,43.89,8.74,,
467064,P,2001-03-22,98268,10,53.35,8.32,,
467065,P,2000-04-18,5661,1,75.15,4.24,,
467066,P,2001-10-23,69351,9,28.62,0.31,,
467067,P,2001-07-18,76097,8,89.14,2.80,,
467068,P,2000-10-06,4786,3,78.56,3.39,,
467069,P,2002-03-26,244,6,20.60,9.32,,
467070,P,2002-02-15,34105,4,77.98,8.16,,
467071,P,2001-04-30,6815,2,7.99,2.43,,
467072,P,2000-06-15,39859,8,83.61,8.85,,
467073,P,2000-08-22,8993,3,49.31,7.78,,
467074,P,2001-11-17,98282,10,36.29,0.11,,
467075,P,2002-08-19,25137,8,99.85,1.78,,
467076,P,2002-04-10,29672,6,21.74,6.26,,
467077,P,2002-09-01,89092,1,80.33,2.40,,
467078,P,2002-05-06,64152,3,82.30,3.50,,
467079,P,2000-06-29,33720,6,62.82,5.63,,
467080,P,2000-02-01,34367,6,77.76,4.07,,
467081,P,2001-11-08,99972,1,39.91,4.69,,
467082,P,2001-07-01,67935,10,72.72,4.32,,
467083,P,2000-01-18,69278,3,92.91,4.74,,
467084,P,2001-09-08,54121,3,3.77,0.68,,
467085,P,2000-01-11,12092,6,44.89,5.87,,
467086,P,2001-12-02,8284,7,72.76,1.38,,
467087,P,2001-03-10,5392,6,51.32,8.75,,
467088,P,2002-02-27,99315,7,75.70,1.24,,
467089,P,2002-05-09,10275,4,99.62,3.46,,
467090,P,2000-12-24,17813,7,83.20,1.33,,
467091,P,2001-06-01,43577,5,6.03,3.12,,
467092,P,2001-01-03,53171,5,16.55,4.39,,
467093,P,2001-01-14,90647,10,49.52,5.98,,
467094,P,2001-10-03,35420,8,50.56,0.59,,
467095,P,2001-01-08,36954,4,54.98,8.82,,
467096,P,2000-12-04,99137,3,68.80,5.19,,
467097,P,2001-01-17,61,4,91.12,8.34,,
467098,P,2000-02-23,32774,2,83.27,6.23,,
467099,P,2001-07-22,67916,2,74.85,8.16,,
467100,P,2001-12-25,50381,5,59.65,0.75,,
467101,P,2000-07-18,30489,5,35.98,4.61,,
467102,P,2000-03-11,21496,4,14.61,9.40,,
467103,P,2001-02-27,45824,10,48.09,3.38,,
467104,P,2002-04-16,57604,1,12.72,3.26,,
467105,P,2002-07-28,83205,3,6.31,0.55,,
467106,P,2002-02-23,37535,7,0.09,3.75,,
467107,P,2001-06-23,74859,8,96.71,7.26,,
467108,P,2002-03-29,35382,8,94.73,0.88,,
467109,P,2001-09-03,96246,4,98.43,7.87,,
467110,P,2000-07-24,5464,4,71.70,2.88,,
467111,P,2001-09-29,60092,2,56.33,5.92,,
467112,P,2000-10-20,71648,3,17.91,1.40,,
467113,P,2002-01-24,11738,9,36.52,5.91,,
467114,P,2001-08-04,81616,10,58.66,0.96,,
467115,P,2000-06-11,23140,4,19.77,5.79,,
467116,P,2000-10-24,16802,3,62.78,0.60,,
467117,P,2002-07-26,35625,9,60.25,5.10,,
467118,P,2002-08-30,75226,4,86.59,8.16,,
467119,P,2000-04-24,66893,5,93.32,7.86,,
467120,P,2000-02-01,51663,9,78.42,4.04,,
467121,P,2001-07-13,15337,2,9.65,0.77,,
467122,P,2001-04-22,24300,8,93.31,1.27,,
467123,P,2000-03-05,64899,7,28.55,9.85,,
467124,P,2002-07-21,91440,7,5.04,4.56,,
467125,P,2000-01-01,59635,3,56.18,9.00,,
467126,P,2002-02-01,42279,9,76.76,5.45,,
467127,P,2001-12-09,37614,9,74.19,9.97,,
467128,P,2001-08-13,79051,4,58.71,2.27,,
467129,P,2002-01-26,37101,8,33.24,6.50,,
467130,P,2002-08-05,4396,1,67.81,9.74,,
467131,P,2001-11-09,53467,2,61.76,6.92,,
467132,P,2000-01-15,81442,9,52.96,3.65,,
467133,P,2001-02-01,93479,3,2.69,9.14,,
467134,P,2000-06-25,68318,9,48.76,8.09,,
467135,P,2001-10-19,15087,10,46.03,7.23,,
467136,P,2000-07-01,85531,9,44.63,9.60,,
467137,P,2002-08-07,11788,8,7.42,7.52,,
467138,P,2002-04-10,52503,8,71.76,7.01,,
467139,P,2001-03-06,95264,5,81.14,5.94,,
467140,P,2001-02-18,99919,5,85.98,1.48,,
467141,P,2001-08-06,23759,3,30.98,5.08,,
467142,P,2000-02-29,57522,4,59.67,0.98,,
467143,P,2000-03-03,66965,9,38.81,2.33,,
467144,P,2000-03-11,74964,10,73.86,8.58,,
467145,P,2002-02-25,66749,2,2.12,6.99,,
467146,P,2000-12-03,12556,9,70.05,8.99,,
467147,P,2000-02-04,57504,9,51.03,2.89,,
467148,P,2000-10-17,13892,2,79.73,8.74,,
467149,P,2002-03-19,69562,4,73.07,7.52,,
467150,P,2002-04-11,31474,2,9.26,3.07,,
467151,P,2000-09-11,81972,1,51.68,6.10,,
467152,P,2001-11-03,24578,3,88.38,6.52,,
467153,P,2000-11-17,38744,10,17.27,8.72,,
467154,P,2002-01-07,25194,9,64.27,7.42,,
467155,P,2000-03-09,56107,6,6.64,0.99,,
467156,P,2002-04-16,90743,7,9.94,4.31,,
467157,P,2002-09-20,10864,10,68.37,8.64,,
467158,P,2000-01-05,75543,10,88.25,8.15,,
467159,P,2001-11-15,603,7,56.48,2.83,,
467160,P,2000-01-16,69111,3,77.35,4.84,,
467161,P,2000-02-28,53383,10,44.44,3.31,,
467162,P,2000-09-09,72458,1,63.54,3.34,,
467163,P,2001-01-24,606,4,53.70,1.13,,
467164,P,2000-04-25,59892,6,46.48,7.17,,
467165,P,2001-11-27,12582,7,31.84,2.38,,
467166,P,2001-04-20,81631,3,9.32,1.53,,
467167,P,2002-09-27,10312,1,89.40,6.87,,
467168,P,2000-09-02,82740,9,90.61,5.86,,
467169,P,2001-10-25,67858,4,78.46,2.55,,
467170,P,2000-08-11,49844,7,40.64,9.25,,
467171,P,2001-09-15,5906,2,4.71,2.53,,
467172,P,2001-04-25,14142,2,65.69,7.95,,
467173,P,2001-07-17,39190,9,42.01,2.19,,
467174,P,2000-09-23,85868,6,35.50,3.85,,
467175,P,2001-02-04,43982,7,1.48,2.68,,
467176,P,2000-03-22,66905,10,89.31,1.99,,
467177,P,2001-04-23,42904,9,28.68,9.67,,
467178,P,2001-02-16,99509,3,79.40,6.93,,
467179,P,2000-02-10,62171,3,86.49,4.23,,
467180,P,2000-07-21,1684,9,14.77,1.30,,
467181,P,2000-05-09,64954,8,46.92,3.59,,
467182,P,2001-04-01,22525,10,15.78,5.76,,
467183,P,2000-01-04,52955,6,28.01,9.09,,
467184,P,2001-02-03,36591,3,80.78,3.40,,
467185,P,2001-09-25,9165,9,18.22,9.48,,
467186,P,2002-06-05,78341,2,78.44,3.88,,
467187,P,2002-01-09,90490,8,12.64,7.85,,
467188,P,2001-03-18,56193,5,14.15,5.44,,
467189,P,2000-12-10,57994,3,28.63,4.33,,
467190,P,2001-02-10,59322,6,17.26,3.77,,
467191,P,2002-07-24,17962,9,72.32,2.88,,
467192,P,2001-11-27,88700,9,31.10,4.44,,
467193,P,2002-06-14,23718,4,95.27,9.62,,
467194,P,2000-02-09,61282,9,53.94,0.14,,
467195,P,2001-01-26,28698,1,75.65,9.55,,
467196,P,2001-07-08,26545,5,70.11,8.48,,
467197,P,2001-10-04,33324,8,41.50,0.29,,
467198,P,2000-02-12,81681,2,6.59,9.23,,
467199,P,2001-04-19,41329,6,16.39,6.69,,
467200,P,2000-01-18,84789,6,59.22,5.95,,
467201,P,2002-08-30,10800,3,84.80,5.74,,
467202,P,2002-05-12,19889,8,32.16,2.30,,
467203,P,2002-08-13,34514,5,58.90,1.07,,
467204,P,2001-02-25,48495,8,35.66,3.72,,
467205,P,2001-12-29,11487,10,18.81,3.18,,
467206,P,2001-05-26,63365,4,92.92,5.50,,
467207,P,2002-03-03,93421,2,87.58,9.09,,
467208,P,2000-02-26,89319,2,74.00,0.02,,
467209,P,2002-04-30,27037,6,23.72,8.19,,
467210,P,2000-07-19,12513,7,77.67,1.35,,
467211,P,2000-09-09,56784,2,8.11,2.29,,
467212,P,2000-08-16,98189,1,56.96,3.38,,
467213,P,2002-07-10,92193,10,78.19,9.40,,
467214,P,2000-12-19,30542,7,61.23,4.10,,
467215,P,2000-09-04,19056,5,15.95,1.23,,
467216,P,2000-08-27,78646,8,1.62,3.33,,
467217,P,2000-10-12,43484,3,89.29,5.65,,
467218,P,2001-02-06,33164,7,95.16,9.57,,
467219,P,2000-11-08,71732,8,20.65,0.85,,
467220,P,2000-05-31,12067,6,47.71,7.41,,
467221,P,2000-01-21,60842,7,14.32,8.12,,
467222,P,2000-05-10,31592,6,0.65,0.16,,
467223,P,2001-11-29,23719,8,12.63,9.33,,
467224,P,2000-02-22,77407,4,27.59,5.00,,
467225,P,2001-10-21,27641,7,37.05,2.78,,
467226,P,2002-05-14,71581,10,75.28,7.00,,
467227,P,2001-09-11,64550,4,89.43,6.95,,
467228,P,2001-06-24,1520,7,44.77,2.25,,
467229,P,2001-04-04,6541,2,49.43,9.75,,
467230,P,2000-01-01,71789,7,99.69,5.33,,
467231,P,2002-09-15,14339,10,81.20,8.53,,
467232,P,2000-11-29,30989,5,29.42,5.74,,
467233,P,2002-04-02,44173,9,81.38,5.18,,
467234,P,2001-04-27,50094,7,45.33,8.00,,
467235,P,2000-07-03,77103,10,11.89,7.02,,
467236,P,2001-10-26,65050,1,55.71,2.19,,
467237,P,2001-04-02,65770,10,45.22,2.37,,
467238,P,2002-07-29,1763,5,68.79,8.92,,
467239,P,2001-09-24,32194,10,47.53,7.99,,
467240,P,2001-06-16,52529,2,80.40,2.36,,
467241,P,2000-06-29,84379,8,61.40,1.34,,
467242,P,2002-07-07,2931,5,7.79,4.81,,
467243,P,2001-04-07,35795,8,91.27,7.59,,
467244,P,2000-07-05,67783,3,31.22,1.96,,
467245,P,2000-12-15,27972,4,9.40,7.58,,
467246,P,2001-06-24,14765,9,84.10,6.94,,
467247,P,2001-11-03,52664,4,28.24,7.98,,
467248,P,2000-01-10,25679,3,54.75,8.85,,
467249,P,2001-08-29,20504,2,89.14,3.23,,
467250,P,2002-04-02,28301,3,15.53,0.44,,
467251,P,2000-03-15,5641,6,1.02,6.57,,
467252,P,2001-08-13,39927,7,69.88,5.35,,
467253,P,2001-03-04,19775,8,0.86,6.31,,
467254,P,2002-03-19,13575,7,0.82,3.04,,
467255,P,2001-09-26,35436,1,5.79,2.14,,
467256,P,2001-09-27,82170,9,8.82,1.25,,
467257,P,2001-06-06,10409,10,72.42,1.55,,
467258,P,2002-04-03,61359,7,53.22,4.38,,
467259,P,2002-07-06,60278,2,43.79,2.61,,
467260,P,2000-06-11,72473,5,24.58,1.76,,
467261,P,2000-11-15,50637,5,60.86,7.16,,
467262,P,2000-05-30,8999,2,27.60,9.28,,
467263,P,2002-04-06,15668,8,28.63,6.88,,
467264,P,2002-08-06,11944,7,39.31,6.63,,
467265,P,2000-07-21,91037,7,25.15,0.46,,
467266,P,2000-07-13,6022,3,67.76,1.84,,
467267,P,2002-02-13,33762,8,4.75,3.31,,
467268,P,2000-05-26,32182,5,69.04,9.69,,
467269,P,2002-02-27,10526,1,46.11,8.17,,
467270,P,2000-05-13,50982,2,59.11,7.71,,
467271,P,2000-07-23,99046,2,21.49,9.23,,
467272,P,2002-06-13,98432,10,37.34,6.21,,
467273,P,2001-04-17,70506,9,42.56,7.54,,
467274,P,2000-07-12,88594,2,0.77,3.58,,
467275,P,2000-02-08,58512,1,38.38,2.43,,
467276,P,2001-06-26,930,4,83.84,3.88,,
467277,P,2000-01-21,53946,2,40.74,1.42,,
467278,P,2002-03-04,23313,8,63.27,6.03,,
467279,P,2001-09-24,17180,1,41.75,2.54,,
467280,P,2001-07-24,13561,4,44.45,6.84,,
467281,P,2001-06-15,71844,6,78.93,8.16,,
467282,P,2002-05-25,68255,9,40.06,9.07,,
467283,P,2000-06-12,34452,3,89.94,4.43,,
467284,P,2000-08-24,86164,1,58.93,9.39,,
467285,P,2001-12-17,85228,2,12.43,5.53,,
467286,P,2001-05-16,63160,4,55.10,1.62,,
467287,P,2001-11-16,12685,2,62.74,3.23,,
467288,P,2002-01-24,54171,10,67.25,5.25,,
467289,P,2000-12-25,48066,5,73.50,3.68,,
467290,P,2001-01-25,99758,4,65.04,6.61,,
467291,P,2002-05-22,330,6,54.93,8.49,,
467292,P,2002-07-16,44237,9,89.16,8.92,,
467293,P,2000-08-09,50761,7,58.86,8.37,,
467294,P,2000-06-12,33676,6,44.45,8.94,,
467295,P,2001-04-17,90308,6,87.60,1.49,,
467296,P,2001-10-24,22551,7,90.84,9.77,,
467297,P,2000-07-05,60593,9,4.89,8.02,,
467298,P,2001-02-18,29196,4,75.46,0.26,,
467299,P,2001-10-15,5355,1,37.59,3.57,,
467300,P,2001-01-19,904,1,80.69,4.35,,
467301,P,2000-10-10,64646,10,12.25,9.91,,
467302,P,2000-06-11,90008,2,28.51,5.40,,
467303,P,2000-12-26,14902,1,16.15,8.50,,
467304,P,2000-02-22,4189,10,36.84,7.16,,
467305,P,2000-05-07,65987,4,47.10,3.30,,
467306,P,2000-09-14,59575,2,53.00,3.36,,
467307,P,2001-12-10,11410,5,90.74,2.52,,
467308,P,2001-06-06,80390,1,75.52,8.92,,
467309,P,2002-04-14,34952,10,68.60,1.92,,
467310,P,2000-09-05,70993,1,8.09,8.98,,
467311,P,2002-06-13,89189,5,44.05,1.29,,
467312,P,2001-12-26,14874,6,8.85,8.57,,
467313,P,2001-12-15,14447,9,48.96,5.07,,
467314,P,2001-02-14,35355,8,4.70,9.65,,
467315,P,2002-06-08,98213,7,52.58,4.20,,
467316,P,2000-09-19,3032,10,91.23,1.88,,
467317,P,2000-12-01,27024,5,41.26,1.75,,
467318,P,2002-08-11,87973,7,68.20,6.22,,
467319,P,2000-02-11,7515,6,28.13,1.18,,
467320,P,2002-09-26,74132,4,30.70,2.73,,
467321,P,2002-01-08,51978,6,43.27,4.20,,
467322,P,2002-06-03,12410,9,37.30,2.51,,
467323,P,2000-09-02,50786,7,49.30,7.99,,
467324,P,2000-07-29,98777,1,82.93,8.10,,
467325,P,2001-09-25,43861,8,60.78,3.87,,
467326,P,2001-01-08,74468,9,3.95,1.40,,
467327,P,2000-06-02,27582,3,30.70,8.50,,
467328,P,2001-10-12,68772,10,4.49,9.88,,
467329,P,2001-05-21,2138,6,57.18,8.13,,
467330,P,2001-03-31,81024,8,7.85,4.01,,
467331,P,2001-06-30,57771,7,69.08,1.55,,
467332,P,2001-07-15,14064,5,88.26,3.83,,
467333,P,2000-08-19,62190,2,8.02,6.04,,
467334,P,2000-05-28,79346,6,76.31,3.30,,
467335,P,2001-07-06,32594,5,29.42,8.39,,
467336,P,2002-06-18,80020,9,7.16,6.04,,
467337,P,2002-03-17,89321,9,46.08,5.12,,
467338,P,2000-06-18,77441,7,83.78,9.71,,
467339,P,2002-04-02,43467,2,56.55,3.98,,
467340,P,2000-08-27,94551,9,39.34,9.51,,
467341,P,2000-10-20,27289,7,28.41,6.67,,
467342,P,2002-01-05,42055,6,4.51,6.79,,
467343,P,2001-06-27,63562,1,33.49,7.35,,
467344,P,2001-02-07,85588,3,0.41,1.84,,
467345,P,2000-06-28,17677,5,92.46,6.12,,
467346,P,2000-12-06,29223,4,75.59,9.45,,
467347,P,2002-07-10,81459,8,40.78,1.78,,
467348,P,2000-08-16,50292,4,21.15,8.15,,
467349,P,2002-08-19,85024,2,40.89,8.66,,
467350,P,2000-10-24,99640,6,68.34,3.75,,
467351,P,2002-02-15,56374,3,24.30,9.98,,
467352,P,2001-10-08,95058,1,8.64,0.52,,
467353,P,2000-09-28,21819,3,54.86,4.20,,
467354,P,2001-08-01,88906,10,21.88,9.31,,
467355,P,2000-09-23,27334,2,39.58,8.55,,
467356,P,2001-07-28,29445,3,36.33,6.22,,
467357,P,2000-10-22,57634,1,71.85,6.61,,
467358,P,2001-11-23,20914,8,95.75,1.85,,
467359,P,2000-03-31,50011,6,8.08,2.32,,
467360,P,2001-03-12,49220,2,48.50,0.72,,
467361,P,2002-05-14,84800,5,28.23,7.22,,
467362,P,2002-08-12,2530,7,62.94,3.04,,
467363,P,2000-03-12,98078,10,41.17,1.37,,
467364,P,2000-10-24,20192,3,85.57,5.87,,
467365,P,2001-12-23,40504,6,95.89,3.82,,
467366,P,2001-11-27,17838,6,45.36,9.24,,
467367,P,2002-06-07,28622,8,66.51,4.09,,
467368,P,2002-07-20,12325,2,70.12,3.96,,
467369,P,2001-10-29,99581,10,31.25,8.42,,
467370,P,2000-01-21,78571,10,20.41,4.41,,
467371,P,2000-04-03,2673,7,91.68,5.85,,
467372,P,2000-08-22,68693,7,36.45,9.84,,
467373,P,2000-11-30,19668,8,91.74,5.69,,
467374,P,2001-12-08,72950,10,76.73,4.26,,
467375,P,2000-04-26,82777,5,39.94,2.77,,
467376,P,2002-02-25,49880,10,93.39,0.14,,
467377,P,2000-12-04,69987,8,88.00,4.63,,
467378,P,2000-08-29,47437,9,37.24,6.53,,
467379,P,2001-03-28,89066,5,8.45,9.41,,
467380,P,2002-03-30,49313,6,28.12,2.64,,
467381,P,2000-07-04,92142,7,5.35,6.25,,
467382,P,2000-03-13,26027,3,96.44,9.52,,
467383,P,2000-10-17,98784,4,0.12,8.83,,
467384,P,2002-07-28,36741,6,19.69,0.86,,
467385,P,2002-07-15,43431,1,20.88,6.14,,
467386,P,2002-09-18,11774,6,21.03,5.59,,
467387,P,2001-09-01,84986,2,40.31,2.52,,
467388,P,2002-01-19,2205,5,71.39,5.75,,
467389,P,2000-07-26,67006,1,11.04,4.59,,
467390,P,2001-08-15,60416,10,60.82,6.53,,
467391,P,2000-07-04,80079,4,58.47,0.24,,
467392,P,2002-07-21,84024,4,44.70,0.22,,
467393,P,2002-09-19,12193,3,89.46,7.74,,
467394,P,2000-02-27,89314,8,50.45,2.92,,
467395,P,2000-06-07,51218,1,87.35,6.43,,
467396,P,2002-07-14,45234,3,51.68,5.84,,
467397,P,2001-10-11,47984,6,34.38,1.57,,
467398,P,2000-09-25,59676,3,61.97,6.70,,
467399,P,2000-08-03,80199,7,20.73,8.25,,
467400,P,2001-07-29,78928,7,84.29,9.19,,
467401,P,2002-08-20,60068,10,20.59,9.90,,
467402,P,2002-07-02,79552,6,28.46,0.74,,
467403,P,2001-12-24,82910,8,14.47,4.11,,
467404,P,2001-04-18,9769,9,16.47,7.67,,
467405,P,2000-12-27,12176,8,31.88,1.74,,
467406,P,2000-06-01,75185,5,57.44,0.66,,
467407,P,2001-08-06,1895,1,89.68,6.25,,
467408,P,2001-09-07,63557,2,68.49,9.59,,
467409,P,2001-05-05,59259,9,19.12,8.47,,
467410,P,2002-08-14,30307,9,48.21,1.82,,
467411,P,2000-09-15,76021,6,28.58,8.69,,
467412,P,2000-02-21,84770,7,57.09,5.55,,
467413,P,2000-12-13,91654,9,89.32,9.53,,
467414,P,2000-03-08,38599,5,74.05,0.65,,
467415,P,2002-01-02,31424,8,97.60,8.75,,
467416,P,2000-08-14,28237,7,53.18,4.80,,
467417,P,2002-04-17,70995,8,75.67,5.71,,
467418,P,2002-06-02,78045,8,6.85,3.93,,
467419,P,2001-12-09,56578,9,43.20,7.59,,
467420,P,2002-05-22,65461,2,43.10,9.57,,
467421,P,2000-11-22,44971,6,11.29,3.11,,
467422,P,2001-01-28,19733,10,82.24,0.55,,
467423,P,2001-05-17,28106,2,16.59,9.96,,
467424,P,2001-02-01,53546,6,6.44,2.39,,
467425,P,2000-07-10,74927,5,29.36,3.08,,
467426,P,2002-02-09,59089,5,22.70,7.95,,
467427,P,2000-02-16,26305,5,88.30,6.71,,
467428,P,2000-02-29,76002,2,32.79,3.81,,
467429,P,2000-07-22,54620,6,69.44,3.54,,
467430,P,2000-06-15,6969,7,82.75,8.24,,
467431,P,2000-10-19,85883,7,46.47,1.01,,
467432,P,2000-08-06,13997,7,25.72,4.08,,
467433,P,2002-01-23,21328,1,81.01,4.32,,
467434,P,2001-12-27,52195,5,39.23,6.61,,
467435,P,2001-04-15,99241,10,78.05,7.19,,
467436,P,2002-07-25,790,7,99.70,1.19,,
467437,P,2001-03-23,13921,10,47.32,8.36,,
467438,P,2002-06-16,19539,4,91.86,8.92,,
467439,P,2002-08-29,8963,6,37.29,2.86,,
467440,P,2001-06-29,98662,1,17.27,7.79,,
467441,P,2001-04-11,77900,3,72.83,6.56,,
467442,P,2002-02-12,99015,2,30.90,5.67,,
467443,P,2000-05-07,26553,9,50.59,2.82,,
467444,P,2000-07-19,49103,1,65.37,9.64,,
467445,P,2000-03-17,17309,9,61.51,8.91,,
467446,P,2002-09-16,15721,9,69.49,9.37,,
467447,P,2002-08-03,12604,8,96.39,6.37,,
467448,P,2000-11-16,80558,3,43.43,3.03,,
467449,P,2001-12-17,47666,10,54.92,0.60,,
467450,P,2001-01-14,68727,7,86.51,2.72,,
467451,P,2001-12-25,9725,5,91.51,9.19,,
467452,P,2001-08-16,29309,1,94.51,8.37,,
467453,P,2002-03-05,13629,5,3.52,3.92,,
467454,P,2002-02-07,57652,4,92.71,8.39,,
467455,P,2002-06-01,47601,6,59.20,3.09,,
467456,P,2001-10-26,6787,3,6.74,1.56,,
467457,P,2002-01-06,22432,7,65.96,3.68,,
467458,P,2001-02-24,45924,1,21.29,3.68,,
467459,P,2002-02-20,18602,4,57.44,8.80,,
467460,P,2001-04-24,45022,3,57.60,4.20,,
467461,P,2000-03-06,93390,8,99.99,7.68,,
467462,P,2000-04-23,70459,8,90.60,2.03,,
467463,P,2002-01-11,96243,8,75.38,1.89,,
467464,P,2002-09-12,19927,9,80.80,6.85,,
467465,P,2000-07-15,74689,9,60.62,0.67,,
467466,P,2002-07-30,50721,10,54.39,3.31,,
467467,P,2000-11-11,61073,2,68.91,9.21,,
467468,P,2002-08-23,5745,4,35.98,4.38,,
467469,P,2002-04-18,53398,1,98.55,4.94,,
467470,P,2000-11-20,68981,10,49.53,8.95,,
467471,P,2001-02-01,6404,7,35.04,1.39,,
467472,P,2000-06-27,1565,9,11.92,2.75,,
467473,P,2001-11-06,31302,7,17.83,2.57,,
467474,P,2001-10-16,74984,1,28.44,2.62,,
467475,P,2000-02-29,24485,6,23.79,9.99,,
467476,P,2000-02-06,95081,8,94.34,0.47,,
467477,P,2002-04-01,8440,7,74.50,8.67,,
467478,P,2002-09-03,89484,8,92.79,8.75,,
467479,P,2002-05-31,98203,10,93.91,7.88,,
467480,P,2001-07-08,78092,2,54.55,3.37,,
467481,P,2001-07-12,47487,7,68.95,7.33,,
467482,P,2001-05-23,94746,3,27.36,5.38,,
467483,P,2002-04-23,30248,5,79.32,3.11,,
467484,P,2000-12-19,72646,8,6.52,5.14,,
467485,P,2000-04-02,12322,7,93.97,8.03,,
467486,P,2001-09-02,16306,10,4.99,4.07,,
467487,P,2000-09-17,80910,7,58.46,0.15,,
467488,P,2001-12-03,5702,1,10.50,9.75,,
467489,P,2000-08-21,72122,2,32.62,0.71,,
467490,P,2000-05-20,55871,3,91.39,4.30,,
467491,P,2000-11-13,51571,5,50.62,1.35,,
467492,P,2001-11-20,98225,3,82.87,0.59,,
467493,P,2002-03-10,40975,4,83.28,2.31,,
467494,P,2001-02-19,64815,2,86.52,4.01,,
467495,P,2001-02-19,9173,7,55.80,4.40,,
467496,P,2002-08-08,61357,7,36.00,3.93,,
467497,P,2002-08-13,50221,7,8.57,1.19,,
467498,P,2001-04-19,49456,5,76.11,0.72,,
467499,P,2000-03-11,56035,8,93.15,9.12,,
467500,P,2002-04-29,7951,9,10.76,2.20,,
467501,P,2002-02-24,11414,1,68.54,4.14,,
467502,P,2002-01-15,97199,6,50.45,8.70,,
467503,P,2001-10-29,27626,5,1.63,3.69,,
467504,P,2001-02-16,43138,3,56.47,1.51,,
467505,P,2001-03-07,28169,8,63.98,1.67,,
467506,P,2000-01-16,17416,1,48.67,9.95,,
467507,P,2001-10-08,41053,5,5.44,2.61,,
467508,P,2001-03-03,23782,7,51.74,9.97,,
467509,P,2000-10-07,30575,6,80.17,6.99,,
467510,P,2000-02-11,95540,9,60.26,6.77,,
467511,P,2002-05-02,2802,5,68.47,2.94,,
467512,P,2001-02-09,11117,8,95.41,8.94,,
467513,P,2000-12-26,88613,2,12.14,9.55,,
467514,P,2002-07-02,73482,5,18.23,1.92,,
467515,P,2001-11-07,63491,8,16.94,3.15,,
467516,P,2002-07-19,9659,10,82.12,4.33,,
467517,P,2000-09-24,47475,5,57.77,4.25,,
467518,P,2002-05-22,65178,7,51.18,3.90,,
467519,P,2002-08-22,91807,2,64.22,3.99,,
467520,P,2001-06-20,69802,5,87.67,8.61,,
467521,P,2002-03-15,43617,3,39.26,6.08,,
467522,P,2002-06-21,59318,7,13.37,0.82,,
467523,P,2002-02-12,14467,10,79.87,0.30,,
467524,P,2001-11-29,41902,5,64.23,9.68,,
467525,P,2000-06-12,56081,8,2.05,5.58,,
467526,P,2001-12-15,15120,6,47.25,1.59,,
467527,P,2001-12-30,51468,8,82.04,8.01,,
467528,P,2001-12-31,37715,7,36.99,9.69,,
467529,P,2001-01-22,58228,9,96.24,8.82,,
467530,P,2000-09-11,67710,1,56.30,8.23,,
467531,P,2001-02-08,72986,8,50.43,0.94,,
467532,P,2001-02-01,969,4,28.08,8.72,,
467533,P,2001-05-27,94477,3,46.94,4.65,,
467534,P,2000-07-20,12556,2,14.55,1.47,,
467535,P,2001-01-27,19701,1,54.13,4.44,,
467536,P,2001-04-15,97233,6,93.02,4.47,,
467537,P,2000-02-01,82134,2,68.03,8.25,,
467538,P,2002-04-24,71793,10,22.11,1.23,,
467539,P,2000-03-16,32678,1,87.13,6.46,,
467540,P,2000-11-29,62120,10,54.08,9.84,,
467541,P,2002-08-20,90210,4,97.33,7.25,,
467542,P,2001-05-04,11340,5,74.75,9.29,,
467543,P,2002-03-03,17647,4,74.15,5.53,,
467544,P,2002-01-17,68611,7,63.76,0.17,,
467545,P,2000-08-02,87253,10,32.51,0.79,,
467546,P,2000-07-21,33986,6,42.04,3.77,,
467547,P,2001-11-13,85608,7,41.65,7.86,,
467548,P,2001-08-22,95755,10,95.74,9.29,,
467549,P,2001-01-05,81877,9,88.85,7.40,,
467550,P,2000-03-08,59155,6,81.18,9.63,,
467551,P,2002-05-15,97995,1,45.91,3.22,,
467552,P,2002-06-06,1336,10,87.47,1.41,,
467553,P,2001-08-19,79214,9,60.09,3.31,,
467554,P,2002-07-16,10301,5,72.78,8.75,,
467555,P,2002-05-07,95868,5,23.83,4.85,,
467556,P,2002-02-07,91936,1,33.53,7.88,,
467557,P,2001-05-06,78419,8,87.53,8.20,,
467558,P,2000-07-12,10915,4,17.67,1.63,,
467559,P,2000-04-05,57161,2,4.20,0.19,,
467560,P,2001-12-01,70309,3,79.28,3.62,,
467561,P,2000-11-02,62777,5,50.09,2.22,,
467562,P,2000-12-23,75151,3,52.57,5.07,,
467563,P,2001-10-21,8207,10,59.21,0.74,,
467564,P,2001-02-02,15787,4,50.29,7.08,,
467565,P,2002-08-03,75544,2,27.83,0.08,,
467566,P,2002-08-14,69539,6,86.24,6.02,,
467567,P,2000-08-02,30070,5,64.44,3.65,,
467568,P,2001-10-23,52192,1,54.41,2.14,,
467569,P,2002-05-17,17403,6,27.88,1.16,,
467570,P,2002-03-03,1142,4,36.65,2.32,,
467571,P,2002-02-27,92515,7,39.31,6.10,,
467572,P,2002-02-17,58049,1,31.73,4.09,,
467573,P,2000-05-01,55524,1,71.63,6.18,,
