214273,P,2002-04-01,25578,8,54.36,3.31,,
214274,P,2002-02-21,14214,1,66.77,5.80,,
214275,P,2000-09-14,82786,1,21.74,0.66,,
214276,P,2001-05-13,46626,10,2.84,4.86,,
214277,P,2001-12-09,75683,1,39.22,1.53,,
214278,P,2001-03-20,48348,4,92.68,1.56,,
214279,P,2000-02-17,25312,2,48.80,5.38,,
214280,P,2001-05-29,42701,9,69.51,8.77,,
214281,P,2002-08-23,57596,4,65.10,5.36,,
214282,P,2002-01-14,5935,2,41.90,5.26,,
214283,P,2001-10-28,92794,8,88.36,9.00,,
214284,P,2002-09-24,62354,6,71.29,6.27,,
214285,P,2000-11-11,76673,7,60.48,3.23,,
214286,P,2001-03-03,48835,2,80.98,8.50,,
214287,P,2001-08-22,17019,10,98.99,3.53,,
214288,P,2000-09-11,18320,6,68.82,9.02,,
214289,P,2002-01-17,62168,2,74.64,2.24,,
214290,P,2000-08-08,30948,9,13.25,8.10,,
214291,P,2002-09-11,14043,1,50.94,0.55,,
214292,P,2000-09-23,77061,4,97.27,7.71,,
214293,P,2000-05-28,22250,2,12.27,8.27,,
214294,P,2001-01-23,14016,3,24.22,8.53,,
214295,P,2001-08-28,87770,1,98.80,9.10,,
214296,P,2001-05-01,78610,6,30.46,1.99,,
214297,P,2000-04-02,77650,3,52.92,7.54,,
214298,P,2002-08-02,1977,3,69.15,6.82,,
214299,P,2000-12-17,8871,3,77.45,5.67,,
214300,P,2001-08-18,81394,3,76.70,1.52,,
214301,P,2001-06-12,51330,2,34.48,7.84,,
214302,P,2002-08-16,20744,3,16.01,7.46,,
214303,P,2000-02-15,24891,6,35.84,3.89,,
214304,P,2001-11-27,76384,10,97.23,9.92,,
214305,P,2000-06-08,70016,1,12.82,3.84,,
214306,P,2002-08-01,94517,1,96.79,7.28,,
214307,P,2002-02-20,45906,1,66.85,8.18,,
214308,P,2001-08-16,99692,10,40.08,9.18,,
214309,P,2000-01-07,2736,6,46.84,5.83,,
214310,P,2000-01-02,89816,6,10.85,8.60,,
214311,P,2000-02-05,6301,1,55.27,0.48,,
214312,P,2002-03-25,54674,10,62.63,7.66,,
214313,P,2001-01-25,71684,2,58.47,8.57,,
214314,P,2001-09-30,68952,5,96.81,9.20,,
214315,P,2002-05-09,73653,1,28.29,8.85,,
214316,P,2000-07-02,26139,9,98.21,0.89,,
214317,P,2000-07-16,63001,1,68.08,9.75,,
214318,P,2000-01-13,2896,5,98.53,2.06,,
214319,P,2000-10-09,59918,3,67.61,4.36,,
214320,P,2001-07-15,36585,8,58.81,0.52,,
214321,P,2000-12-27,11422,8,25.54,0.77,,
214322,P,2000-05-19,37301,9,49.44,1.15,,
214323,P,2001-12-27,36577,6,6.84,2.82,,
214324,P,2000-07-18,58691,9,23.31,4.52,,
214325,P,2001-09-02,54130,8,54.53,8.86,,
214326,P,2000-08-31,74453,9,83.10,8.42,,
214327,P,2000-06-15,23554,3,57.08,2.47,,
214328,P,2000-12-23,2187,5,37.61,4.29,,
214329,P,2001-03-01,30069,5,35.20,9.56,,
214330,P,2002-06-13,80998,5,24.25,7.48,,
214331,P,2002-03-08,86744,3,93.16,5.08,,
214332,P,2002-01-31,40704,5,64.61,6.26,,
214333,P,2002-03-11,84260,7,63.79,4.90,,
214334,P,2000-01-29,98312,1,82.07,8.69,,
214335,P,2000-07-20,63416,10,71.64,0.71,,
214336,P,2000-01-08,92445,3,41.27,9.10,,
214337,P,2002-09-05,41299,3,50.21,0.92,,
214338,P,2002-07-09,60391,7,71.79,7.85,,
214339,P,2000-01-21,23162,10,57.88,1.40,,
214340,P,2000-01-04,54151,2,93.82,5.86,,
214341,P,2002-08-29,32976,3,3.17,5.77,,
214342,P,2002-03-02,86128,9,84.05,4.32,,
214343,P,2000-06-19,96754,3,37.70,4.34,,
214344,P,2001-04-18,37699,1,92.61,3.11,,
214345,P,2000-05-27,72190,4,93.03,7.58,,
214346,P,2000-10-20,95938,2,98.38,9.95,,
214347,P,2002-05-31,52273,4,83.49,7.63,,
214348,P,2001-10-29,19785,2,61.67,6.18,,
214349,P,2002-08-30,75023,4,73.48,5.57,,
214350,P,2002-07-26,29166,7,63.87,1.73,,
214351,P,2002-04-01,69164,2,50.55,2.15,,
214352,P,2001-04-18,71620,4,96.49,7.24,,
214353,P,2002-07-01,70366,5,92.87,8.67,,
214354,P,2002-08-16,84829,1,57.00,5.33,,
214355,P,2000-08-07,1622,4,62.50,5.83,,
214356,P,2002-03-29,55883,8,13.70,3.15,,
214357,P,2001-08-28,63674,8,67.14,8.27,,
214358,P,2002-02-11,15389,3,27.19,9.95,,
214359,P,2001-06-12,18312,7,61.88,3.58,,
214360,P,2002-05-27,44880,4,54.48,7.58,,
214361,P,2001-01-28,41881,2,30.76,9.79,,
214362,P,2000-10-23,84359,3,34.34,2.72,,
214363,P,2000-02-27,11344,4,14.42,5.25,,
214364,P,2001-08-11,23932,5,22.12,6.47,,
214365,P,2001-12-06,40460,10,95.11,9.30,,
214366,P,2002-07-13,54187,10,59.26,6.62,,
214367,P,2001-07-29,13728,7,48.38,1.34,,
214368,P,2001-02-20,81778,3,49.60,8.97,,
214369,P,2001-04-10,45759,8,13.16,9.87,,
214370,P,2002-06-06,44026,4,45.30,5.15,,
214371,P,2000-03-04,45296,4,81.18,3.40,,
214372,P,2001-03-25,23827,4,86.75,4.87,,
214373,P,2001-02-22,29050,3,86.27,1.33,,
214374,P,2001-10-26,42762,1,86.77,1.23,,
214375,P,2002-08-03,55138,7,16.22,9.71,,
214376,P,2001-12-08,96315,3,44.46,3.40,,
214377,P,2001-07-31,42453,3,97.43,9.33,,
214378,P,2000-02-05,36187,4,72.85,5.70,,
214379,P,2002-02-25,61910,6,93.69,5.07,,
214380,P,2000-12-07,25545,6,24.85,9.21,,
214381,P,2001-09-28,72803,6,88.50,6.39,,
214382,P,2002-07-15,15422,5,78.16,7.94,,
214383,P,2001-12-18,97094,1,69.73,8.50,,
214384,P,2001-10-25,59708,1,70.99,5.80,,
214385,P,2002-09-08,10341,1,7.49,2.19,,
214386,P,2001-10-01,9777,6,12.40,5.05,,
214387,P,2001-08-21,5660,4,10.13,5.21,,
214388,P,2002-06-07,54890,5,47.38,2.09,,
214389,P,2001-03-08,72817,7,5.67,5.40,,
214390,P,2001-11-29,60307,2,26.14,6.67,,
214391,P,2001-08-09,9904,8,83.43,3.29,,
214392,P,2001-01-20,19466,10,60.59,6.89,,
214393,P,2000-04-30,69902,7,59.58,9.43,,
214394,P,2001-12-12,69209,8,36.79,5.67,,
214395,P,2002-03-27,78230,7,89.65,9.15,,
214396,P,2000-09-27,90129,2,5.48,4.42,,
214397,P,2000-03-04,39572,3,54.74,5.02,,
214398,P,2002-07-07,92742,10,29.49,2.55,,
214399,P,2000-04-11,75705,7,11.84,6.15,,
214400,P,2002-06-13,21952,9,82.35,9.89,,
214401,P,2002-09-21,54959,1,54.98,0.35,,
214402,P,2001-09-11,63579,9,79.38,8.98,,
214403,P,2001-03-18,91486,10,76.09,6.12,,
214404,P,2001-05-08,37943,10,61.00,9.83,,
214405,P,2000-09-17,95944,7,78.62,3.04,,
214406,P,2002-01-06,92464,1,47.11,4.17,,
214407,P,2000-02-17,97106,7,58.64,5.72,,
214408,P,2000-04-14,2774,9,89.28,0.12,,
214409,P,2001-09-13,94278,5,33.33,7.91,,
214410,P,2002-02-01,87434,1,92.30,4.60,,
214411,P,2001-02-08,57291,10,98.29,1.29,,
214412,P,2001-03-27,77581,8,54.75,1.53,,
214413,P,2001-11-24,55653,1,3.53,8.18,,
214414,P,2001-02-26,88786,5,49.17,2.88,,
214415,P,2002-02-19,95154,10,95.24,4.52,,
214416,P,2001-01-29,10600,2,0.61,0.61,,
214417,P,2001-10-30,54864,6,31.75,1.36,,
214418,P,2001-07-17,33197,3,83.72,5.77,,
214419,P,2001-09-09,11975,4,69.39,9.34,,
214420,P,2002-08-25,95441,6,53.34,6.28,,
214421,P,2000-10-28,23985,4,9.61,5.69,,
214422,P,2002-03-21,32234,7,8.40,3.49,,
214423,P,2000-09-25,18461,3,24.47,3.93,,
214424,P,2000-02-19,54871,6,21.14,3.56,,
214425,P,2000-06-02,32135,3,36.05,4.00,,
214426,P,2001-05-31,98185,3,40.28,9.18,,
214427,P,2000-02-28,88608,3,14.51,6.32,,
214428,P,2000-09-13,91035,7,55.40,9.79,,
214429,P,2001-04-27,18382,8,27.25,8.44,,
214430,P,2002-05-05,21906,5,35.50,4.67,,
214431,P,2001-11-06,40804,1,58.67,0.35,,
214432,P,2000-08-21,95749,7,56.32,0.67,,
214433,P,2001-01-09,85726,8,49.86,3.80,,
214434,P,2000-02-17,70812,4,82.17,2.41,,
214435,P,2001-12-15,73802,7,98.88,2.59,,
214436,P,2001-05-12,77221,4,96.19,3.09,,
214437,P,2002-03-24,39140,1,72.86,4.95,,
214438,P,2002-09-20,50582,4,21.18,9.02,,
214439,P,2001-01-08,54966,4,67.03,0.86,,
214440,P,2000-01-07,85598,6,71.35,5.80,,
214441,P,2000-04-12,42703,10,81.53,2.32,,
214442,P,2002-08-04,93336,8,33.56,0.34,,
214443,P,2001-04-24,72802,10,16.95,7.66,,
214444,P,2002-09-16,49351,4,36.44,7.10,,
214445,P,2000-07-17,12793,9,68.17,2.61,,
214446,P,2002-09-24,44689,8,80.18,7.34,,
214447,P,2002-01-21,4792,10,73.52,3.61,,
214448,P,2001-04-13,72660,2,63.33,3.88,,
214449,P,2001-11-26,27787,2,58.29,8.79,,
214450,P,2002-07-21,26656,8,31.80,5.33,,
214451,P,2001-06-03,78798,1,72.93,7.39,,
214452,P,2000-08-17,35777,7,59.15,2.00,,
214453,P,2002-01-14,30191,3,15.28,7.97,,
214454,P,2001-02-02,1240,8,14.68,9.26,,
214455,P,2001-08-21,61600,10,95.25,6.50,,
214456,P,2001-08-02,12593,10,7.24,4.71,,
214457,P,2002-01-25,4867,6,81.78,0.03,,
214458,P,2000-07-03,7655,10,88.93,3.83,,
214459,P,2002-07-21,50262,8,41.26,7.97,,
214460,P,2002-05-23,75744,1,13.64,5.12,,
214461,P,2002-02-18,83696,4,96.52,6.44,,
214462,P,2002-07-31,50564,3,74.61,7.23,,
214463,P,2002-04-15,91950,4,69.24,6.88,,
214464,P,2001-07-03,97832,4,9.61,8.27,,
214465,P,2002-01-13,256,6,31.89,4.84,,
214466,P,2002-08-18,53744,8,29.93,5.32,,
214467,P,2001-07-13,24584,9,56.64,2.60,,
214468,P,2001-01-25,48186,10,60.27,7.17,,
214469,P,2001-01-23,77809,9,76.22,0.28,,
214470,P,2000-08-13,59225,6,73.80,0.93,,
214471,P,2002-07-27,17320,2,14.08,7.83,,
214472,P,2001-10-08,24869,10,40.13,3.17,,
214473,P,2000-01-11,96720,3,49.61,4.62,,
214474,P,2001-06-22,62236,9,12.96,2.37,,
214475,P,2002-05-02,47473,10,87.72,1.02,,
214476,P,2001-06-14,47148,8,67.54,4.60,,
214477,P,2000-04-10,78311,10,10.67,2.57,,
214478,P,2001-05-29,89067,5,81.32,2.86,,
214479,P,2000-08-17,54956,2,44.80,1.75,,
214480,P,2002-05-29,35691,7,27.73,8.75,,
214481,P,2001-02-05,10654,5,85.27,6.85,,
214482,P,2000-05-01,35426,5,79.11,5.91,,
214483,P,2000-11-29,686,7,74.01,3.79,,
214484,P,2001-01-26,65283,6,74.40,7.22,,
214485,P,2002-08-06,81807,9,1.32,1.47,,
214486,P,2002-03-26,79267,7,83.25,5.38,,
214487,P,2000-07-04,66981,1,92.83,1.23,,
214488,P,2001-01-04,11341,4,5.26,3.23,,
214489,P,2000-10-12,1439,6,80.65,0.04,,
214490,P,2002-08-11,80889,4,49.16,0.16,,
214491,P,2000-10-17,44641,5,27.08,1.37,,
214492,P,2000-03-06,40703,4,95.57,5.21,,
214493,P,2001-09-05,80925,5,41.61,1.54,,
214494,P,2000-06-27,85598,5,54.15,7.13,,
214495,P,2001-06-08,26227,1,33.26,4.32,,
214496,P,2001-08-21,47479,8,19.00,1.63,,
214497,P,2000-10-23,2102,6,35.52,2.35,,
214498,P,2000-02-12,13728,1,74.57,2.69,,
214499,P,2000-08-12,17148,8,14.49,5.42,,
214500,P,2000-08-31,64462,6,79.36,7.38,,
214501,P,2000-10-18,17557,10,73.20,7.07,,
214502,P,2002-07-17,78518,1,8.33,1.59,,
214503,P,2001-01-04,96167,1,70.08,7.45,,
214504,P,2000-08-06,28003,8,1.40,1.04,,
214505,P,2000-05-12,19799,7,56.73,6.15,,
214506,P,2000-10-06,12479,6,66.30,3.99,,
214507,P,2000-08-14,88557,3,55.67,9.92,,
214508,P,2001-06-04,89698,5,2.21,1.28,,
214509,P,2000-06-22,98743,8,33.87,0.38,,
214510,P,2000-09-13,71100,3,36.18,2.47,,
214511,P,2001-08-07,82569,8,60.49,9.10,,
214512,P,2000-06-15,96354,7,19.67,1.56,,
214513,P,2001-01-06,47151,4,86.14,3.71,,
214514,P,2001-04-19,6565,2,11.17,3.75,,
214515,P,2001-07-06,83421,7,84.88,9.30,,
214516,P,2000-03-16,69312,1,85.61,8.20,,
214517,P,2001-10-15,47684,8,47.39,1.19,,
214518,P,2001-07-17,20065,4,33.56,5.24,,
214519,P,2000-08-02,84407,6,37.80,9.99,,
214520,P,2002-05-11,68291,9,31.54,7.71,,
214521,P,2000-11-26,62006,7,62.94,6.50,,
214522,P,2002-07-12,89879,5,2.96,5.45,,
214523,P,2001-05-28,60144,7,58.48,3.84,,
214524,P,2001-04-18,2595,9,16.36,3.93,,
214525,P,2000-08-15,19366,10,42.51,0.90,,
214526,P,2000-05-17,53670,9,44.30,2.07,,
214527,P,2000-01-24,39207,2,32.40,4.78,,
214528,P,2001-06-20,68097,1,66.85,8.02,,
214529,P,2001-09-02,61674,10,83.82,7.12,,
214530,P,2001-07-14,41627,1,13.71,2.58,,
214531,P,2002-02-09,387,5,47.18,2.22,,
214532,P,2000-08-27,37646,10,86.48,9.79,,
214533,P,2001-05-26,87162,8,87.05,4.34,,
214534,P,2000-01-30,10068,8,40.63,7.12,,
214535,P,2002-08-24,21721,6,0.91,9.09,,
214536,P,2000-08-04,21247,4,27.80,3.01,,
214537,P,2002-01-25,53020,1,71.27,3.83,,
214538,P,2001-09-16,40605,4,47.09,8.11,,
214539,P,2000-06-08,99803,4,53.58,9.15,,
214540,P,2000-10-22,71445,10,40.57,6.76,,
214541,P,2001-06-29,357,5,98.08,4.66,,
214542,P,2001-04-08,45820,5,72.29,5.73,,
214543,P,2002-09-08,92301,1,8.14,1.02,,
214544,P,2001-09-04,92853,6,35.82,8.08,,
214545,P,2002-06-21,71869,10,34.30,1.20,,
214546,P,2001-03-02,8781,6,74.34,2.20,,
214547,P,2000-04-02,24340,3,19.50,4.45,,
214548,P,2002-04-14,85066,3,50.41,6.95,,
214549,P,2002-08-04,9737,4,30.64,4.47,,
214550,P,2002-07-12,44243,5,98.51,6.71,,
214551,P,2002-09-06,57552,2,45.61,9.92,,
214552,P,2001-10-03,22353,6,8.11,8.28,,
214553,P,2002-06-12,22052,2,14.07,6.22,,
214554,P,2001-04-09,45357,3,49.15,0.09,,
214555,P,2002-08-25,19277,3,31.69,4.39,,
214556,P,2000-05-13,16650,5,57.37,4.51,,
214557,P,2001-06-23,98540,7,25.50,4.29,,
214558,P,2002-09-21,74279,1,13.30,6.07,,
214559,P,2000-01-16,59178,2,50.70,1.07,,
214560,P,2000-11-20,78719,4,22.44,4.91,,
214561,P,2001-12-26,42768,3,53.69,6.62,,
214562,P,2001-03-12,27838,5,25.94,2.84,,
214563,P,2000-10-24,58435,9,48.00,8.76,,
214564,P,2002-07-07,79144,4,67.74,9.07,,
214565,P,2000-12-20,64308,1,87.26,6.10,,
214566,P,2001-11-26,63237,3,94.83,1.10,,
214567,P,2002-05-22,33111,4,67.32,4.24,,
214568,P,2001-01-07,95210,2,82.15,8.25,,
214569,P,2001-07-26,3326,5,62.52,3.85,,
214570,P,2001-05-27,26218,10,69.72,3.46,,
214571,P,2000-09-08,87142,7,73.33,1.31,,
214572,P,2001-01-01,2162,8,74.81,4.53,,
214573,P,2000-08-04,52524,1,87.69,9.72,,
214574,P,2001-04-04,72151,4,72.62,6.32,,
214575,P,2002-06-28,58581,10,1.35,3.10,,
214576,P,2000-03-03,26899,4,48.57,8.42,,
214577,P,2000-04-29,58393,7,41.76,7.14,,
214578,P,2002-05-10,76308,8,53.29,8.24,,
214579,P,2002-04-30,187,6,78.04,4.92,,
214580,P,2000-01-09,74972,2,98.36,7.18,,
214581,P,2000-02-26,43694,3,54.88,0.07,,
214582,P,2002-03-04,11957,1,9.06,4.07,,
214583,P,2001-04-18,14745,3,72.17,6.90,,
214584,P,2000-08-20,31667,10,83.74,6.07,,
214585,P,2000-04-12,58243,9,64.01,4.00,,
214586,P,2000-03-21,70554,7,78.56,7.07,,
214587,P,2001-10-23,33940,7,17.28,4.89,,
214588,P,2001-09-18,58190,7,54.95,4.33,,
214589,P,2002-06-04,27035,8,12.00,3.98,,
214590,P,2000-02-11,67575,5,77.70,3.82,,
214591,P,2001-01-10,74208,2,1.01,2.49,,
214592,P,2002-07-19,91177,8,35.80,8.56,,
214593,P,2000-08-28,92568,2,91.61,4.54,,
214594,P,2001-11-20,62811,5,83.94,0.75,,
214595,P,2000-08-27,28629,8,97.88,0.42,,
214596,P,2000-06-10,81095,4,83.41,2.08,,
214597,P,2002-07-13,98176,2,34.91,1.11,,
214598,P,2000-06-14,46716,6,81.15,1.49,,
214599,P,2000-08-01,38539,6,84.62,9.27,,
214600,P,2001-07-10,34495,1,13.48,3.52,,
214601,P,2000-05-29,26048,9,55.03,4.63,,
214602,P,2001-09-16,26007,5,26.67,0.45,,
214603,P,2000-06-24,8587,10,57.05,7.96,,
214604,P,2001-09-14,21894,9,36.41,8.91,,
214605,P,2001-02-17,25781,5,50.80,4.89,,
214606,P,2000-05-11,23720,5,83.24,9.29,,
214607,P,2000-05-23,4825,8,84.76,3.21,,
214608,P,2001-04-10,3700,1,78.47,8.31,,
214609,P,2001-10-24,64560,8,3.04,8.49,,
214610,P,2000-03-23,48390,6,79.49,0.49,,
214611,P,2001-11-01,61966,10,2.18,4.21,,
214612,P,2001-11-08,86242,6,74.39,1.63,,
214613,P,2002-07-06,93402,10,2.46,9.79,,
214614,P,2000-11-01,40684,10,65.22,4.81,,
214615,P,2000-02-20,15440,5,74.41,6.70,,
214616,P,2002-07-10,50310,10,54.15,9.22,,
214617,P,2000-12-24,42257,5,41.43,4.00,,
214618,P,2000-10-09,24022,7,42.80,2.56,,
214619,P,2000-02-01,32454,8,4.09,5.42,,
214620,P,2001-10-25,58042,10,58.33,2.56,,
214621,P,2001-03-13,85121,1,3.46,6.54,,
214622,P,2000-03-10,49958,4,1.50,3.64,,
214623,P,2000-11-13,49420,2,96.88,6.19,,
214624,P,2002-08-06,50185,5,78.31,4.37,,
214625,P,2000-08-26,40530,8,93.80,6.48,,
214626,P,2000-12-09,54785,6,47.08,3.11,,
214627,P,2000-11-05,22259,4,48.48,4.55,,
214628,P,2002-04-10,50807,8,9.77,7.85,,
214629,P,2000-04-18,55407,5,95.78,4.75,,
214630,P,2000-03-22,2285,7,76.64,8.23,,
214631,P,2000-11-04,4443,5,13.53,1.77,,
214632,P,2002-08-15,61903,8,40.84,2.71,,
214633,P,2002-03-29,98328,2,28.42,0.73,,
214634,P,2000-03-05,28895,1,41.59,1.52,,
214635,P,2000-03-13,69615,6,80.42,6.49,,
214636,P,2001-04-04,83727,3,33.74,2.24,,
214637,P,2000-12-24,25389,5,98.78,2.57,,
214638,P,2000-04-28,26272,8,74.54,1.87,,
214639,P,2000-10-20,50690,7,91.49,6.55,,
214640,P,2001-11-19,71030,8,8.07,0.65,,
214641,P,2001-08-12,65701,10,6.03,5.49,,
214642,P,2002-07-08,8622,1,95.01,8.89,,
214643,P,2002-02-18,84566,8,33.84,2.67,,
214644,P,2001-12-12,96348,6,89.57,9.71,,
214645,P,2002-08-24,92688,3,55.32,7.92,,
214646,P,2000-04-28,11270,10,29.07,7.56,,
214647,P,2001-08-08,41797,2,34.93,3.41,,
214648,P,2001-02-22,76430,7,48.02,4.04,,
214649,P,2000-10-23,89080,3,30.38,2.41,,
214650,P,2001-06-03,75419,1,54.47,7.50,,
214651,P,2002-03-08,87823,6,63.36,9.87,,
214652,P,2002-09-24,3617,5,60.04,8.76,,
214653,P,2000-08-23,60268,4,48.66,8.93,,
214654,P,2000-08-18,27433,3,78.13,6.84,,
214655,P,2000-02-23,74801,1,56.07,4.17,,
214656,P,2001-06-07,75880,9,11.05,7.81,,
214657,P,2001-06-12,83904,10,94.85,9.00,,
214658,P,2002-08-10,55523,10,65.97,2.54,,
214659,P,2001-05-05,88705,6,21.61,3.33,,
214660,P,2001-09-27,21458,9,85.72,9.40,,
214661,P,2002-07-05,69331,2,15.45,9.95,,
214662,P,2001-08-08,27706,10,37.91,0.71,,
214663,P,2001-06-05,90888,3,52.95,2.91,,
214664,P,2001-08-23,93391,1,8.29,4.72,,
214665,P,2001-08-02,10272,10,8.09,2.59,,
214666,P,2001-05-28,52819,3,71.04,1.70,,
214667,P,2001-03-09,43969,9,75.34,7.62,,
214668,P,2001-02-23,50380,4,96.35,1.22,,
214669,P,2000-03-12,7531,7,34.94,5.33,,
214670,P,2001-01-08,69412,9,68.33,0.42,,
214671,P,2001-01-17,35323,1,25.79,5.76,,
214672,P,2000-11-24,46433,4,31.57,5.34,,
214673,P,2001-11-04,208,10,32.88,7.72,,
214674,P,2000-02-02,91783,2,86.58,9.24,,
214675,P,2001-03-29,11200,2,47.64,7.46,,
214676,P,2002-09-15,18129,8,46.81,1.44,,
214677,P,2000-03-30,28630,2,64.48,4.29,,
214678,P,2001-09-08,41922,5,93.32,10.00,,
214679,P,2000-04-12,14906,5,90.10,0.88,,
214680,P,2001-09-14,69636,7,45.28,1.88,,
214681,P,2000-08-07,8753,1,96.19,1.89,,
214682,P,2000-07-20,67808,9,13.33,8.36,,
214683,P,2001-02-18,48521,9,77.55,4.19,,
214684,P,2000-01-20,85293,10,93.44,5.57,,
214685,P,2001-01-20,32634,10,92.73,2.79,,
214686,P,2001-05-01,2822,2,43.76,1.89,,
214687,P,2000-02-20,44377,3,92.15,4.77,,
214688,P,2001-11-29,33908,5,2.26,8.06,,
214689,P,2001-08-19,47627,5,31.55,2.52,,
214690,P,2001-08-06,45864,8,95.97,5.73,,
214691,P,2001-08-17,18140,9,83.63,6.09,,
214692,P,2000-04-25,18439,4,82.22,4.70,,
214693,P,2001-03-03,3431,2,94.56,2.72,,
214694,P,2000-09-03,45839,2,16.53,2.56,,
214695,P,2001-08-01,46241,7,18.35,0.70,,
214696,P,2000-11-10,88349,10,36.32,6.94,,
214697,P,2000-05-17,50360,2,89.70,7.41,,
214698,P,2002-07-21,2443,8,67.29,5.57,,
214699,P,2000-05-17,21681,2,73.25,6.47,,
214700,P,2001-08-16,93031,5,70.38,0.19,,
214701,P,2002-09-21,26295,4,83.62,6.99,,
214702,P,2000-02-26,37006,3,93.86,4.05,,
214703,P,2000-09-29,24379,6,63.05,1.16,,
214704,P,2001-03-17,60196,4,37.72,2.71,,
214705,P,2000-08-08,95161,1,92.83,7.66,,
214706,P,2002-07-19,55632,4,31.30,9.74,,
214707,P,2000-10-22,70065,2,57.60,4.63,,
214708,P,2002-06-11,98303,2,48.68,5.86,,
214709,P,2001-12-04,99681,6,47.48,4.53,,
214710,P,2001-08-09,20299,10,3.65,8.83,,
214711,P,2002-05-30,80345,8,51.19,4.49,,
214712,P,2002-02-11,60062,9,29.05,6.18,,
214713,P,2001-02-09,78015,6,86.12,3.94,,
214714,P,2000-06-23,4134,1,70.82,7.50,,
214715,P,2002-03-05,30321,7,2.04,9.76,,
214716,P,2001-04-09,45481,2,45.78,0.70,,
214717,P,2001-04-05,8025,5,27.79,5.67,,
214718,P,2001-08-05,99647,4,16.04,5.63,,
214719,P,2000-09-08,66515,6,59.45,1.70,,
214720,P,2000-01-12,73573,10,61.40,7.86,,
214721,P,2001-03-23,48238,6,72.40,5.89,,
214722,P,2001-05-24,25768,8,30.40,5.61,,
214723,P,2001-03-27,23575,9,76.97,2.04,,
214724,P,2001-03-06,8446,3,58.47,7.78,,
214725,P,2000-10-22,55688,9,94.62,6.21,,
214726,P,2001-01-08,62676,10,74.11,7.68,,
214727,P,2000-12-30,52027,7,20.94,4.30,,
214728,P,2001-07-10,16960,8,36.59,1.63,,
214729,P,2000-03-05,57516,1,0.57,7.28,,
214730,P,2001-08-01,84099,10,3.71,1.28,,
214731,P,2000-07-27,12551,8,16.38,1.67,,
214732,P,2002-05-07,83214,8,30.68,6.29,,
214733,P,2001-02-24,52858,7,73.01,2.45,,
214734,P,2001-06-24,16523,3,46.87,7.65,,
214735,P,2000-03-27,63285,5,78.67,8.80,,
214736,P,2001-01-14,14492,6,98.55,1.05,,
214737,P,2000-04-17,21988,7,23.52,8.20,,
214738,P,2001-05-23,97557,4,99.85,4.56,,
214739,P,2000-11-05,49,4,47.59,5.97,,
214740,P,2001-03-20,5370,5,56.47,5.25,,
214741,P,2000-08-11,97648,8,41.00,9.75,,
214742,P,2001-09-15,25306,10,16.96,2.31,,
214743,P,2001-11-10,31134,10,27.95,9.66,,
214744,P,2000-03-27,51248,2,44.20,4.05,,
214745,P,2001-06-30,20587,5,98.24,6.82,,
214746,P,2002-04-28,73989,2,52.65,1.44,,
214747,P,2002-06-14,18288,8,79.60,7.89,,
214748,P,2002-08-13,42151,1,58.43,3.30,,
214749,P,2000-04-09,99069,2,67.77,6.19,,
214750,P,2002-01-29,60022,3,9.05,2.78,,
214751,P,2002-07-21,15281,8,35.42,5.76,,
214752,P,2001-05-07,82588,4,24.70,3.25,,
214753,P,2001-04-17,12032,5,23.97,2.97,,
214754,P,2000-12-18,22157,8,5.82,0.40,,
214755,P,2002-04-19,78049,1,62.37,8.29,,
214756,P,2000-06-21,46206,9,94.84,3.57,,
214757,P,2002-03-30,21598,7,64.17,9.64,,
214758,P,2000-09-16,62918,7,56.26,3.49,,
214759,P,2000-08-10,3775,4,76.62,8.11,,
214760,P,2002-01-22,21337,6,71.56,0.96,,
214761,P,2002-03-27,98897,7,27.53,3.26,,
214762,P,2001-12-13,38032,6,99.60,0.32,,
214763,P,2001-06-07,59233,7,70.19,6.18,,
214764,P,2002-03-25,20741,10,58.69,0.29,,
214765,P,2000-03-20,71221,10,81.67,2.88,,
214766,P,2002-05-31,44875,1,60.84,2.80,,
214767,P,2000-11-17,62812,7,73.62,2.00,,
214768,P,2002-01-12,93827,7,19.26,5.51,,
214769,P,2000-07-02,26038,6,71.43,3.11,,
214770,P,2001-09-21,39466,6,9.44,5.16,,
214771,P,2000-03-16,82446,5,21.12,0.59,,
214772,P,2002-09-07,73721,4,32.90,6.18,,
214773,P,2002-07-31,20051,5,28.50,8.22,,
214774,P,2002-02-12,54812,2,43.32,7.06,,
214775,P,2002-04-27,27581,3,89.00,4.35,,
214776,P,2001-11-22,83300,3,34.83,3.97,,
214777,P,2000-02-10,36351,1,59.70,6.28,,
214778,P,2002-02-22,36989,5,19.66,3.05,,
214779,P,2000-12-20,12227,10,9.35,7.67,,
214780,P,2001-03-13,3200,10,29.07,8.28,,
214781,P,2000-09-27,41604,5,51.31,1.97,,
214782,P,2002-04-18,87314,2,14.39,1.95,,
214783,P,2000-07-26,84592,6,68.99,9.38,,
214784,P,2000-03-17,81061,3,87.43,9.13,,
214785,P,2000-07-28,8876,10,18.09,4.71,,
214786,P,2000-08-02,96725,1,56.43,5.55,,
214787,P,2002-09-18,3879,7,8.26,2.36,,
214788,P,2002-01-18,85164,4,32.68,9.67,,
214789,P,2002-06-26,61213,3,57.09,1.47,,
214790,P,2002-01-20,15880,10,1.78,3.11,,
214791,P,2002-02-03,84735,9,9.75,9.26,,
214792,P,2001-08-11,95082,5,37.41,0.34,,
214793,P,2001-10-20,67484,2,39.16,5.88,,
214794,P,2002-06-25,68105,7,73.58,8.33,,
214795,P,2001-12-28,93014,9,30.41,7.42,,
214796,P,2002-07-08,39254,8,2.68,1.60,,
214797,P,2002-04-24,34954,1,52.91,6.58,,
214798,P,2000-01-31,28482,9,20.49,5.58,,
214799,P,2002-03-09,27371,5,68.57,3.10,,
214800,P,2000-01-27,56180,5,45.56,6.62,,
214801,P,2000-07-28,70727,8,63.08,0.83,,
214802,P,2000-02-27,73798,6,25.40,5.77,,
214803,P,2000-02-10,44429,8,59.38,4.72,,
214804,P,2000-09-25,1255,1,12.28,3.60,,
214805,P,2002-08-23,83536,5,44.90,1.22,,
214806,P,2002-08-21,91149,9,2.65,9.76,,
214807,P,2000-08-01,24112,9,48.12,6.47,,
214808,P,2002-06-21,86063,3,27.69,5.02,,
214809,P,2001-02-18,68604,8,80.15,1.24,,
214810,P,2000-11-17,5511,9,19.83,9.03,,
214811,P,2002-04-30,3655,9,22.48,8.93,,
214812,P,2002-04-21,58303,3,36.45,2.76,,
214813,P,2000-05-06,89226,7,22.00,4.93,,
214814,P,2002-04-09,90856,10,93.40,2.59,,
214815,P,2000-05-08,75488,2,5.49,6.33,,
214816,P,2000-08-21,48428,10,68.55,3.83,,
214817,P,2000-11-18,29339,3,94.56,9.34,,
214818,P,2002-04-23,62240,3,36.42,4.14,,
214819,P,2000-10-22,483,8,3.40,0.11,,
214820,P,2000-12-29,59387,3,10.20,8.73,,
214821,P,2000-12-05,48854,6,46.75,9.89,,
214822,P,2000-06-12,90975,9,0.44,5.88,,
214823,P,2001-09-25,82442,8,28.50,3.24,,
214824,P,2000-01-27,38205,5,53.83,4.45,,
214825,P,2002-04-11,57149,1,56.57,4.44,,
214826,P,2002-02-20,24189,6,41.07,7.04,,
214827,P,2000-01-08,52185,6,78.96,5.51,,
214828,P,2000-04-02,53771,3,24.02,2.71,,
214829,P,2002-03-14,30000,4,83.15,8.35,,
214830,P,2002-06-23,59645,3,53.58,3.48,,
214831,P,2001-12-20,71338,3,36.28,0.62,,
214832,P,2000-02-23,6694,8,93.21,9.58,,
214833,P,2001-04-05,19779,5,39.91,2.76,,
214834,P,2002-01-15,18705,8,14.50,6.64,,
214835,P,2002-03-08,70975,7,35.88,2.64,,
214836,P,2002-08-24,20301,4,45.89,4.46,,
214837,P,2000-06-17,89330,10,14.94,6.05,,
214838,P,2000-03-15,3996,1,7.21,0.67,,
214839,P,2001-05-18,10036,1,4.31,7.22,,
214840,P,2000-11-03,61044,3,47.21,3.84,,
214841,P,2000-03-13,73783,5,4.68,8.82,,
214842,P,2001-11-17,13557,7,73.18,2.76,,
214843,P,2000-01-03,63601,2,25.37,8.68,,
214844,P,2001-06-10,36191,5,4.58,9.61,,
214845,P,2002-08-10,83310,1,0.62,3.98,,
214846,P,2001-04-13,11473,4,8.41,9.73,,
214847,P,2000-03-11,27789,4,42.96,2.38,,
214848,P,2001-08-17,33922,8,79.69,7.81,,
214849,P,2002-06-20,61144,2,77.89,7.64,,
214850,P,2000-06-08,45089,7,98.03,7.94,,
214851,P,2001-07-17,34165,8,56.90,5.19,,
214852,P,2001-10-09,11946,6,5.03,6.17,,
214853,P,2002-01-06,20752,3,95.68,3.33,,
214854,P,2001-06-24,67239,1,68.48,9.82,,
214855,P,2001-12-23,71618,5,81.40,5.21,,
214856,P,2000-06-04,17658,8,93.35,2.79,,
214857,P,2000-02-20,4018,6,39.39,6.26,,
214858,P,2001-03-30,84033,8,89.95,0.68,,
214859,P,2002-03-03,27618,1,71.16,0.36,,
214860,P,2000-12-25,1237,8,93.09,5.45,,
214861,P,2000-12-11,98006,2,32.74,8.95,,
214862,P,2001-07-28,90483,10,46.91,8.69,,
214863,P,2001-05-13,80398,9,13.58,3.44,,
214864,P,2002-03-16,8632,10,33.17,3.30,,
214865,P,2001-04-11,4383,7,55.07,2.32,,
214866,P,2002-03-18,46782,8,6.13,4.11,,
214867,P,2000-03-11,28735,3,72.84,1.71,,
214868,P,2002-09-20,81303,2,49.99,4.69,,
214869,P,2002-03-29,18173,1,86.06,0.60,,
214870,P,2001-11-10,76275,1,54.09,6.01,,
214871,P,2000-02-21,16643,5,35.50,0.85,,
214872,P,2000-03-11,49920,2,71.57,0.11,,
214873,P,2000-06-13,98825,2,65.48,4.31,,
214874,P,2002-03-01,44945,6,69.33,6.17,,
214875,P,2000-09-13,25700,10,76.17,4.23,,
214876,P,2001-01-20,43058,3,67.56,9.46,,
214877,P,2000-02-21,2205,10,24.02,0.40,,
214878,P,2002-09-04,31788,4,65.16,9.34,,
214879,P,2001-05-27,4981,9,73.78,9.65,,
214880,P,2002-08-04,87377,8,94.63,2.40,,
214881,P,2002-05-31,24700,8,11.50,1.28,,
214882,P,2001-09-04,46673,4,69.84,0.72,,
214883,P,2002-09-16,51447,1,25.71,4.97,,
214884,P,2000-03-03,47937,2,90.46,9.61,,
214885,P,2000-12-03,43797,10,63.09,6.78,,
214886,P,2002-01-01,73618,4,9.36,0.32,,
214887,P,2002-02-26,93015,8,24.50,8.98,,
214888,P,2000-09-26,94279,10,35.58,0.23,,
214889,P,2002-09-15,89329,9,76.04,4.64,,
214890,P,2001-01-10,37690,2,2.72,5.47,,
214891,P,2002-05-19,23139,5,97.80,2.52,,
214892,P,2000-10-12,86559,6,83.24,6.32,,
214893,P,2000-01-21,92579,6,30.17,6.48,,
214894,P,2002-02-12,11077,3,28.43,5.16,,
214895,P,2002-03-22,97333,10,94.96,0.11,,
214896,P,2001-07-13,55906,10,91.62,4.89,,
214897,P,2001-01-20,77780,8,20.93,2.89,,
214898,P,2000-05-13,18937,4,14.81,1.44,,
214899,P,2001-03-22,67499,5,53.70,2.62,,
214900,P,2000-02-15,43662,2,82.43,9.40,,
214901,P,2000-01-16,67082,4,27.57,4.39,,
214902,P,2000-12-14,15941,3,15.68,5.69,,
214903,P,2001-10-13,14475,9,97.05,4.79,,
214904,P,2000-03-26,77122,5,95.23,0.91,,
214905,P,2000-06-28,42815,10,88.60,5.95,,
214906,P,2001-10-27,472,2,29.34,3.23,,
214907,P,2001-03-04,4613,5,94.27,3.15,,
214908,P,2002-03-27,58978,6,41.50,4.61,,
214909,P,2001-12-07,35402,2,93.79,3.89,,
214910,P,2001-09-05,25370,8,9.29,2.70,,
214911,P,2002-05-25,56177,10,34.85,3.53,,
214912,P,2002-01-14,67603,10,86.10,7.84,,
214913,P,2001-05-01,91878,6,16.94,2.02,,
214914,P,2000-11-08,80167,10,39.93,4.04,,
214915,P,2000-03-28,3724,8,10.62,3.58,,
214916,P,2000-09-11,48048,9,45.91,7.30,,
214917,P,2002-07-18,82919,4,88.04,5.62,,
214918,P,2001-03-25,30118,2,81.44,7.92,,
214919,P,2002-01-10,15041,8,58.97,4.62,,
214920,P,2002-04-17,86939,3,79.83,9.74,,
214921,P,2000-01-17,73160,8,68.12,6.48,,
214922,P,2002-06-11,14143,8,2.92,4.13,,
214923,P,2000-11-21,17645,10,53.14,3.71,,
214924,P,2001-08-22,16494,10,30.17,0.78,,
214925,P,2001-11-09,27447,3,64.81,0.83,,
214926,P,2001-07-01,2350,8,98.20,9.72,,
214927,P,2000-12-07,76185,6,85.74,6.51,,
214928,P,2001-12-31,12953,4,98.73,4.70,,
214929,P,2002-07-21,12696,5,47.80,0.05,,
214930,P,2001-05-22,60748,1,47.16,1.30,,
214931,P,2002-04-05,96686,1,69.13,7.64,,
214932,P,2002-02-17,84958,4,40.08,4.63,,
214933,P,2000-10-20,82210,1,39.47,9.27,,
214934,P,2001-04-18,94986,1,35.58,4.05,,
214935,P,2001-01-28,91062,5,47.06,3.79,,
214936,P,2000-08-14,11252,10,98.30,5.23,,
214937,P,2001-02-15,49451,8,3.28,4.32,,
214938,P,2000-04-09,43955,3,53.49,1.21,,
214939,P,2000-03-13,19182,1,56.84,6.05,,
214940,P,2002-02-25,5502,1,93.19,6.13,,
214941,P,2002-04-11,15300,1,55.65,6.92,,
214942,P,2000-06-22,76858,9,36.33,9.90,,
214943,P,2002-09-02,8585,1,93.32,2.25,,
214944,P,2002-03-29,50173,4,94.34,3.37,,
214945,P,2000-11-17,35419,9,66.21,4.39,,
214946,P,2000-08-15,42917,2,40.42,6.05,,
214947,P,2000-07-22,23899,6,23.57,6.60,,
214948,P,2001-08-12,81804,9,25.35,8.51,,
214949,P,2001-11-27,67964,3,77.46,8.68,,
214950,P,2000-10-01,586,10,25.31,2.47,,
214951,P,2001-05-26,87377,9,15.05,1.34,,
214952,P,2000-11-09,77173,7,23.90,0.71,,
214953,P,2000-04-08,3413,5,52.92,0.05,,
214954,P,2002-08-06,36636,9,25.91,2.25,,
214955,P,2000-07-13,77935,4,40.60,7.89,,
214956,P,2000-12-19,35956,2,20.97,8.85,,
214957,P,2000-05-01,22505,3,22.81,1.32,,
214958,P,2002-04-24,9396,6,77.05,5.88,,
214959,P,2001-07-12,22836,5,11.97,4.11,,
214960,P,2001-12-09,77539,4,49.33,4.94,,
214961,P,2000-09-16,85764,8,81.83,8.66,,
214962,P,2001-04-20,82250,6,86.03,0.95,,
214963,P,2000-05-16,87418,7,8.87,9.36,,
214964,P,2000-01-25,72017,5,49.29,1.80,,
214965,P,2002-02-11,12099,4,26.19,6.44,,
214966,P,2000-06-18,13609,9,30.02,3.90,,
214967,P,2001-05-10,52182,6,54.68,5.55,,
214968,P,2002-05-25,6485,8,13.66,5.37,,
214969,P,2002-07-07,84494,5,95.76,6.84,,
214970,P,2000-12-05,749,3,22.18,0.24,,
214971,P,2002-05-25,83396,10,62.56,6.26,,
214972,P,2002-09-01,80293,1,10.20,0.72,,
214973,P,2000-10-22,49594,8,45.31,6.28,,
214974,P,2000-05-21,54451,10,77.16,8.20,,
214975,P,2002-06-26,26303,2,62.10,6.09,,
214976,P,2001-02-01,95941,1,52.48,0.90,,
214977,P,2000-10-12,37658,6,96.38,4.83,,
214978,P,2000-07-06,65493,2,90.07,7.22,,
214979,P,2000-03-17,34941,1,57.67,7.61,,
214980,P,2002-09-09,23251,9,8.81,6.26,,
214981,P,2001-10-17,93551,10,95.98,8.71,,
214982,P,2002-07-09,83554,1,3.23,5.27,,
214983,P,2001-09-16,5600,6,56.27,2.78,,
214984,P,2002-07-13,27916,5,96.38,8.18,,
214985,P,2000-07-16,70831,1,1.56,9.37,,
214986,P,2001-08-04,11797,7,91.80,0.50,,
214987,P,2001-07-25,52271,9,53.98,7.07,,
214988,P,2001-06-14,61991,6,34.75,8.71,,
214989,P,2000-07-03,76538,7,86.50,9.17,,
214990,P,2002-05-10,16172,7,97.41,6.43,,
214991,P,2000-05-25,8925,1,49.23,3.76,,
214992,P,2002-02-28,67072,9,99.92,6.08,,
214993,P,2000-08-30,64631,6,33.62,2.45,,
214994,P,2001-06-07,77467,8,36.65,8.47,,
214995,P,2000-12-22,43867,9,37.91,6.44,,
214996,P,2001-07-09,41161,10,78.09,1.91,,
214997,P,2000-04-09,94492,2,35.95,4.36,,
214998,P,2001-03-25,23075,3,50.56,1.15,,
214999,P,2000-10-26,35181,8,34.09,4.09,,
215000,P,2002-03-08,85259,4,22.44,2.24,,
215001,P,2000-11-17,98255,2,28.45,8.10,,
215002,P,2000-08-03,90620,5,36.93,3.75,,
215003,P,2000-04-05,36521,9,50.01,7.52,,
215004,P,2002-09-09,56471,1,37.39,0.51,,
215005,P,2001-07-01,49603,3,57.24,4.99,,
215006,P,2000-09-18,75137,8,22.35,2.78,,
215007,P,2001-11-25,24995,3,23.27,4.18,,
215008,P,2001-02-10,16064,6,34.52,4.35,,
215009,P,2001-10-01,151,4,30.96,5.07,,
215010,P,2000-01-21,53818,6,34.87,3.12,,
215011,P,2001-01-06,41110,7,15.25,8.37,,
215012,P,2001-03-31,16949,7,49.50,6.88,,
215013,P,2002-06-27,56669,6,38.13,8.39,,
215014,P,2000-10-14,68752,6,13.80,5.16,,
215015,P,2002-08-05,98770,7,66.61,0.27,,
215016,P,2000-09-15,49849,9,82.30,6.31,,
215017,P,2001-10-15,94656,2,48.13,2.28,,
215018,P,2000-02-07,40627,2,39.01,0.12,,
215019,P,2001-12-08,77532,5,60.80,5.32,,
215020,P,2001-12-22,15657,5,18.96,0.68,,
215021,P,2001-01-30,38608,4,14.92,1.08,,
215022,P,2000-02-25,73885,8,86.81,5.19,,
215023,P,2000-01-05,74037,3,20.79,9.33,,
215024,P,2000-02-28,66936,10,83.81,3.11,,
215025,P,2001-12-02,63182,4,3.43,9.99,,
215026,P,2002-02-18,38032,10,59.93,2.49,,
215027,P,2000-09-01,65698,6,8.32,2.04,,
215028,P,2002-08-07,96973,9,86.28,5.89,,
215029,P,2001-04-24,33675,8,83.89,4.78,,
215030,P,2000-08-12,7409,5,9.63,5.73,,
215031,P,2000-10-05,21145,8,56.81,1.36,,
215032,P,2001-11-06,53611,2,26.50,3.09,,
215033,P,2002-07-07,57860,9,70.20,5.41,,
215034,P,2000-02-06,88153,8,56.04,9.61,,
215035,P,2000-08-04,92646,2,27.70,5.06,,
215036,P,2002-07-01,88966,3,30.88,0.55,,
215037,P,2001-10-01,48661,5,85.41,8.31,,
215038,P,2001-05-03,52189,10,24.26,9.29,,
215039,P,2000-02-03,64736,8,19.65,0.85,,
215040,P,2001-11-06,86872,4,21.31,3.16,,
215041,P,2000-08-04,94776,1,94.86,8.77,,
215042,P,2001-03-17,43277,8,95.41,2.84,,
215043,P,2000-06-30,90587,2,91.75,3.56,,
215044,P,2002-05-13,9613,6,52.62,4.41,,
215045,P,2000-12-09,76792,5,33.09,3.66,,
215046,P,2002-05-12,31774,2,30.21,3.90,,
215047,P,2002-06-05,68871,6,17.64,5.38,,
215048,P,2002-09-13,90786,4,38.02,5.17,,
215049,P,2000-09-02,66957,9,68.92,3.06,,
215050,P,2002-05-15,47166,8,37.75,6.96,,
215051,P,2001-12-22,24121,6,62.31,4.06,,
215052,P,2002-05-30,99861,8,89.94,2.56,,
215053,P,2001-03-19,81050,5,69.30,0.33,,
215054,P,2000-12-31,54644,6,29.92,6.57,,
215055,P,2000-03-29,9544,10,21.55,9.40,,
215056,P,2000-09-11,97403,8,86.65,6.91,,
215057,P,2002-06-01,67894,10,77.68,9.16,,
215058,P,2001-07-05,8941,3,26.64,5.96,,
215059,P,2001-01-16,90436,8,27.35,9.63,,
215060,P,2000-05-14,93478,7,82.33,2.13,,
215061,P,2001-09-06,29090,4,50.10,5.34,,
215062,P,2000-10-30,81954,9,69.04,3.81,,
215063,P,2001-04-27,80228,2,86.77,2.75,,
215064,P,2002-06-20,88502,8,86.71,0.86,,
215065,P,2000-10-25,24501,9,44.81,4.00,,
215066,P,2002-04-04,56849,5,40.75,8.00,,
215067,P,2001-07-26,14894,5,52.74,2.86,,
215068,P,2001-05-09,83881,8,16.14,4.05,,
215069,P,2000-08-26,9526,3,83.22,6.26,,
215070,P,2000-09-24,503,3,74.35,1.65,,
215071,P,2001-05-17,99542,9,43.92,7.79,,
215072,P,2001-04-08,7980,5,88.97,9.38,,
215073,P,2002-05-10,51294,7,46.48,8.36,,
215074,P,2002-04-12,35754,3,37.95,1.28,,
215075,P,2000-11-05,79764,6,37.65,6.07,,
215076,P,2001-02-17,5719,1,14.66,3.82,,
215077,P,2002-01-12,23115,3,20.75,1.58,,
215078,P,2002-04-27,41776,5,88.72,0.46,,
215079,P,2000-06-06,8337,9,24.50,6.65,,
215080,P,2001-06-16,79425,1,56.92,2.82,,
215081,P,2001-07-16,47080,1,57.89,8.94,,
215082,P,2000-05-15,74782,10,8.23,0.72,,
215083,P,2000-11-11,498,5,67.27,8.25,,
215084,P,2002-09-22,54069,8,59.88,5.79,,
215085,P,2000-07-01,524,5,21.00,6.87,,
215086,P,2000-01-11,85293,2,14.33,5.26,,
215087,P,2001-03-15,76474,7,72.05,8.24,,
215088,P,2002-01-14,77459,6,15.13,6.95,,
215089,P,2000-02-27,68364,4,58.10,2.20,,
215090,P,2001-04-03,4225,2,79.24,2.19,,
215091,P,2000-02-13,28296,6,29.96,8.20,,
215092,P,2002-06-18,83373,10,20.08,6.31,,
215093,P,2001-02-08,70886,2,15.42,6.81,,
215094,P,2000-11-23,31159,10,99.95,3.04,,
215095,P,2000-03-24,61062,2,68.18,8.12,,
215096,P,2000-03-04,39025,9,16.28,8.77,,
215097,P,2001-10-09,92456,2,14.00,5.35,,
215098,P,2001-11-03,74296,5,64.78,9.28,,
215099,P,2001-11-09,14849,2,45.82,7.76,,
215100,P,2001-04-28,17461,1,55.46,6.62,,
215101,P,2001-09-22,7175,7,2.64,3.36,,
215102,P,2000-04-15,83646,5,97.68,5.24,,
215103,P,2002-07-29,89999,6,40.19,6.62,,
215104,P,2002-03-26,34324,6,7.84,4.64,,
215105,P,2002-08-20,54869,5,13.34,4.90,,
215106,P,2001-03-01,1939,6,82.95,7.79,,
215107,P,2002-06-10,95622,5,80.85,5.04,,
215108,P,2001-08-24,1841,8,8.99,1.18,,
215109,P,2001-01-04,18320,9,76.26,8.70,,
215110,P,2000-03-23,35462,4,86.79,3.12,,
215111,P,2000-05-27,7314,4,96.39,0.72,,
215112,P,2000-06-22,86390,5,10.76,0.77,,
215113,P,2001-12-03,2236,8,67.77,1.88,,
215114,P,2000-05-24,69923,8,90.78,1.32,,
215115,P,2002-03-09,19361,8,16.69,7.71,,
215116,P,2001-04-02,90879,4,85.20,1.89,,
215117,P,2000-01-06,56693,3,21.43,7.64,,
215118,P,2002-06-03,7444,5,31.91,7.65,,
215119,P,2000-09-26,46915,8,31.41,6.84,,
215120,P,2002-05-11,97299,9,21.35,9.99,,
215121,P,2002-01-03,79032,5,53.24,1.51,,
215122,P,2002-07-23,81488,3,17.58,3.93,,
215123,P,2001-03-30,15847,5,46.44,6.82,,
215124,P,2000-01-16,7410,3,80.88,5.01,,
215125,P,2002-08-22,53892,9,70.07,3.73,,
215126,P,2000-07-28,19538,5,54.48,2.35,,
215127,P,2002-04-06,33854,9,61.35,0.46,,
215128,P,2002-05-20,47975,3,74.49,5.01,,
215129,P,2000-02-28,43832,3,97.67,7.92,,
215130,P,2001-10-15,92689,4,32.49,2.02,,
215131,P,2001-10-19,59679,1,31.76,3.52,,
215132,P,2000-02-23,28436,2,87.31,8.37,,
215133,P,2001-06-05,2114,4,88.68,8.55,,
215134,P,2002-09-06,43585,10,22.06,5.84,,
215135,P,2000-03-10,69330,8,33.15,7.20,,
215136,P,2001-10-27,55419,3,63.07,9.01,,
215137,P,2002-09-19,52795,8,92.69,5.57,,
215138,P,2000-03-07,46652,7,15.45,8.03,,
215139,P,2000-06-11,93422,6,56.65,5.49,,
215140,P,2001-07-31,19400,9,20.02,3.02,,
215141,P,2001-07-21,1987,5,32.94,0.91,,
215142,P,2001-09-30,89707,8,2.95,9.75,,
215143,P,2001-09-21,68599,3,8.93,2.74,,
215144,P,2000-01-08,27824,4,4.17,8.69,,
215145,P,2002-09-27,64897,2,74.96,3.24,,
215146,P,2000-02-28,52084,5,46.14,2.58,,
215147,P,2001-12-16,92794,6,20.38,2.86,,
215148,P,2000-01-21,49684,6,87.96,6.41,,
215149,P,2001-11-24,17048,8,80.42,2.27,,
215150,P,2002-04-27,41822,9,71.25,7.46,,
215151,P,2002-03-15,69724,2,38.77,0.72,,
215152,P,2002-06-24,39401,5,58.69,8.36,,
215153,P,2000-01-05,28955,7,92.30,3.85,,
215154,P,2002-06-24,95257,7,16.02,2.50,,
215155,P,2000-09-03,22789,9,3.56,8.10,,
215156,P,2001-06-04,73013,1,80.99,0.25,,
215157,P,2002-05-19,58884,5,89.03,9.88,,
215158,P,2002-08-06,28573,6,21.06,5.09,,
215159,P,2000-06-30,31656,5,58.64,5.31,,
215160,P,2000-02-05,50288,2,65.39,0.59,,
215161,P,2002-04-08,43868,8,74.77,8.80,,
215162,P,2000-08-13,54217,5,36.74,9.15,,
215163,P,2002-03-28,22057,7,38.64,8.32,,
215164,P,2001-05-11,60776,7,22.81,4.43,,
215165,P,2001-06-08,47525,7,50.18,5.31,,
215166,P,2002-04-16,41523,9,50.38,7.82,,
215167,P,2000-05-04,4484,5,36.10,9.27,,
215168,P,2002-01-19,656,10,60.00,0.91,,
215169,P,2001-07-22,52317,1,79.97,2.84,,
215170,P,2000-02-12,93874,3,91.46,3.46,,
215171,P,2001-03-23,7898,7,57.57,5.17,,
215172,P,2002-03-25,72178,8,18.78,7.11,,
215173,P,2000-10-13,5670,10,50.01,2.85,,
215174,P,2002-03-06,75427,5,65.06,0.82,,
215175,P,2002-02-10,2623,2,5.89,2.81,,
215176,P,2000-05-09,262,7,16.39,8.48,,
215177,P,2000-02-11,85947,9,55.93,9.77,,
215178,P,2002-04-23,35899,10,11.07,8.86,,
215179,P,2000-10-07,74063,5,48.88,3.67,,
215180,P,2001-06-24,9369,2,39.72,5.20,,
215181,P,2000-07-31,4702,8,94.19,4.87,,
215182,P,2001-07-05,54294,1,45.95,8.16,,
215183,P,2002-09-11,12222,4,20.24,8.66,,
215184,P,2000-04-21,3611,7,42.31,9.69,,
215185,P,2000-03-04,88273,8,11.52,4.55,,
215186,P,2000-12-15,25606,3,40.45,6.37,,
215187,P,2001-10-02,51573,3,39.94,8.03,,
215188,P,2001-04-22,7244,3,63.91,5.17,,
215189,P,2000-02-18,47242,10,66.20,2.20,,
215190,P,2000-11-01,89125,9,76.43,8.46,,
215191,P,2001-09-13,92117,5,7.05,0.74,,
215192,P,2000-11-04,26131,2,82.58,1.63,,
215193,P,2002-09-12,44259,3,59.66,2.91,,
215194,P,2000-09-17,5644,8,18.40,1.76,,
215195,P,2002-07-12,29991,4,71.45,3.78,,
215196,P,2000-12-06,22605,4,35.92,9.98,,
215197,P,2000-11-18,74554,8,68.65,0.67,,
215198,P,2000-02-04,37290,6,5.07,4.69,,
215199,P,2000-12-03,22657,5,79.47,2.03,,
215200,P,2000-02-13,24030,1,78.96,8.31,,
215201,P,2002-05-31,98954,8,11.18,1.20,,
215202,P,2000-10-09,26655,4,86.77,6.20,,
215203,P,2001-08-25,78937,3,68.90,4.43,,
215204,P,2000-09-17,26581,10,30.37,0.53,,
215205,P,2000-11-11,76609,6,93.50,4.55,,
215206,P,2000-01-30,89638,9,76.18,2.83,,
215207,P,2001-01-30,19447,6,20.33,3.69,,
215208,P,2000-10-02,1445,1,8.26,8.33,,
215209,P,2000-05-16,86866,9,93.25,4.02,,
215210,P,2000-06-17,74030,1,47.18,9.07,,
215211,P,2002-07-20,41742,6,30.58,6.11,,
215212,P,2001-12-09,63819,8,25.64,5.96,,
215213,P,2000-09-12,27956,10,2.18,7.84,,
215214,P,2002-09-15,801,9,25.26,3.21,,
215215,P,2000-01-14,55915,8,23.54,8.94,,
215216,P,2000-08-07,27534,7,53.16,3.22,,
215217,P,2001-02-24,47995,3,89.41,0.33,,
215218,P,2002-01-08,13492,10,22.73,2.42,,
215219,P,2001-06-03,7271,10,33.89,5.33,,
215220,P,2001-03-01,19552,10,74.54,4.79,,
215221,P,2000-07-19,89964,5,5.11,5.57,,
215222,P,2000-02-23,30142,1,81.83,3.04,,
215223,P,2002-03-21,59414,2,60.83,2.91,,
215224,P,2000-11-06,57070,9,73.71,7.97,,
215225,P,2001-03-04,34472,2,31.82,2.01,,
215226,P,2000-05-02,53293,3,4.94,0.46,,
215227,P,2000-10-01,73457,8,2.62,1.57,,
215228,P,2001-07-24,88342,5,28.32,7.13,,
215229,P,2001-03-09,38899,1,60.37,8.44,,
215230,P,2000-06-03,96595,5,10.76,6.68,,
215231,P,2000-06-26,23883,5,92.54,5.81,,
215232,P,2002-01-23,74433,10,65.90,5.90,,
215233,P,2001-06-07,22347,3,16.52,7.64,,
215234,P,2000-03-12,4279,2,69.13,7.44,,
215235,P,2002-02-22,82068,8,48.43,8.75,,
215236,P,2001-03-16,99138,9,81.83,9.48,,
215237,P,2002-04-27,47950,4,34.19,1.25,,
215238,P,2000-03-14,35009,9,72.55,3.61,,
215239,P,2000-04-15,20707,6,43.48,0.58,,
215240,P,2001-04-10,7114,4,66.06,3.40,,
215241,P,2002-03-31,33300,6,73.60,8.85,,
215242,P,2002-06-09,30938,2,96.54,7.01,,
215243,P,2000-11-03,27510,3,47.43,6.38,,
215244,P,2001-04-21,16556,4,58.36,3.73,,
215245,P,2002-04-24,20810,3,15.06,8.46,,
215246,P,2000-10-26,17541,8,4.65,6.42,,
215247,P,2001-12-01,58278,2,11.16,9.64,,
215248,P,2000-04-16,82170,9,21.38,2.66,,
215249,P,2001-12-27,6768,8,90.16,5.67,,
215250,P,2002-05-12,20196,7,82.03,9.50,,
215251,P,2002-04-06,96749,6,22.60,9.20,,
215252,P,2002-03-15,23034,2,69.46,0.30,,
215253,P,2002-07-21,45340,9,85.69,0.63,,
215254,P,2000-09-03,17903,7,72.60,1.76,,
215255,P,2001-03-30,52458,10,92.63,9.47,,
215256,P,2001-09-05,30432,10,97.14,5.47,,
215257,P,2000-08-10,55674,9,72.56,1.86,,
215258,P,2002-05-16,21277,5,13.03,9.65,,
215259,P,2002-09-26,1480,9,6.09,9.06,,
215260,P,2001-09-30,81934,1,58.63,4.01,,
215261,P,2001-06-03,85735,5,27.46,8.53,,
215262,P,2000-10-22,15449,1,70.89,0.85,,
215263,P,2000-09-26,70933,6,39.77,5.27,,
215264,P,2001-02-18,46825,8,74.41,2.06,,
215265,P,2000-04-20,51454,5,74.70,2.99,,
215266,P,2002-09-12,43393,10,63.70,9.90,,
215267,P,2000-06-07,86277,6,94.67,9.51,,
215268,P,2002-02-27,72044,4,5.30,7.52,,
215269,P,2000-04-11,29710,7,25.09,2.46,,
215270,P,2000-11-21,57971,8,8.16,2.59,,
215271,P,2000-04-06,11691,10,67.98,2.50,,
215272,P,2001-09-07,12545,8,0.47,2.24,,
215273,P,2000-01-02,79726,1,44.30,3.33,,
215274,P,2002-06-26,99601,3,7.19,9.69,,
215275,P,2000-05-26,42013,6,81.33,5.54,,
215276,P,2000-07-28,79364,6,71.55,6.57,,
215277,P,2000-07-16,7099,7,86.83,4.42,,
215278,P,2000-12-13,39527,8,84.33,8.54,,
215279,P,2002-01-23,45963,1,92.32,9.51,,
215280,P,2001-12-23,24978,7,85.95,2.73,,
215281,P,2002-06-27,22575,6,64.56,0.66,,
215282,P,2001-02-18,57830,3,37.85,6.36,,
215283,P,2000-10-01,82655,1,62.22,8.57,,
215284,P,2001-03-21,6433,3,17.12,6.15,,
215285,P,2002-06-05,66956,5,6.10,2.87,,
215286,P,2001-10-18,91588,9,89.91,9.47,,
215287,P,2001-10-16,30063,4,97.46,0.70,,
215288,P,2000-06-05,50097,9,13.46,0.17,,
215289,P,2002-04-19,81078,2,24.12,0.81,,
215290,P,2000-04-11,8052,2,40.85,2.32,,
215291,P,2000-05-18,65171,9,33.96,2.67,,
215292,P,2000-12-11,56381,3,28.08,1.45,,
215293,P,2001-10-13,112,5,52.01,7.58,,
215294,P,2002-07-08,95760,4,65.09,2.71,,
215295,P,2000-01-17,34019,8,26.64,8.41,,
215296,P,2001-05-22,63834,3,63.67,6.47,,
215297,P,2002-08-27,60234,8,17.44,5.03,,
215298,P,2002-04-06,44540,7,27.69,2.52,,
215299,P,2000-02-16,73993,5,89.47,7.30,,
215300,P,2000-07-31,66600,9,10.23,6.47,,
215301,P,2001-04-28,89429,10,48.43,2.62,,
215302,P,2001-09-01,45044,4,61.17,6.26,,
215303,P,2001-05-20,81711,1,12.14,2.16,,
215304,P,2001-11-15,27799,5,47.45,0.16,,
215305,P,2001-02-20,90160,6,4.20,1.28,,
215306,P,2000-07-29,74331,6,24.47,4.72,,
215307,P,2000-12-12,60739,8,58.02,1.22,,
215308,P,2002-03-08,21501,6,32.97,9.03,,
215309,P,2001-08-19,85801,7,13.02,7.27,,
215310,P,2000-10-30,12513,1,82.77,7.75,,
215311,P,2000-08-29,97063,10,99.07,2.02,,
215312,P,2000-07-14,76233,10,34.58,8.18,,
215313,P,2002-04-27,34985,9,99.30,2.01,,
215314,P,2000-10-28,79140,1,28.42,1.42,,
215315,P,2002-03-12,46097,6,50.25,8.34,,
215316,P,2002-01-10,15882,1,67.55,7.85,,
215317,P,2001-12-24,86272,6,12.62,7.89,,
215318,P,2001-10-12,85839,5,2.34,9.51,,
215319,P,2002-01-13,48058,1,50.22,9.62,,
215320,P,2002-06-23,9527,4,98.90,0.23,,
215321,P,2000-11-21,863,5,34.36,1.11,,
215322,P,2000-02-15,38894,8,22.68,6.63,,
215323,P,2001-01-27,64520,2,86.05,6.76,,
215324,P,2000-12-05,91319,9,74.31,3.04,,
215325,P,2002-07-08,17132,5,73.46,3.53,,
215326,P,2000-07-16,73399,3,32.91,3.99,,
215327,P,2000-10-28,46137,9,16.75,7.01,,
215328,P,2000-08-09,2564,8,55.21,7.01,,
215329,P,2001-10-30,96343,10,68.41,2.60,,
215330,P,2000-05-08,99392,5,36.66,7.29,,
215331,P,2000-07-08,8261,8,40.36,9.51,,
215332,P,2002-06-15,74966,2,13.88,4.51,,
215333,P,2001-06-08,122,6,3.52,8.17,,
215334,P,2000-11-14,46912,3,52.02,0.78,,
215335,P,2001-01-28,18070,1,20.24,5.26,,
215336,P,2002-02-16,16831,7,44.98,6.31,,
215337,P,2000-02-17,10366,1,88.56,7.85,,
215338,P,2000-04-01,69401,8,23.43,7.00,,
215339,P,2001-11-20,77370,10,28.35,6.24,,
215340,P,2002-01-23,95782,10,21.48,2.03,,
215341,P,2001-11-28,20338,4,57.45,1.53,,
215342,P,2000-08-30,70128,7,87.74,3.75,,
215343,P,2001-08-04,98694,4,57.78,9.78,,
215344,P,2001-11-24,7671,8,20.74,1.61,,
215345,P,2001-11-17,77537,9,64.84,2.87,,
215346,P,2001-08-02,9068,7,16.43,6.64,,
215347,P,2002-09-15,82834,4,37.08,0.60,,
215348,P,2001-06-10,34603,4,35.12,4.27,,
215349,P,2000-10-03,84592,1,53.17,8.63,,
215350,P,2001-11-30,56950,7,44.44,9.02,,
215351,P,2002-08-10,22135,10,98.32,9.90,,
215352,P,2002-01-01,36173,6,99.07,2.55,,
215353,P,2001-12-30,76230,4,95.72,6.87,,
215354,P,2002-01-29,33297,8,37.48,0.22,,
215355,P,2002-09-04,27794,3,54.52,4.28,,
215356,P,2002-05-03,88837,10,74.35,9.38,,
215357,P,2000-08-09,13225,2,16.84,8.74,,
215358,P,2002-03-09,64864,9,27.84,8.94,,
215359,P,2000-01-31,68525,1,29.14,5.87,,
215360,P,2000-03-02,49808,7,98.17,4.21,,
215361,P,2001-12-10,56046,1,54.41,8.63,,
215362,P,2002-08-26,44831,9,14.51,1.07,,
215363,P,2002-04-10,19720,10,63.83,6.06,,
215364,P,2001-07-14,41587,7,78.25,8.82,,
215365,P,2001-02-25,41701,7,47.96,6.39,,
215366,P,2000-07-26,44358,6,56.65,5.67,,
215367,P,2001-03-10,91212,9,24.49,2.17,,
215368,P,2000-01-12,35842,6,91.59,6.71,,
215369,P,2002-06-11,1949,10,93.36,6.95,,
215370,P,2000-01-09,13248,9,46.78,4.57,,
215371,P,2000-01-31,91602,7,46.11,6.12,,
215372,P,2002-03-27,53188,3,32.83,7.87,,
215373,P,2000-01-14,60644,3,50.64,0.17,,
215374,P,2002-04-21,76206,10,52.30,2.11,,
215375,P,2002-05-11,74329,1,50.25,3.30,,
215376,P,2001-04-23,32157,9,6.34,5.00,,
215377,P,2001-01-07,13393,1,50.97,0.31,,
215378,P,2002-06-06,33552,5,94.22,6.05,,
215379,P,2000-01-01,25203,3,71.33,2.02,,
215380,P,2000-03-07,75281,9,96.99,2.34,,
215381,P,2001-01-07,63877,1,0.66,5.09,,
215382,P,2001-05-06,19425,6,76.13,1.59,,
215383,P,2001-08-05,86338,7,24.98,4.71,,
215384,P,2000-06-26,28719,2,81.16,0.55,,
215385,P,2002-07-24,41783,5,49.97,7.95,,
215386,P,2001-01-22,51795,4,87.86,9.35,,
215387,P,2002-03-17,85939,9,36.63,9.08,,
215388,P,2000-06-10,77729,4,55.75,4.70,,
215389,P,2002-08-16,78085,5,3.22,4.92,,
215390,P,2002-02-27,68045,7,73.40,6.39,,
215391,P,2000-07-02,74011,1,62.02,3.50,,
215392,P,2001-03-25,38303,5,26.89,4.69,,
215393,P,2002-01-23,43795,5,54.78,3.80,,
215394,P,2002-01-09,63940,6,59.05,2.80,,
215395,P,2002-05-25,40347,7,84.01,1.69,,
215396,P,2000-05-31,66233,4,3.72,4.50,,
215397,P,2002-07-15,81595,6,80.54,6.67,,
215398,P,2002-08-15,50864,10,35.68,9.84,,
215399,P,2001-12-01,94736,8,92.57,3.11,,
215400,P,2001-01-25,73571,3,5.89,8.43,,
215401,P,2002-08-21,7288,1,78.70,0.37,,
215402,P,2000-10-13,77882,4,40.44,9.42,,
215403,P,2002-05-07,99610,4,63.49,8.44,,
215404,P,2002-07-02,31477,4,52.72,7.67,,
215405,P,2002-07-10,37725,1,48.93,8.96,,
215406,P,2000-10-08,67428,4,38.63,2.45,,
215407,P,2000-01-27,676,4,93.26,9.92,,
215408,P,2000-04-10,18271,2,81.84,9.14,,
215409,P,2001-10-31,41254,7,82.85,2.82,,
215410,P,2001-01-09,30566,8,58.61,6.48,,
215411,P,2001-11-21,63166,9,0.45,9.62,,
215412,P,2001-09-05,95750,7,46.84,0.34,,
215413,P,2000-10-26,23405,10,89.92,7.56,,
215414,P,2001-03-03,70906,10,55.67,8.96,,
215415,P,2002-09-22,92954,7,57.01,7.59,,
215416,P,2000-12-14,36787,6,53.69,5.41,,
215417,P,2002-06-15,39041,4,81.64,3.12,,
215418,P,2000-02-16,45245,10,49.13,7.25,,
215419,P,2000-12-08,69795,3,7.41,9.05,,
215420,P,2002-04-18,46083,10,19.28,5.16,,
215421,P,2002-07-02,95008,5,65.43,7.09,,
215422,P,2000-08-16,52816,9,70.75,7.90,,
215423,P,2002-08-08,71360,10,49.38,0.53,,
215424,P,2002-03-07,63966,3,41.55,7.95,,
215425,P,2001-02-12,40011,1,34.79,9.45,,
215426,P,2000-07-04,90382,1,50.15,8.61,,
215427,P,2001-02-24,56650,9,95.05,0.64,,
215428,P,2002-06-22,39012,10,2.32,2.49,,
215429,P,2002-03-24,39880,10,69.34,0.08,,
215430,P,2000-11-02,35875,4,41.24,7.92,,
215431,P,2001-11-04,74970,10,11.96,3.78,,
215432,P,2002-01-06,18021,4,2.25,4.33,,
215433,P,2000-09-21,11207,4,14.18,7.17,,
215434,P,2001-04-02,29304,7,22.13,0.95,,
215435,P,2001-04-14,58320,4,23.29,6.04,,
215436,P,2001-05-12,77156,5,42.15,3.16,,
215437,P,2002-07-23,12525,4,33.79,1.21,,
215438,P,2001-12-03,39172,5,19.31,7.32,,
215439,P,2001-12-17,30716,7,52.57,1.74,,
215440,P,2001-09-15,10119,7,72.68,5.47,,
215441,P,2002-07-27,30108,1,65.51,5.87,,
215442,P,2001-03-20,2953,10,27.62,7.50,,
215443,P,2002-01-27,75255,2,81.68,7.12,,
215444,P,2000-09-17,24338,4,49.96,7.60,,
215445,P,2001-07-02,12335,9,81.92,2.38,,
215446,P,2001-01-08,71184,8,92.95,1.53,,
215447,P,2001-03-25,86546,5,45.81,8.91,,
215448,P,2001-12-18,19362,7,48.48,4.60,,
215449,P,2001-08-18,45413,3,50.31,4.23,,
215450,P,2002-09-05,1846,7,66.73,7.73,,
215451,P,2000-04-27,67951,1,95.57,1.03,,
215452,P,2002-09-18,14142,10,13.44,1.64,,
215453,P,2000-11-07,93626,2,39.15,4.48,,
215454,P,2002-08-15,13370,2,87.38,0.83,,
215455,P,2000-06-12,72762,8,23.43,7.63,,
215456,P,2002-06-30,8535,3,57.31,4.37,,
215457,P,2000-02-14,74318,4,98.15,7.40,,
215458,P,2002-04-03,58319,8,53.44,6.17,,
215459,P,2002-09-09,55155,8,77.23,7.50,,
215460,P,2002-03-02,33628,9,45.46,0.25,,
215461,P,2001-12-28,84090,8,97.83,8.09,,
215462,P,2000-06-05,16410,1,69.51,7.77,,
215463,P,2001-12-29,72777,8,30.53,1.78,,
215464,P,2000-06-01,88770,9,31.06,0.14,,
215465,P,2000-11-13,28499,1,71.69,9.87,,
215466,P,2001-05-24,66665,5,58.39,2.29,,
215467,P,2000-01-22,53565,4,97.95,6.54,,
215468,P,2000-11-14,74010,1,14.46,3.30,,
215469,P,2000-12-27,2600,7,92.99,7.11,,
215470,P,2000-05-11,58754,10,19.66,6.26,,
215471,P,2001-05-18,52841,4,49.60,3.81,,
215472,P,2000-12-30,69888,3,6.35,9.18,,
215473,P,2000-08-02,97277,10,26.89,4.86,,
215474,P,2002-03-26,47996,5,20.19,1.85,,
215475,P,2001-06-12,79163,9,99.23,7.02,,
215476,P,2000-10-24,73891,7,55.62,9.67,,
215477,P,2001-04-05,75557,10,15.22,5.38,,
215478,P,2001-01-08,22995,2,80.58,4.67,,
215479,P,2000-02-09,79909,5,86.59,1.43,,
215480,P,2001-05-27,2912,4,10.88,7.02,,
215481,P,2002-03-17,34611,1,32.11,1.08,,
215482,P,2000-12-11,93631,8,25.35,8.90,,
215483,P,2002-05-29,73578,10,99.38,7.95,,
215484,P,2001-12-03,43230,9,22.89,1.43,,
215485,P,2000-09-16,63754,3,1.73,1.62,,
215486,P,2001-08-05,14064,6,16.07,1.97,,
215487,P,2000-07-06,59083,7,58.03,1.94,,
215488,P,2001-09-14,66972,4,50.16,9.26,,
215489,P,2002-07-19,20479,3,39.08,2.94,,
215490,P,2002-03-22,94037,5,21.32,6.58,,
215491,P,2001-07-18,73346,1,97.09,8.59,,
215492,P,2001-05-23,25297,2,35.52,4.34,,
215493,P,2002-02-22,75433,3,73.07,1.78,,
215494,P,2000-08-09,21176,3,87.57,0.05,,
215495,P,2001-04-09,72869,4,52.72,6.34,,
215496,P,2000-11-11,60909,4,78.07,0.34,,
215497,P,2001-08-22,2761,7,87.37,7.36,,
215498,P,2001-10-04,42104,3,21.19,1.28,,
215499,P,2000-07-31,99621,10,97.93,2.81,,
215500,P,2001-07-28,36469,8,59.89,1.95,,
215501,P,2000-05-18,38088,7,99.22,9.62,,
215502,P,2002-06-21,47236,8,89.66,7.59,,
215503,P,2001-10-15,76008,3,92.25,0.30,,
215504,P,2000-10-16,83558,4,95.41,5.76,,
215505,P,2002-06-23,26425,8,83.47,3.22,,
215506,P,2000-04-16,93949,8,99.28,8.96,,
215507,P,2002-03-07,90350,9,36.98,1.13,,
215508,P,2001-12-06,95735,1,93.31,2.16,,
215509,P,2001-03-11,54097,3,30.71,6.59,,
215510,P,2000-05-22,19337,4,47.46,9.92,,
215511,P,2000-02-06,33693,9,85.72,3.12,,
215512,P,2000-03-05,87722,5,48.21,1.08,,
215513,P,2002-02-09,15631,1,86.97,0.57,,
215514,P,2000-05-12,3323,1,58.80,1.34,,
215515,P,2002-08-13,62469,4,71.06,4.35,,
215516,P,2002-05-09,64836,8,62.13,6.96,,
215517,P,2000-04-17,78002,6,67.60,7.22,,
215518,P,2002-02-14,90924,9,8.90,1.39,,
215519,P,2002-05-21,89894,5,66.59,2.89,,
215520,P,2001-03-13,7886,8,8.74,8.49,,
215521,P,2000-05-30,69392,7,75.60,3.38,,
215522,P,2002-08-12,62121,8,42.59,9.83,,
215523,P,2001-01-09,70832,6,11.23,5.45,,
215524,P,2000-01-07,39031,10,87.08,0.81,,
215525,P,2000-07-22,23389,6,95.40,2.11,,
215526,P,2002-01-05,71741,6,59.14,2.86,,
215527,P,2000-07-20,9623,3,45.22,5.54,,
215528,P,2001-08-24,23666,1,14.89,6.07,,
215529,P,2001-05-27,48009,10,3.38,4.33,,
215530,P,2002-01-18,42573,3,60.71,0.51,,
215531,P,2000-10-30,55953,10,46.60,5.79,,
215532,P,2000-10-15,67746,4,67.00,5.59,,
215533,P,2000-04-21,11444,1,27.13,5.84,,
215534,P,2001-08-27,32002,1,81.54,3.13,,
215535,P,2002-09-22,12561,5,24.32,7.36,,
215536,P,2001-01-17,94856,2,97.88,3.12,,
215537,P,2001-01-02,36241,9,45.13,7.38,,
215538,P,2001-04-23,90650,5,47.70,9.20,,
215539,P,2002-04-22,20960,3,3.10,2.82,,
215540,P,2002-02-15,74701,1,41.24,1.07,,
215541,P,2001-04-05,86972,3,4.48,6.81,,
215542,P,2001-04-18,21471,6,25.04,7.20,,
215543,P,2000-05-25,42803,10,17.06,4.62,,
215544,P,2000-11-08,61492,2,46.08,6.81,,
215545,P,2000-10-09,10268,2,60.08,8.57,,
215546,P,2000-02-08,42642,5,28.21,6.99,,
215547,P,2002-01-15,62756,3,93.33,1.90,,
215548,P,2002-05-05,46462,8,40.96,5.31,,
215549,P,2001-07-02,55098,6,16.09,3.70,,
215550,P,2000-03-06,25447,7,4.28,7.69,,
215551,P,2000-04-17,80744,4,37.36,3.97,,
215552,P,2001-11-27,99156,4,81.17,2.03,,
215553,P,2000-03-02,37940,4,39.31,9.16,,
215554,P,2001-12-30,90844,4,84.10,5.31,,
215555,P,2000-06-24,51232,6,99.64,4.11,,
215556,P,2001-09-16,41115,10,12.33,1.74,,
215557,P,2002-06-26,96356,3,51.13,8.69,,
215558,P,2001-06-19,12662,1,22.80,6.95,,
215559,P,2001-05-01,81185,3,73.55,4.77,,
215560,P,2000-01-21,59568,3,34.98,4.45,,
215561,P,2001-10-02,77670,8,83.39,1.56,,
215562,P,2000-11-29,36036,4,12.50,3.26,,
215563,P,2001-10-11,452,3,68.28,0.32,,
215564,P,2001-08-12,7046,2,90.08,0.64,,
215565,P,2000-09-03,2280,6,11.57,9.93,,
215566,P,2001-03-17,31848,6,74.11,9.47,,
215567,P,2000-03-05,25028,1,79.03,5.57,,
215568,P,2002-06-10,33187,1,65.91,2.59,,
215569,P,2001-02-04,55103,10,30.26,7.12,,
215570,P,2001-10-02,8305,5,93.12,7.14,,
215571,P,2000-07-06,46958,5,37.69,4.78,,
215572,P,2002-04-21,5526,7,28.60,8.67,,
215573,P,2002-06-22,43169,1,30.10,9.97,,
215574,P,2000-03-10,70172,2,52.67,1.29,,
215575,P,2001-06-21,45532,6,98.06,2.21,,
215576,P,2002-08-25,92160,2,8.21,2.08,,
215577,P,2001-03-13,58265,1,70.86,0.27,,
215578,P,2001-01-25,27361,7,95.23,8.19,,
215579,P,2000-10-26,38078,3,85.25,7.80,,
215580,P,2001-04-30,28400,1,34.13,9.18,,
215581,P,2000-09-13,91964,8,75.26,3.04,,
215582,P,2002-06-06,81407,7,19.28,8.25,,
215583,P,2001-09-22,99486,9,91.61,8.03,,
215584,P,2000-05-21,7635,3,57.20,2.31,,
215585,P,2001-12-27,89070,7,62.26,5.36,,
215586,P,2002-06-03,20447,4,31.59,1.30,,
215587,P,2002-02-11,39407,1,96.14,0.23,,
215588,P,2000-12-12,80480,2,82.31,0.08,,
215589,P,2001-05-27,68600,8,95.25,7.70,,
215590,P,2000-04-07,56063,8,71.85,4.39,,
215591,P,2000-01-15,60816,9,62.17,9.48,,
215592,P,2002-01-01,7442,3,18.64,8.61,,
215593,P,2002-05-14,32348,9,45.57,1.05,,
215594,P,2002-08-19,70739,7,78.02,5.54,,
215595,P,2000-06-11,10906,9,55.91,2.65,,
215596,P,2000-11-16,52728,1,15.24,4.71,,
215597,P,2000-12-24,52683,3,61.29,7.51,,
215598,P,2002-06-12,58285,1,84.47,7.79,,
215599,P,2002-04-28,2734,8,80.19,2.94,,
215600,P,2000-04-07,50954,3,6.26,1.24,,
215601,P,2000-03-16,30268,6,60.05,7.74,,
215602,P,2001-04-04,6309,10,58.64,7.31,,
215603,P,2001-09-25,50860,2,67.88,6.19,,
215604,P,2000-09-24,72910,4,54.72,3.24,,
215605,P,2001-04-24,44182,5,3.63,5.98,,
215606,P,2000-01-23,83895,6,9.70,9.67,,
215607,P,2000-04-30,36608,8,83.95,9.51,,
215608,P,2001-10-12,81255,6,27.16,3.44,,
215609,P,2001-02-27,41078,1,8.75,4.96,,
215610,P,2000-03-29,28552,4,51.72,1.47,,
215611,P,2000-11-05,75885,8,80.34,9.24,,
215612,P,2000-03-24,82349,3,11.76,6.44,,
215613,P,2000-10-10,15036,10,40.89,9.49,,
215614,P,2002-06-19,53429,10,25.38,4.21,,
215615,P,2002-02-28,39751,9,59.70,2.05,,
215616,P,2001-06-03,64370,7,27.44,7.16,,
215617,P,2002-07-26,71456,3,86.11,8.04,,
215618,P,2000-10-18,37272,4,59.86,7.58,,
215619,P,2002-05-02,49970,4,31.97,7.66,,
215620,P,2002-05-03,96507,10,75.14,9.01,,
215621,P,2000-04-16,69156,3,36.36,9.66,,
215622,P,2000-10-12,36180,2,91.52,2.04,,
215623,P,2002-05-05,69331,8,72.37,9.31,,
215624,P,2002-09-25,39392,3,92.00,3.29,,
215625,P,2001-03-30,51642,9,28.43,3.83,,
215626,P,2000-12-25,90125,1,83.51,9.41,,
215627,P,2001-05-29,97009,10,18.10,8.43,,
215628,P,2002-02-18,63428,3,59.49,9.98,,
215629,P,2002-06-14,32824,4,35.76,4.45,,
215630,P,2001-10-30,69338,8,32.27,9.01,,
215631,P,2001-12-25,40112,9,28.71,1.30,,
215632,P,2000-02-28,88007,3,36.66,8.20,,
215633,P,2002-06-12,16602,5,73.09,8.40,,
215634,P,2001-03-27,29813,8,50.06,4.91,,
215635,P,2000-07-04,17503,4,0.89,2.88,,
215636,P,2000-05-17,88803,7,67.25,5.20,,
215637,P,2000-11-26,63855,6,39.86,8.81,,
215638,P,2000-02-23,47332,10,26.82,7.52,,
215639,P,2000-08-30,31270,1,84.30,4.74,,
215640,P,2000-02-18,18124,6,52.83,5.82,,
215641,P,2002-01-15,77249,9,72.06,4.32,,
215642,P,2000-09-22,974,3,89.77,7.73,,
215643,P,2000-03-29,43460,4,63.97,0.28,,
215644,P,2001-12-17,21230,8,70.60,1.54,,
215645,P,2001-02-06,78073,1,41.60,4.23,,
215646,P,2001-09-30,90658,1,93.39,8.39,,
215647,P,2001-01-01,1794,1,96.34,5.16,,
215648,P,2002-06-19,34504,10,54.55,1.12,,
215649,P,2000-01-14,61398,10,21.58,1.90,,
215650,P,2001-12-03,45504,9,83.91,2.74,,
215651,P,2001-10-12,2884,9,55.01,4.68,,
215652,P,2000-01-13,86406,10,47.12,8.85,,
215653,P,2000-11-22,56323,7,67.25,3.81,,
215654,P,2002-04-03,66508,1,36.62,3.77,,
215655,P,2001-09-03,74556,3,72.03,8.34,,
215656,P,2000-01-23,78899,8,7.54,0.52,,
215657,P,2001-11-22,10485,5,11.20,0.19,,
215658,P,2002-02-18,52483,8,50.56,4.93,,
215659,P,2001-10-11,4882,6,55.02,2.19,,
215660,P,2000-05-17,61500,1,44.97,1.56,,
215661,P,2000-05-11,13930,2,25.40,1.57,,
215662,P,2001-10-19,57190,7,13.48,3.58,,
215663,P,2000-01-28,45757,2,40.15,5.14,,
215664,P,2001-11-18,26593,2,48.33,0.81,,
215665,P,2002-05-02,45587,5,6.14,0.50,,
215666,P,2000-02-21,87437,8,8.61,5.05,,
215667,P,2000-10-02,97486,5,67.19,3.12,,
215668,P,2001-09-21,7612,7,62.02,9.77,,
215669,P,2001-02-16,15899,5,20.32,7.14,,
215670,P,2000-07-26,24181,9,31.38,6.47,,
215671,P,2000-06-13,4170,5,14.41,5.56,,
215672,P,2000-08-12,24657,1,37.20,7.74,,
215673,P,2000-10-12,4516,9,25.47,1.29,,
215674,P,2001-05-23,24430,7,27.54,4.39,,
215675,P,2001-07-30,4808,6,44.61,6.80,,
215676,P,2002-04-03,43986,4,29.09,0.03,,
215677,P,2000-02-26,94804,5,74.60,9.08,,
215678,P,2001-11-13,50449,4,94.89,4.21,,
215679,P,2001-09-16,1229,9,87.70,8.13,,
215680,P,2000-01-02,6661,2,66.41,5.25,,
215681,P,2000-05-08,31812,8,12.13,4.76,,
215682,P,2002-03-21,93058,5,29.79,3.35,,
215683,P,2000-11-22,74654,10,74.11,1.83,,
215684,P,2000-09-30,78639,6,69.80,1.56,,
215685,P,2001-03-10,49384,10,98.01,6.60,,
215686,P,2001-06-05,42681,5,5.10,0.45,,
215687,P,2002-08-02,97020,1,30.92,9.70,,
215688,P,2001-08-11,19761,1,99.07,5.02,,
215689,P,2001-08-08,33798,6,60.86,5.24,,
215690,P,2001-11-24,76855,3,21.36,7.28,,
215691,P,2002-01-12,93926,8,38.03,9.74,,
215692,P,2000-06-23,80800,3,59.89,5.73,,
215693,P,2002-07-03,55136,10,4.44,3.45,,
215694,P,2002-08-29,25049,1,35.57,4.92,,
215695,P,2000-10-31,78529,7,14.40,2.44,,
215696,P,2001-08-28,89525,4,65.91,8.14,,
215697,P,2001-10-28,5753,10,17.72,4.82,,
215698,P,2001-05-10,6239,4,73.71,8.32,,
215699,P,2000-04-09,65251,4,3.00,3.74,,
215700,P,2001-08-14,64592,10,94.67,9.15,,
215701,P,2000-09-08,52410,9,59.94,7.81,,
215702,P,2000-11-18,36909,9,63.08,8.11,,
215703,P,2000-09-06,58227,7,81.93,2.18,,
215704,P,2001-08-29,50579,8,56.85,4.60,,
215705,P,2001-10-27,9430,7,29.77,0.50,,
215706,P,2001-03-11,23873,8,82.43,3.93,,
215707,P,2000-03-28,46628,7,34.88,7.43,,
215708,P,2001-01-09,10355,7,76.36,4.54,,
215709,P,2000-03-10,27908,1,62.27,1.12,,
215710,P,2001-02-23,49518,3,65.86,9.25,,
215711,P,2002-04-30,94514,2,15.59,1.90,,
215712,P,2001-01-05,23877,5,79.57,6.52,,
215713,P,2002-09-12,4886,6,19.28,6.67,,
215714,P,2001-12-09,28972,10,61.47,5.12,,
215715,P,2002-04-28,88599,3,75.54,0.64,,
215716,P,2001-09-26,68824,4,29.14,2.78,,
215717,P,2000-05-22,24447,9,68.72,3.27,,
215718,P,2001-11-22,29338,9,20.24,0.89,,
215719,P,2000-12-09,57229,5,28.66,0.11,,
215720,P,2001-08-24,95020,4,72.03,1.99,,
215721,P,2000-10-01,89601,3,41.47,2.72,,
215722,P,2000-04-03,97347,2,74.58,3.35,,
215723,P,2000-04-01,19616,4,58.59,2.87,,
215724,P,2001-08-19,41869,7,99.99,8.01,,
215725,P,2000-12-13,29049,1,94.67,3.98,,
215726,P,2001-06-28,45415,4,47.82,4.35,,
215727,P,2002-08-21,46713,4,37.00,6.66,,
215728,P,2001-03-15,82161,9,30.42,3.30,,
215729,P,2001-08-12,56241,10,93.97,4.12,,
215730,P,2002-05-25,4388,2,12.04,0.98,,
215731,P,2000-09-18,71720,1,49.28,2.12,,
215732,P,2002-01-22,47159,5,93.07,6.72,,
215733,P,2000-05-09,63809,2,51.80,4.22,,
215734,P,2000-08-29,53973,3,5.53,4.92,,
215735,P,2001-10-15,92654,10,80.44,9.36,,
215736,P,2001-07-10,91406,7,85.94,1.06,,
215737,P,2001-03-18,80923,1,50.80,0.77,,
215738,P,2001-02-25,93878,2,18.21,9.57,,
215739,P,2001-11-03,12062,6,1.73,1.61,,
215740,P,2002-08-10,21061,9,36.10,3.97,,
215741,P,2000-09-19,13643,2,5.90,9.23,,
215742,P,2001-08-10,26739,7,84.36,8.28,,
215743,P,2002-06-15,78844,10,4.58,1.09,,
215744,P,2001-01-12,63791,2,36.03,6.57,,
215745,P,2002-07-14,90736,10,78.08,5.94,,
215746,P,2002-08-26,10246,2,73.83,7.54,,
215747,P,2002-04-07,10696,3,41.55,1.38,,
215748,P,2001-10-04,10663,3,90.15,9.49,,
215749,P,2002-07-26,45434,4,87.54,9.53,,
215750,P,2001-01-10,89504,8,55.96,6.49,,
215751,P,2000-07-30,17008,8,68.91,0.41,,
215752,P,2000-04-06,55052,7,95.30,6.77,,
215753,P,2000-04-25,63607,10,61.55,0.84,,
215754,P,2001-02-06,69769,2,94.10,8.42,,
215755,P,2000-05-05,27542,6,82.37,5.12,,
215756,P,2000-12-13,76979,9,54.43,9.65,,
215757,P,2002-07-12,58984,5,58.07,7.61,,
215758,P,2001-04-01,6529,7,50.36,6.16,,
215759,P,2002-05-27,95887,9,84.73,4.68,,
215760,P,2001-02-12,44990,2,30.67,6.73,,
215761,P,2001-10-05,32608,2,89.40,7.52,,
215762,P,2000-05-24,78232,7,13.36,4.90,,
215763,P,2000-02-20,26093,10,31.09,3.75,,
215764,P,2002-06-27,72145,1,97.56,7.66,,
215765,P,2002-04-29,93075,5,32.86,3.36,,
215766,P,2002-01-01,5930,8,11.82,0.58,,
215767,P,2000-06-21,3943,8,49.97,5.72,,
215768,P,2002-07-07,11127,4,67.03,3.08,,
215769,P,2001-06-30,89187,2,45.27,6.15,,
215770,P,2000-01-02,625,7,52.00,0.46,,
215771,P,2000-04-02,79076,1,59.46,4.28,,
215772,P,2000-12-12,46728,5,79.54,0.75,,
215773,P,2001-02-17,43445,1,81.63,3.40,,
215774,P,2001-08-02,1767,6,12.74,1.72,,
215775,P,2001-07-09,25155,6,4.82,2.76,,
215776,P,2002-04-30,50330,1,57.71,4.43,,
215777,P,2000-11-12,33055,1,38.25,0.95,,
215778,P,2002-09-12,24106,9,93.90,4.02,,
215779,P,2001-04-21,24954,1,19.28,2.66,,
215780,P,2002-02-23,43425,7,88.74,6.82,,
215781,P,2000-09-05,20953,4,98.71,8.21,,
215782,P,2001-08-30,21123,2,12.31,1.58,,
215783,P,2001-04-15,2173,9,69.56,7.67,,
215784,P,2002-01-20,96180,10,71.34,1.03,,
215785,P,2001-06-08,51040,7,43.34,1.74,,
215786,P,2002-09-13,70499,2,38.05,9.80,,
215787,P,2001-06-22,74701,6,21.65,5.61,,
215788,P,2000-04-10,69816,6,29.34,6.01,,
215789,P,2002-07-29,17244,7,10.13,0.42,,
215790,P,2001-02-14,62801,10,82.76,8.43,,
215791,P,2000-07-27,26575,8,5.26,0.70,,
215792,P,2000-12-25,73637,5,14.78,1.93,,
215793,P,2000-04-13,89909,4,59.94,1.30,,
215794,P,2001-12-05,68875,8,43.16,4.00,,
215795,P,2001-07-29,43866,4,31.19,7.41,,
215796,P,2001-07-29,71236,4,96.43,8.30,,
215797,P,2002-07-11,17205,3,33.84,7.20,,
215798,P,2000-09-13,23973,4,38.24,2.41,,
215799,P,2000-02-01,20683,2,79.77,1.38,,
215800,P,2000-01-01,13722,2,23.20,4.05,,
215801,P,2001-05-04,89543,3,66.95,7.37,,
215802,P,2001-05-27,36218,6,32.97,5.41,,
215803,P,2001-08-10,95064,10,59.80,5.91,,
215804,P,2000-03-01,75817,2,87.97,4.49,,
215805,P,2002-04-27,9356,2,89.55,4.90,,
215806,P,2002-07-05,32052,5,58.05,7.26,,
215807,P,2001-12-28,84003,10,78.53,7.91,,
215808,P,2000-02-29,3653,2,85.18,6.65,,
215809,P,2001-05-06,83011,8,41.08,6.56,,
215810,P,2000-11-15,75350,8,16.33,0.98,,
215811,P,2001-10-10,50650,7,78.96,2.43,,
215812,P,2000-02-22,60845,1,93.04,9.49,,
215813,P,2002-04-20,84003,3,15.34,0.06,,
215814,P,2001-06-02,63957,1,1.16,7.32,,
215815,P,2002-08-20,98289,7,68.85,1.28,,
215816,P,2000-08-16,26498,5,90.55,0.03,,
215817,P,2001-06-30,82574,2,44.61,8.40,,
215818,P,2001-10-15,51148,3,20.55,8.57,,
215819,P,2001-11-23,46299,7,83.99,1.20,,
215820,P,2000-08-18,33141,9,81.14,4.58,,
215821,P,2002-08-05,72541,1,12.50,2.22,,
215822,P,2001-10-03,68717,4,63.14,3.70,,
215823,P,2000-06-05,37677,5,10.78,5.72,,
215824,P,2000-03-29,88545,2,12.24,5.97,,
215825,P,2002-07-28,81145,2,91.55,8.63,,
215826,P,2001-04-17,61441,10,21.07,5.46,,
215827,P,2000-12-22,37963,8,80.58,9.39,,
215828,P,2002-05-19,42368,10,84.00,5.32,,
215829,P,2002-08-02,21252,8,88.17,2.89,,
215830,P,2002-05-19,74417,7,25.46,2.76,,
215831,P,2001-05-29,36496,6,81.40,8.44,,
215832,P,2001-01-13,60482,9,3.57,3.19,,
215833,P,2002-02-10,17984,6,71.88,2.86,,
215834,P,2002-05-03,96469,4,85.82,5.49,,
215835,P,2001-12-18,55883,5,82.05,0.86,,
215836,P,2000-05-15,49860,4,31.48,5.05,,
215837,P,2001-10-24,5920,10,29.14,0.28,,
215838,P,2001-02-22,66816,1,97.70,5.51,,
215839,P,2002-05-20,12562,2,52.88,7.92,,
215840,P,2002-08-16,84825,6,98.86,6.40,,
215841,P,2000-01-02,42937,8,91.84,3.32,,
215842,P,2002-04-14,55557,1,6.48,7.45,,
215843,P,2002-07-16,89777,10,31.33,8.39,,
215844,P,2001-03-02,78139,5,27.54,1.42,,
215845,P,2002-04-24,77535,6,80.96,8.38,,
215846,P,2001-03-31,7866,2,50.89,0.29,,
215847,P,2002-04-01,12914,2,1.24,9.05,,
215848,P,2000-08-27,66237,9,2.76,1.17,,
215849,P,2001-10-01,84214,10,11.59,6.48,,
215850,P,2001-02-19,52562,4,23.49,1.84,,
215851,P,2001-12-06,89950,2,15.13,3.14,,
215852,P,2001-06-21,88441,6,6.26,9.66,,
215853,P,2001-06-21,90095,6,95.48,7.84,,
215854,P,2002-06-24,81056,1,86.66,4.43,,
215855,P,2002-07-20,96513,8,30.22,8.75,,
215856,P,2002-01-25,34379,8,29.07,3.04,,
215857,P,2000-09-20,24809,10,59.41,4.93,,
215858,P,2002-06-18,68497,1,39.98,2.14,,
215859,P,2001-09-09,75848,1,49.18,9.68,,
215860,P,2002-02-20,51232,2,96.88,9.13,,
215861,P,2002-02-25,74775,9,17.32,1.72,,
215862,P,2001-12-06,85048,10,8.69,6.05,,
215863,P,2002-01-03,96885,3,14.52,8.73,,
215864,P,2001-10-02,1742,9,75.83,3.70,,
215865,P,2002-07-20,19061,9,4.61,7.57,,
215866,P,2001-09-10,37137,5,23.99,2.27,,
215867,P,2002-08-05,23128,7,30.25,0.61,,
215868,P,2000-02-26,94227,3,71.97,0.02,,
215869,P,2001-04-21,18957,2,52.07,1.87,,
215870,P,2001-04-22,51436,2,31.06,2.71,,
215871,P,2000-02-03,9308,9,33.31,6.95,,
215872,P,2000-12-03,56959,7,19.91,8.35,,
215873,P,2000-02-26,53065,9,69.93,3.65,,
215874,P,2001-11-18,31517,10,47.49,6.44,,
215875,P,2001-11-06,36947,4,75.27,9.85,,
215876,P,2000-01-31,69848,1,75.24,3.84,,
215877,P,2001-11-25,86225,8,38.83,7.01,,
215878,P,2002-06-06,95940,6,91.86,0.84,,
215879,P,2000-02-03,85107,3,50.33,0.45,,
215880,P,2001-10-14,26791,10,18.91,7.15,,
215881,P,2001-09-06,3683,4,60.12,8.20,,
215882,P,2000-11-16,2534,10,16.97,7.92,,
215883,P,2001-06-16,97918,1,81.60,9.56,,
215884,P,2000-10-19,31363,3,42.01,3.18,,
215885,P,2001-11-09,59869,6,89.52,1.44,,
215886,P,2001-07-20,12260,5,68.00,0.24,,
215887,P,2001-08-28,96824,7,94.86,6.89,,
215888,P,2000-04-07,47789,10,69.87,2.63,,
215889,P,2002-04-16,34486,4,4.38,9.04,,
215890,P,2002-05-04,11525,5,75.72,0.56,,
215891,P,2002-09-04,23841,9,55.60,8.97,,
215892,P,2000-04-28,88356,5,71.55,6.73,,
215893,P,2001-01-10,10309,7,95.05,0.55,,
215894,P,2002-07-30,27419,6,64.10,3.59,,
215895,P,2000-03-24,91075,4,9.34,2.76,,
215896,P,2000-10-14,62745,1,48.05,4.27,,
215897,P,2000-11-21,12667,2,91.34,5.59,,
215898,P,2000-04-11,20004,2,59.13,2.99,,
215899,P,2001-06-12,90528,9,20.66,4.15,,
215900,P,2001-09-22,84297,7,3.60,7.22,,
215901,P,2000-06-06,41900,2,83.18,5.83,,
215902,P,2000-09-24,92097,2,41.67,5.64,,
215903,P,2001-03-22,13190,10,77.40,3.35,,
215904,P,2001-06-19,40767,2,90.68,5.11,,
215905,P,2001-04-30,77478,1,28.59,4.23,,
215906,P,2001-10-27,45063,2,71.76,9.36,,
215907,P,2001-05-06,66481,4,81.25,1.08,,
215908,P,2000-06-21,50777,6,30.76,5.83,,
215909,P,2000-05-21,77394,7,88.16,2.49,,
215910,P,2002-04-16,37553,10,96.65,7.37,,
215911,P,2001-03-26,63999,8,0.31,9.29,,
215912,P,2002-09-14,65216,4,83.20,6.69,,
215913,P,2001-07-26,96909,1,91.23,0.18,,
215914,P,2001-02-21,36936,1,45.44,6.24,,
215915,P,2002-05-14,96272,3,48.04,0.83,,
215916,P,2000-05-30,95970,6,98.82,4.06,,
215917,P,2000-04-04,41638,5,19.00,8.12,,
215918,P,2001-12-17,78842,7,51.73,8.37,,
215919,P,2000-05-07,90868,5,28.06,5.41,,
215920,P,2000-04-10,35703,10,24.17,3.95,,
215921,P,2000-02-12,16728,2,93.31,9.40,,
215922,P,2002-03-20,21676,3,85.09,0.92,,
215923,P,2002-06-30,49619,2,71.48,6.35,,
215924,P,2001-06-26,55086,10,2.66,0.55,,
215925,P,2002-08-26,28702,10,68.21,6.87,,
215926,P,2000-07-29,26642,6,80.37,7.94,,
215927,P,2002-04-18,94987,3,43.88,7.07,,
215928,P,2000-06-07,59442,10,77.22,3.46,,
215929,P,2001-10-31,64196,10,6.36,0.64,,
215930,P,2001-11-21,52859,9,81.56,0.85,,
215931,P,2000-02-15,78694,6,60.90,2.44,,
215932,P,2000-09-03,89555,1,5.05,9.78,,
215933,P,2000-11-20,19612,4,69.00,7.02,,
215934,P,2002-08-26,96884,10,16.27,4.27,,
215935,P,2002-09-16,49758,10,6.34,10.00,,
215936,P,2001-05-30,78252,6,78.32,0.25,,
215937,P,2000-04-26,71154,4,28.07,0.49,,
215938,P,2000-01-14,38006,5,91.37,2.25,,
215939,P,2002-01-01,53553,9,40.09,6.48,,
215940,P,2002-07-27,49990,10,33.55,6.72,,
215941,P,2002-03-03,10707,10,24.40,2.29,,
215942,P,2000-06-18,12135,6,91.19,6.81,,
215943,P,2000-02-07,139,6,57.00,9.58,,
215944,P,2002-01-10,34122,7,8.64,6.57,,
215945,P,2002-08-12,40506,1,55.63,8.87,,
215946,P,2002-05-26,35984,9,81.79,3.98,,
215947,P,2001-02-28,30624,9,63.65,2.35,,
215948,P,2001-10-01,34948,7,9.08,9.89,,
215949,P,2000-01-01,84864,5,55.38,3.09,,
215950,P,2000-12-26,42770,7,26.50,6.54,,
215951,P,2001-07-22,49681,1,87.71,7.24,,
215952,P,2000-03-08,55494,8,16.83,0.04,,
215953,P,2002-03-18,82027,4,87.86,2.00,,
215954,P,2001-08-15,31088,7,0.65,9.79,,
215955,P,2001-01-08,92157,9,28.75,6.42,,
215956,P,2002-06-11,25883,8,85.97,7.14,,
215957,P,2000-09-25,58074,5,44.63,6.10,,
215958,P,2000-04-16,71861,8,54.90,2.18,,
215959,P,2001-02-28,86973,4,86.70,1.92,,
215960,P,2001-10-14,4792,10,18.47,7.16,,
215961,P,2000-03-05,87397,7,77.90,0.93,,
215962,P,2001-12-27,44099,4,48.16,9.64,,
215963,P,2000-01-06,35623,2,1.93,9.73,,
215964,P,2000-11-02,28675,2,66.48,8.84,,
215965,P,2000-06-23,15537,2,1.18,1.73,,
215966,P,2002-09-16,36347,10,64.98,2.34,,
215967,P,2001-11-03,28276,10,59.78,3.49,,
215968,P,2001-07-04,58163,6,58.50,1.14,,
215969,P,2001-05-20,4599,5,36.76,0.40,,
215970,P,2001-03-02,46795,6,29.85,7.18,,
215971,P,2000-09-13,58461,8,65.24,6.02,,
215972,P,2001-04-01,21723,4,77.73,1.79,,
215973,P,2001-04-05,29443,10,6.54,2.09,,
215974,P,2000-09-03,80873,2,84.09,2.47,,
215975,P,2000-09-16,35703,5,7.91,7.25,,
215976,P,2002-01-15,9933,4,32.02,9.44,,
215977,P,2001-11-25,15809,10,22.47,8.78,,
215978,P,2002-08-11,57904,9,38.36,6.53,,
215979,P,2001-12-09,25599,6,7.59,2.67,,
215980,P,2000-07-28,69575,6,64.45,0.12,,
215981,P,2000-03-28,49443,8,95.43,5.70,,
215982,P,2002-02-10,49217,10,92.26,9.91,,
215983,P,2002-05-07,65872,3,25.71,3.73,,
215984,P,2000-01-04,16594,10,49.27,7.29,,
215985,P,2001-03-08,10738,6,8.55,8.93,,
215986,P,2001-02-12,85666,10,10.23,9.75,,
215987,P,2000-10-05,29084,7,16.74,8.52,,
215988,P,2001-04-17,83242,2,86.56,3.34,,
215989,P,2000-08-05,76466,9,7.83,10.00,,
215990,P,2000-09-20,65426,10,5.12,7.82,,
215991,P,2001-06-07,89270,4,31.82,2.79,,
215992,P,2002-08-25,21463,8,20.59,1.40,,
215993,P,2000-12-31,37581,6,45.80,0.47,,
215994,P,2000-02-03,57580,7,47.64,9.58,,
215995,P,2002-04-21,36555,7,92.01,1.05,,
215996,P,2001-09-25,84887,1,58.01,3.88,,
215997,P,2001-08-27,29875,7,46.75,4.78,,
215998,P,2000-01-05,57736,8,29.39,1.62,,
215999,P,2000-08-13,48909,4,12.01,2.27,,
216000,P,2001-07-26,66836,2,65.65,4.78,,
216001,P,2001-08-09,24027,4,94.96,4.39,,
216002,P,2001-03-25,481,1,37.03,2.52,,
216003,P,2000-07-25,18756,8,42.04,6.52,,
216004,P,2000-01-07,3723,7,44.95,4.24,,
216005,P,2000-03-19,98833,8,20.39,5.54,,
216006,P,2002-06-12,84245,4,44.81,6.96,,
216007,P,2000-05-31,24651,10,8.02,2.85,,
216008,P,2000-07-01,46475,1,84.38,6.66,,
216009,P,2001-07-15,80705,7,27.22,6.78,,
216010,P,2001-05-24,36949,8,70.04,3.78,,
216011,P,2001-09-20,19795,1,70.68,6.86,,
216012,P,2000-05-06,75590,9,74.36,4.46,,
216013,P,2001-07-30,77208,3,46.60,9.73,,
216014,P,2002-09-15,82421,10,56.22,3.89,,
216015,P,2000-04-09,36411,5,81.09,9.29,,
216016,P,2001-05-04,75141,8,83.12,1.71,,
216017,P,2002-08-12,39562,9,28.18,2.61,,
216018,P,2001-03-06,67441,9,16.61,3.19,,
216019,P,2000-01-13,58115,10,10.11,8.21,,
216020,P,2002-08-06,67389,1,29.58,4.70,,
216021,P,2000-05-18,81967,8,18.67,5.04,,
216022,P,2000-10-12,79506,2,39.15,8.57,,
216023,P,2001-03-16,31760,2,47.46,8.17,,
216024,P,2002-03-12,64815,3,74.56,2.54,,
216025,P,2000-11-01,70516,1,62.53,5.68,,
216026,P,2001-08-08,97913,7,48.20,7.97,,
216027,P,2001-12-13,54983,1,79.97,8.98,,
216028,P,2000-01-04,30973,2,46.79,4.93,,
216029,P,2001-11-09,92159,2,68.24,5.44,,
216030,P,2000-11-24,87978,3,53.78,2.11,,
216031,P,2001-01-18,50279,6,68.86,9.52,,
216032,P,2000-04-20,51368,3,39.66,2.08,,
216033,P,2001-12-15,68301,8,91.81,2.69,,
216034,P,2002-05-31,7867,7,37.00,1.02,,
216035,P,2000-04-09,59567,1,11.98,4.78,,
216036,P,2000-08-21,96240,9,97.86,4.45,,
216037,P,2002-09-27,12641,1,77.62,0.51,,
216038,P,2000-11-08,47462,6,51.44,2.45,,
216039,P,2001-08-10,43317,7,71.40,2.94,,
216040,P,2001-03-03,57350,6,58.76,6.63,,
216041,P,2002-04-04,86001,3,68.80,5.06,,
216042,P,2002-01-08,73824,10,94.98,8.41,,
216043,P,2000-08-16,16413,9,25.69,0.57,,
216044,P,2000-09-19,21725,8,53.62,3.28,,
216045,P,2001-12-29,85607,9,51.60,4.47,,
216046,P,2000-06-07,29861,7,61.53,6.34,,
216047,P,2000-05-16,45261,6,9.18,6.11,,
216048,P,2001-06-21,19496,5,43.75,7.13,,
216049,P,2001-07-25,49105,5,8.24,0.04,,
216050,P,2001-04-03,89105,4,36.69,6.98,,
216051,P,2002-07-19,7566,4,20.97,7.39,,
216052,P,2000-01-31,23401,3,3.41,5.02,,
216053,P,2000-05-20,70813,7,36.68,6.68,,
216054,P,2002-02-15,19791,2,6.47,8.18,,
216055,P,2002-02-26,36401,10,48.90,0.89,,
216056,P,2002-05-10,70561,10,50.51,1.51,,
216057,P,2001-11-06,19110,3,95.77,6.96,,
216058,P,2001-10-13,29071,5,1.73,9.48,,
216059,P,2000-12-02,2737,4,45.69,2.36,,
216060,P,2000-03-07,75062,4,39.86,4.21,,
216061,P,2002-09-20,60788,2,18.06,1.29,,
216062,P,2002-07-16,65282,4,84.80,7.11,,
216063,P,2001-11-16,99389,6,83.07,0.53,,
216064,P,2001-09-30,72805,6,19.72,3.24,,
216065,P,2001-01-21,80405,3,98.92,8.15,,
216066,P,2000-10-05,77763,10,18.93,3.05,,
216067,P,2000-01-15,8178,5,78.83,7.28,,
216068,P,2001-02-28,84602,7,28.18,1.79,,
216069,P,2001-05-24,93361,8,91.22,1.61,,
216070,P,2000-09-16,51124,3,35.70,7.43,,
216071,P,2000-08-04,50413,3,32.82,2.98,,
216072,P,2000-05-24,23288,10,36.69,6.36,,
216073,P,2001-06-16,64169,4,18.30,2.79,,
216074,P,2002-03-19,62418,3,10.29,4.03,,
216075,P,2001-04-16,6816,10,59.29,2.82,,
216076,P,2001-03-15,31259,10,57.68,6.96,,
216077,P,2001-10-05,59263,6,94.77,7.76,,
216078,P,2001-09-08,79685,2,90.36,8.24,,
216079,P,2000-10-15,74661,4,0.10,9.43,,
216080,P,2002-01-22,33882,4,23.16,6.98,,
216081,P,2001-11-03,37760,9,25.47,7.39,,
216082,P,2000-12-18,34678,5,93.38,8.16,,
216083,P,2000-10-06,54972,7,8.03,2.11,,
216084,P,2001-07-11,29457,7,88.09,6.60,,
216085,P,2000-03-05,4719,4,51.80,7.93,,
216086,P,2002-03-11,28002,7,24.39,0.73,,
216087,P,2000-05-21,7894,10,14.94,8.64,,
216088,P,2000-03-24,50274,8,61.24,9.53,,
216089,P,2000-07-08,61498,10,78.64,8.02,,
216090,P,2002-08-30,14574,3,59.39,6.64,,
216091,P,2000-04-08,97257,10,89.14,7.84,,
216092,P,2001-09-18,59439,8,35.15,2.82,,
216093,P,2001-08-05,11765,9,33.00,3.65,,
216094,P,2002-01-27,96708,8,22.38,6.60,,
216095,P,2001-03-25,96374,9,38.03,3.84,,
216096,P,2002-04-04,90410,3,0.68,6.42,,
216097,P,2002-05-20,11487,7,56.27,6.55,,
216098,P,2001-01-13,30226,10,78.17,2.21,,
216099,P,2000-11-20,4715,5,20.63,9.09,,
216100,P,2000-02-27,42938,8,70.21,0.26,,
216101,P,2002-06-20,94338,6,22.21,8.77,,
216102,P,2001-06-13,8453,10,10.97,7.53,,
216103,P,2002-05-03,74691,5,84.89,3.84,,
216104,P,2002-04-27,45823,2,39.32,3.65,,
216105,P,2000-05-22,74204,6,73.50,2.76,,
216106,P,2000-07-19,59536,4,44.63,4.51,,
216107,P,2000-05-24,89116,8,42.91,7.82,,
216108,P,2002-01-22,96655,4,73.63,2.26,,
216109,P,2002-08-28,84210,10,31.87,8.85,,
216110,P,2002-01-09,43813,6,69.57,7.29,,
216111,P,2001-07-25,6919,10,23.97,9.15,,
216112,P,2001-09-01,26983,2,52.66,9.48,,
216113,P,2000-09-24,52656,1,34.91,3.59,,
216114,P,2001-09-06,33385,3,85.80,0.88,,
216115,P,2000-03-19,43600,4,19.41,1.48,,
216116,P,2001-02-20,62612,6,64.91,6.50,,
216117,P,2001-05-03,80930,10,62.51,6.45,,
216118,P,2002-08-26,48402,5,64.28,0.32,,
216119,P,2000-07-10,65186,1,87.12,3.28,,
216120,P,2000-07-25,74825,8,67.50,1.12,,
216121,P,2002-08-18,30738,9,13.27,7.78,,
216122,P,2002-05-19,21311,8,3.47,1.70,,
216123,P,2000-09-23,79079,1,91.11,0.34,,
216124,P,2002-02-12,15378,10,48.86,2.26,,
216125,P,2001-12-29,10775,6,33.03,2.47,,
216126,P,2001-11-09,32232,9,84.19,1.13,,
216127,P,2000-01-12,58613,3,92.96,9.09,,
216128,P,2001-01-29,1566,4,67.12,10.00,,
216129,P,2000-04-15,41335,2,1.37,6.98,,
216130,P,2000-08-04,56895,3,31.68,0.68,,
216131,P,2002-07-23,71104,9,64.84,5.45,,
216132,P,2001-08-21,93085,1,5.58,5.94,,
216133,P,2002-05-06,39322,10,8.49,5.64,,
216134,P,2001-08-02,36383,7,39.33,8.00,,
216135,P,2001-07-29,13554,10,70.06,1.69,,
216136,P,2001-01-30,17033,8,54.01,7.66,,
216137,P,2001-05-01,39097,4,97.71,7.17,,
216138,P,2000-10-04,23270,5,69.98,5.08,,
216139,P,2001-02-19,36416,8,6.10,1.95,,
216140,P,2002-05-01,19672,1,83.25,4.25,,
216141,P,2000-11-06,87440,7,73.16,4.14,,
216142,P,2000-03-12,38274,2,30.07,4.99,,
216143,P,2000-07-08,34841,5,70.95,8.65,,
216144,P,2000-12-06,83273,6,22.30,4.59,,
216145,P,2002-09-17,1655,10,42.13,8.98,,
216146,P,2001-07-05,69363,5,93.62,3.09,,
216147,P,2001-11-28,60338,10,88.32,8.53,,
216148,P,2000-06-30,75249,7,18.59,7.07,,
216149,P,2000-09-15,3546,9,73.64,7.17,,
216150,P,2000-05-18,79699,1,33.06,0.97,,
216151,P,2000-06-06,92696,4,23.64,8.82,,
216152,P,2002-01-31,44222,8,19.04,7.86,,
216153,P,2001-02-15,74372,2,43.63,6.57,,
216154,P,2002-04-16,16945,10,77.08,4.01,,
216155,P,2002-07-10,12554,6,54.65,5.87,,
216156,P,2002-01-18,11829,2,60.18,5.03,,
216157,P,2001-06-29,68441,2,58.90,2.23,,
216158,P,2001-10-26,87858,5,57.52,9.32,,
216159,P,2001-06-07,1883,6,31.80,5.61,,
216160,P,2001-01-10,71747,9,96.42,7.94,,
216161,P,2000-12-14,59679,7,52.76,5.35,,
216162,P,2002-09-10,48777,9,53.09,5.13,,
216163,P,2001-07-30,60461,3,44.25,0.35,,
216164,P,2000-08-30,13285,5,44.87,9.90,,
216165,P,2002-05-25,96473,9,61.23,8.37,,
216166,P,2001-07-12,55896,1,66.46,3.89,,
216167,P,2000-11-08,14281,8,31.11,9.40,,
216168,P,2000-04-30,98967,5,61.59,0.32,,
216169,P,2001-04-03,62511,6,3.42,0.90,,
216170,P,2002-08-11,30895,6,2.50,2.38,,
216171,P,2000-03-28,82353,6,4.19,8.50,,
216172,P,2002-05-27,13864,1,99.92,9.21,,
216173,P,2000-07-18,55257,1,19.56,9.06,,
216174,P,2000-03-19,83082,10,55.27,7.05,,
216175,P,2000-06-25,3362,8,84.07,9.30,,
216176,P,2001-10-10,7248,4,71.03,8.59,,
216177,P,2000-12-20,94177,7,80.93,4.98,,
216178,P,2000-08-30,47478,4,19.65,7.88,,
216179,P,2002-04-14,75974,3,36.44,3.76,,
216180,P,2001-03-26,22006,7,19.54,8.53,,
216181,P,2000-11-17,12332,10,88.81,1.74,,
216182,P,2001-06-25,65509,4,32.04,3.44,,
216183,P,2000-11-15,18050,1,18.73,6.70,,
216184,P,2001-11-27,49879,6,95.48,9.17,,
