276603,P,2000-07-05,18952,7,88.90,1.15,,
276604,P,2002-09-12,69938,5,72.44,1.69,,
276605,P,2001-06-21,73769,1,26.22,6.37,,
276606,P,2002-06-09,73522,6,22.66,9.59,,
276607,P,2001-12-17,89964,3,6.08,9.86,,
276608,P,2001-04-30,82306,8,31.69,8.31,,
276609,P,2000-01-25,68620,3,55.37,4.35,,
276610,P,2001-02-11,57614,1,13.37,0.19,,
276611,P,2001-01-18,94604,5,45.02,7.20,,
276612,P,2000-08-12,44845,9,76.15,4.52,,
276613,P,2000-07-03,18870,5,38.80,0.49,,
276614,P,2002-02-26,47483,9,67.64,0.81,,
276615,P,2000-10-25,65783,1,30.55,9.00,,
276616,P,2002-04-16,65662,4,56.98,4.79,,
276617,P,2001-01-02,22042,3,11.43,2.32,,
276618,P,2001-08-01,15878,5,66.14,8.64,,
276619,P,2001-04-23,15617,9,61.41,0.71,,
276620,P,2002-07-23,35698,4,23.19,2.51,,
276621,P,2001-11-10,56644,2,84.03,6.34,,
276622,P,2002-02-08,31653,8,24.23,8.30,,
276623,P,2000-08-16,45611,3,79.30,2.15,,
276624,P,2000-11-14,34613,3,49.98,9.33,,
276625,P,2002-05-21,41201,6,21.83,0.27,,
276626,P,2000-07-08,77766,3,96.15,3.30,,
276627,P,2002-04-22,84458,10,55.38,0.85,,
276628,P,2002-05-01,15343,3,97.93,1.80,,
276629,P,2000-05-27,86825,6,54.64,4.79,,
276630,P,2001-09-06,56783,10,87.43,4.31,,
276631,P,2001-01-23,65624,10,59.47,7.56,,
276632,P,2001-09-04,70707,7,83.20,5.99,,
276633,P,2001-02-20,51038,2,54.93,5.51,,
276634,P,2000-04-24,94888,8,16.84,8.66,,
276635,P,2001-10-13,28901,4,60.77,1.09,,
276636,P,2002-06-16,50516,3,91.39,5.54,,
276637,P,2000-12-29,86334,10,24.83,9.44,,
276638,P,2001-10-11,1589,7,43.55,4.03,,
276639,P,2000-06-24,48826,2,47.87,7.84,,
276640,P,2002-05-27,90301,10,68.84,8.87,,
276641,P,2001-01-14,36195,5,32.62,9.37,,
276642,P,2002-03-03,62623,5,96.59,6.96,,
276643,P,2002-07-21,31005,3,18.32,4.54,,
276644,P,2002-06-20,11241,1,51.64,1.17,,
276645,P,2001-12-04,68388,5,55.66,1.99,,
276646,P,2000-03-01,46841,7,85.04,9.12,,
276647,P,2002-02-13,55516,1,19.86,9.96,,
276648,P,2000-12-27,47452,7,86.76,6.99,,
276649,P,2000-04-29,79131,7,99.10,2.92,,
276650,P,2002-02-12,40381,1,48.66,1.44,,
276651,P,2001-07-11,78144,10,0.94,1.21,,
276652,P,2001-01-25,95156,10,85.46,1.93,,
276653,P,2000-05-06,29039,7,50.01,8.94,,
276654,P,2002-09-12,88880,7,37.14,8.12,,
276655,P,2001-11-16,56229,9,9.87,5.55,,
276656,P,2000-11-30,4537,7,46.09,0.02,,
276657,P,2000-07-17,42427,4,42.31,7.69,,
276658,P,2000-06-30,52203,2,42.40,5.11,,
276659,P,2001-01-22,33349,2,28.34,6.32,,
276660,P,2001-04-21,17703,5,31.53,7.60,,
276661,P,2001-11-21,39639,8,9.78,9.17,,
276662,P,2001-05-05,94215,3,83.93,2.83,,
276663,P,2000-03-06,82073,10,26.70,7.05,,
276664,P,2000-06-04,44983,4,33.20,9.25,,
276665,P,2000-12-10,20415,10,71.62,2.56,,
276666,P,2001-01-06,64471,1,60.96,0.00,,
276667,P,2000-02-28,92844,6,97.77,4.27,,
276668,P,2001-03-27,25143,8,9.46,2.14,,
276669,P,2000-05-30,42266,5,51.78,5.62,,
276670,P,2001-09-14,56157,2,35.99,9.57,,
276671,P,2001-05-01,56582,6,4.92,0.74,,
276672,P,2002-03-01,29246,7,17.01,7.10,,
276673,P,2001-10-24,33545,4,24.75,1.26,,
276674,P,2002-08-17,94730,2,44.06,2.01,,
276675,P,2000-07-31,55326,2,63.97,6.08,,
276676,P,2001-02-05,26978,1,0.42,6.42,,
276677,P,2000-03-21,45932,9,1.94,8.37,,
276678,P,2000-03-08,30903,1,74.74,5.16,,
276679,P,2000-08-27,23359,8,99.55,5.08,,
276680,P,2000-09-16,88290,10,86.61,0.62,,
276681,P,2002-06-16,15269,9,56.08,1.32,,
276682,P,2001-11-10,67722,10,95.54,3.65,,
276683,P,2000-07-19,51061,7,28.27,8.38,,
276684,P,2001-05-17,58346,6,65.14,8.48,,
276685,P,2001-01-22,12541,2,75.10,6.88,,
276686,P,2000-11-27,58480,9,10.07,2.90,,
276687,P,2001-07-05,10466,2,51.52,9.70,,
276688,P,2002-07-15,80454,7,87.61,4.86,,
276689,P,2001-08-24,62230,5,64.20,3.71,,
276690,P,2001-04-08,18140,4,24.31,0.23,,
276691,P,2001-11-16,6517,2,47.66,7.56,,
276692,P,2001-06-16,5724,2,13.74,3.75,,
276693,P,2000-07-22,10669,1,32.92,3.43,,
276694,P,2000-12-19,35064,10,97.64,7.31,,
276695,P,2002-08-03,68339,10,71.74,7.18,,
276696,P,2001-12-20,19553,2,65.86,1.07,,
276697,P,2002-05-18,20099,9,2.38,7.77,,
276698,P,2001-10-22,72138,3,80.11,0.13,,
276699,P,2001-01-02,22644,10,39.59,0.97,,
276700,P,2002-06-29,40451,2,83.21,6.00,,
276701,P,2000-02-21,46881,2,49.74,9.06,,
276702,P,2000-05-20,10708,7,49.58,1.87,,
276703,P,2000-11-08,68968,2,58.30,5.05,,
276704,P,2001-08-25,69919,4,78.83,0.48,,
276705,P,2000-03-21,2528,2,87.43,1.48,,
276706,P,2000-02-03,2080,3,33.10,4.40,,
276707,P,2000-01-19,12672,6,6.26,4.22,,
276708,P,2000-11-20,33707,9,95.65,0.34,,
276709,P,2001-08-24,36833,4,50.98,7.27,,
276710,P,2002-07-31,94512,5,13.45,5.95,,
276711,P,2002-06-24,80881,9,9.84,7.19,,
276712,P,2002-08-06,1032,7,14.99,8.30,,
276713,P,2002-09-24,96000,2,2.08,8.37,,
276714,P,2002-03-11,726,5,76.05,9.52,,
276715,P,2000-12-26,62884,3,77.95,4.59,,
276716,P,2001-07-23,85506,1,3.01,9.14,,
276717,P,2001-07-11,3970,9,1.12,3.83,,
276718,P,2002-09-18,89287,8,87.61,2.57,,
276719,P,2002-03-15,70970,2,36.67,3.23,,
276720,P,2001-06-26,42124,4,60.03,7.01,,
276721,P,2000-04-06,68972,1,4.08,6.59,,
276722,P,2001-08-13,70607,9,31.76,5.26,,
276723,P,2000-11-06,45470,2,81.88,1.51,,
276724,P,2001-01-09,26049,5,77.95,0.34,,
276725,P,2000-06-15,61644,4,8.54,2.63,,
276726,P,2000-11-22,92482,2,19.93,0.85,,
276727,P,2002-09-03,1061,4,85.12,5.56,,
276728,P,2002-06-05,90133,3,26.60,7.29,,
276729,P,2000-03-03,4087,4,73.37,8.00,,
276730,P,2000-11-15,14811,10,58.00,8.95,,
276731,P,2001-04-03,15784,7,11.19,2.33,,
276732,P,2001-10-12,27392,7,35.36,0.26,,
276733,P,2002-03-17,79896,5,41.18,0.60,,
276734,P,2002-01-19,71666,1,24.35,3.57,,
276735,P,2001-07-13,71703,9,49.92,4.76,,
276736,P,2001-10-01,54769,1,29.67,6.39,,
276737,P,2001-12-16,8815,1,54.19,2.75,,
276738,P,2000-06-28,60363,8,88.75,2.98,,
276739,P,2001-03-05,80846,6,46.08,3.08,,
276740,P,2002-05-04,42956,3,22.38,0.52,,
276741,P,2000-10-13,84971,8,55.02,1.98,,
276742,P,2000-06-13,44127,1,11.43,5.07,,
276743,P,2001-02-14,54199,6,96.79,5.96,,
276744,P,2001-06-15,23810,9,83.71,6.96,,
276745,P,2000-10-01,92909,4,32.57,9.27,,
276746,P,2002-02-12,11152,9,70.68,4.25,,
276747,P,2000-12-30,38283,7,50.96,8.03,,
276748,P,2001-11-13,98147,4,56.93,6.51,,
276749,P,2000-06-23,5557,5,86.84,3.97,,
276750,P,2002-08-25,53007,6,64.79,4.70,,
276751,P,2000-10-02,64407,1,35.81,7.81,,
276752,P,2002-08-24,25458,9,27.97,5.12,,
276753,P,2000-05-03,8747,4,93.83,6.87,,
276754,P,2000-01-15,8307,4,5.81,5.18,,
276755,P,2001-10-26,47077,2,68.38,9.16,,
276756,P,2000-09-02,22839,5,43.80,7.75,,
276757,P,2001-11-20,41547,10,65.83,7.87,,
276758,P,2001-11-25,30462,6,68.52,4.73,,
276759,P,2000-01-19,81394,10,32.93,5.23,,
276760,P,2002-07-28,66551,6,10.56,3.05,,
276761,P,2000-04-02,57973,9,73.85,6.46,,
276762,P,2000-07-03,36441,8,24.90,6.91,,
276763,P,2002-01-30,93672,7,76.62,8.34,,
276764,P,2002-03-21,85680,9,49.96,6.06,,
276765,P,2000-11-04,6027,5,58.54,4.32,,
276766,P,2001-01-24,96640,5,56.32,2.71,,
276767,P,2002-01-30,29402,2,2.61,6.47,,
276768,P,2002-04-20,62835,3,71.27,5.30,,
276769,P,2001-01-17,24270,8,88.94,8.02,,
276770,P,2000-03-03,11557,4,51.79,9.19,,
276771,P,2002-03-07,85559,10,23.75,1.62,,
276772,P,2002-06-25,12373,2,4.22,7.39,,
276773,P,2000-07-25,8589,5,60.95,9.65,,
276774,P,2000-01-11,90392,4,83.71,1.60,,
276775,P,2000-09-25,5194,8,56.98,3.91,,
276776,P,2001-07-25,93907,6,91.74,5.01,,
276777,P,2001-04-07,72369,5,4.14,0.62,,
276778,P,2000-04-14,35279,1,72.95,8.66,,
276779,P,2001-09-25,25354,8,68.99,9.22,,
276780,P,2001-10-30,10170,7,15.05,2.31,,
276781,P,2000-03-14,27578,3,32.23,6.24,,
276782,P,2000-11-05,83805,3,33.69,2.42,,
276783,P,2000-03-01,34827,3,97.59,0.41,,
276784,P,2002-06-24,4405,10,91.00,0.43,,
276785,P,2002-09-26,83490,6,99.62,5.72,,
276786,P,2000-04-22,66308,3,29.65,0.98,,
276787,P,2001-01-11,10743,4,48.89,8.13,,
276788,P,2002-03-03,34005,3,51.27,7.50,,
276789,P,2002-01-02,30714,9,75.89,4.97,,
276790,P,2002-09-10,24995,10,29.17,7.85,,
276791,P,2001-05-15,10518,7,91.60,2.14,,
276792,P,2000-02-28,9809,4,87.77,8.38,,
276793,P,2002-01-21,45917,8,40.11,7.17,,
276794,P,2001-12-16,75575,4,62.00,4.16,,
276795,P,2002-04-22,54556,3,15.82,9.18,,
276796,P,2000-09-23,50865,8,68.07,6.17,,
276797,P,2002-06-21,43205,3,81.02,9.92,,
276798,P,2002-07-04,12961,3,75.50,1.77,,
276799,P,2001-10-30,77201,9,12.09,1.25,,
276800,P,2001-11-24,48089,7,86.04,3.16,,
276801,P,2000-11-28,26284,10,13.27,3.12,,
276802,P,2002-01-13,63210,6,75.66,6.04,,
276803,P,2000-06-15,899,9,64.18,7.68,,
276804,P,2002-02-26,45672,2,99.40,5.10,,
276805,P,2000-03-10,69909,1,52.47,9.32,,
276806,P,2002-07-26,94229,4,60.10,0.98,,
276807,P,2002-07-30,90612,10,54.33,9.66,,
276808,P,2002-03-02,33970,10,5.55,1.33,,
276809,P,2000-01-14,20066,1,65.19,4.56,,
276810,P,2000-07-29,45482,2,26.62,4.49,,
276811,P,2002-09-20,41293,9,33.14,3.65,,
276812,P,2002-08-22,37555,3,68.85,2.74,,
276813,P,2001-05-23,13465,3,61.66,7.22,,
276814,P,2000-09-10,53714,8,94.24,8.64,,
276815,P,2000-11-21,76724,9,66.41,6.93,,
276816,P,2000-11-04,20155,7,17.93,5.87,,
276817,P,2000-11-15,38537,10,0.87,5.07,,
276818,P,2001-06-28,85273,6,61.05,9.86,,
276819,P,2000-09-06,90355,6,72.72,5.84,,
276820,P,2002-06-24,40366,6,83.20,3.75,,
276821,P,2000-12-05,30951,9,38.31,4.27,,
276822,P,2000-06-25,34501,5,14.64,2.80,,
276823,P,2001-05-28,43689,7,57.16,8.88,,
276824,P,2001-06-22,96712,3,91.96,1.23,,
276825,P,2002-03-12,95143,3,57.01,3.44,,
276826,P,2000-01-26,11044,1,23.36,9.40,,
276827,P,2000-12-05,15162,2,95.95,1.48,,
276828,P,2001-08-25,93463,5,32.54,2.40,,
276829,P,2001-07-28,4180,2,89.20,2.12,,
276830,P,2000-10-12,5626,4,41.43,4.07,,
276831,P,2000-10-06,24453,5,56.47,5.29,,
276832,P,2001-08-30,97173,8,26.44,5.23,,
276833,P,2000-11-10,9522,3,52.20,0.69,,
276834,P,2000-03-26,32074,7,71.32,7.86,,
276835,P,2000-07-26,25772,7,35.42,8.68,,
276836,P,2001-12-03,63385,10,85.03,6.60,,
276837,P,2002-06-18,14886,7,47.61,1.81,,
276838,P,2000-03-15,35497,10,72.01,6.06,,
276839,P,2000-08-21,19805,1,53.17,4.21,,
276840,P,2000-02-15,44471,3,86.51,1.26,,
276841,P,2000-05-28,9500,9,44.18,5.74,,
276842,P,2000-11-08,47048,3,0.76,3.76,,
276843,P,2000-12-12,56092,4,86.26,4.31,,
276844,P,2002-06-19,84136,6,42.43,8.09,,
276845,P,2000-01-21,5361,7,45.90,7.15,,
276846,P,2000-04-13,74328,1,67.01,6.10,,
276847,P,2002-02-01,27292,5,39.32,1.28,,
276848,P,2002-06-25,5478,9,17.35,5.02,,
276849,P,2002-01-22,45510,3,24.25,7.10,,
276850,P,2001-10-25,13303,1,66.59,9.34,,
276851,P,2001-09-07,35532,7,70.62,5.42,,
276852,P,2000-04-16,45401,10,31.96,3.87,,
276853,P,2000-05-31,22821,4,34.56,0.22,,
276854,P,2000-07-28,11191,1,76.92,1.46,,
276855,P,2001-05-21,21819,3,60.90,4.97,,
276856,P,2000-02-18,74376,10,10.78,3.32,,
276857,P,2001-06-24,80544,7,93.12,9.17,,
276858,P,2002-04-02,96947,5,38.87,8.67,,
276859,P,2001-02-23,87009,1,68.86,6.02,,
276860,P,2000-08-12,8422,3,31.21,2.83,,
276861,P,2000-07-24,59490,1,57.20,5.61,,
276862,P,2001-01-23,21018,7,84.27,9.51,,
276863,P,2000-09-16,68244,4,80.95,0.61,,
276864,P,2000-12-04,2547,9,57.58,5.51,,
276865,P,2001-06-27,99165,3,45.16,4.08,,
276866,P,2002-07-09,8674,4,25.80,0.39,,
276867,P,2001-05-12,21919,2,14.50,3.87,,
276868,P,2002-07-04,81561,2,21.44,3.25,,
276869,P,2001-09-18,4214,6,90.53,0.36,,
276870,P,2001-06-04,42049,3,76.42,7.71,,
276871,P,2001-05-03,45628,9,48.32,8.45,,
276872,P,2001-01-07,54139,9,22.40,1.49,,
276873,P,2000-06-02,92901,2,20.19,8.31,,
276874,P,2002-06-17,41556,3,99.98,0.28,,
276875,P,2002-06-30,57759,7,51.98,6.68,,
276876,P,2002-07-03,49758,5,17.25,8.10,,
276877,P,2002-04-15,86976,10,82.40,6.18,,
276878,P,2001-02-22,8556,4,74.20,0.16,,
276879,P,2001-09-02,95568,6,91.51,5.96,,
276880,P,2000-09-16,57524,9,53.21,4.11,,
276881,P,2001-11-09,36898,3,95.07,7.29,,
276882,P,2000-01-16,50061,9,80.55,9.58,,
276883,P,2000-07-09,51376,7,94.12,5.10,,
276884,P,2001-06-03,84792,4,26.90,4.74,,
276885,P,2002-08-07,67929,3,65.33,6.33,,
276886,P,2001-01-07,86257,5,70.86,1.38,,
276887,P,2000-08-15,44064,1,54.36,0.54,,
276888,P,2002-01-26,606,1,10.98,7.34,,
276889,P,2000-07-15,18855,5,25.48,1.77,,
276890,P,2002-03-28,67935,5,14.29,4.74,,
276891,P,2000-11-30,64699,4,18.05,3.06,,
276892,P,2001-10-10,52825,2,25.13,4.95,,
276893,P,2001-05-24,18701,4,43.42,9.85,,
276894,P,2002-08-09,8813,3,18.72,7.08,,
276895,P,2002-02-18,41425,2,89.30,8.50,,
276896,P,2002-06-18,63160,3,43.16,9.38,,
276897,P,2001-08-15,76841,3,6.33,1.51,,
276898,P,2001-11-16,97922,5,90.22,7.21,,
276899,P,2001-12-03,77976,3,39.86,0.83,,
276900,P,2000-02-01,52359,5,76.87,7.03,,
276901,P,2001-01-09,60594,4,44.00,1.70,,
276902,P,2002-09-03,17070,3,71.95,1.96,,
276903,P,2002-01-13,984,3,33.39,1.30,,
276904,P,2002-02-13,4413,1,46.71,4.11,,
276905,P,2000-06-14,75605,3,2.02,3.06,,
276906,P,2001-06-11,40969,6,83.65,2.65,,
276907,P,2002-08-10,46810,1,40.12,2.05,,
276908,P,2000-06-01,73077,8,14.40,2.43,,
276909,P,2000-12-02,7281,7,41.42,1.01,,
276910,P,2001-02-15,93354,1,51.04,4.01,,
276911,P,2000-12-16,39062,1,67.42,0.48,,
276912,P,2000-09-24,52994,8,19.66,3.08,,
276913,P,2002-04-08,54474,6,86.10,0.25,,
276914,P,2000-11-12,72708,6,83.34,5.04,,
276915,P,2002-08-15,54425,6,54.33,3.75,,
276916,P,2001-03-22,91081,7,93.22,2.70,,
276917,P,2000-03-29,95114,7,47.22,9.38,,
276918,P,2002-09-11,42964,10,35.94,9.49,,
276919,P,2000-09-26,36711,4,15.84,2.69,,
276920,P,2001-01-11,93468,8,85.44,8.78,,
276921,P,2001-04-10,92019,6,0.77,4.08,,
276922,P,2001-05-07,87466,2,18.60,0.57,,
276923,P,2002-08-26,44348,4,25.80,4.76,,
276924,P,2001-06-02,17178,2,71.53,4.71,,
276925,P,2001-02-04,63874,4,80.42,0.11,,
276926,P,2001-05-16,15674,6,54.58,4.33,,
276927,P,2002-06-07,4212,10,91.18,6.27,,
276928,P,2002-07-27,33583,6,99.86,6.83,,
276929,P,2000-08-30,9450,6,80.70,6.73,,
276930,P,2001-01-04,60204,9,24.89,5.33,,
276931,P,2001-09-23,85199,1,71.13,2.99,,
276932,P,2002-09-20,43480,4,6.72,4.12,,
276933,P,2001-05-22,87696,3,22.24,6.23,,
276934,P,2000-08-04,57474,6,31.79,5.55,,
276935,P,2002-01-23,2187,10,54.04,2.97,,
276936,P,2000-05-11,35451,5,41.69,9.01,,
276937,P,2002-09-08,87934,8,81.97,3.15,,
276938,P,2001-12-18,42640,6,20.26,6.20,,
276939,P,2002-07-05,42193,3,44.08,7.48,,
276940,P,2000-01-15,93559,6,48.46,8.73,,
276941,P,2001-04-15,690,3,6.19,6.29,,
276942,P,2000-07-23,15893,5,1.98,7.82,,
276943,P,2000-10-26,47496,1,80.60,5.51,,
276944,P,2002-09-11,6414,7,96.04,5.70,,
276945,P,2002-02-27,7876,1,72.12,2.43,,
276946,P,2001-09-03,39970,7,95.73,8.40,,
276947,P,2001-05-29,44516,9,17.37,5.91,,
276948,P,2001-03-11,64957,6,6.47,7.39,,
276949,P,2000-11-10,69795,2,62.79,5.48,,
276950,P,2000-12-03,57715,5,46.89,0.70,,
276951,P,2002-03-19,52779,7,30.33,4.61,,
276952,P,2002-07-17,15373,4,78.75,3.91,,
276953,P,2001-01-04,35945,4,18.86,2.18,,
276954,P,2002-06-08,8199,10,70.83,9.30,,
276955,P,2000-08-04,10506,6,69.17,1.64,,
276956,P,2001-02-09,32166,7,14.59,2.62,,
276957,P,2001-11-17,90256,9,94.98,9.15,,
276958,P,2001-10-14,70891,2,73.92,3.87,,
276959,P,2001-09-30,74242,6,22.64,4.61,,
276960,P,2002-03-02,5802,5,45.36,7.29,,
276961,P,2002-02-16,91781,3,33.17,8.65,,
276962,P,2000-05-26,80824,4,50.81,5.48,,
276963,P,2001-11-30,57422,4,16.75,1.40,,
276964,P,2002-09-27,27250,4,50.44,0.37,,
276965,P,2000-06-17,45258,7,42.26,1.12,,
276966,P,2000-11-08,84924,8,62.80,1.54,,
276967,P,2001-07-01,95804,2,17.67,7.91,,
276968,P,2002-02-15,55545,5,44.86,2.39,,
276969,P,2000-10-01,61588,9,91.58,8.41,,
276970,P,2002-04-18,4698,6,51.83,9.61,,
276971,P,2002-01-10,37367,1,79.28,3.37,,
276972,P,2002-08-16,78534,2,82.58,9.25,,
276973,P,2001-02-06,5403,4,80.19,9.20,,
276974,P,2001-10-28,43378,1,36.52,9.07,,
276975,P,2001-10-13,22716,6,22.96,4.68,,
276976,P,2001-09-24,50210,6,69.21,7.26,,
276977,P,2002-09-22,13874,9,78.76,7.21,,
276978,P,2001-06-08,98024,8,79.92,4.74,,
276979,P,2000-08-12,20915,3,55.28,5.80,,
276980,P,2000-10-19,96174,2,73.12,1.80,,
276981,P,2000-02-06,10602,10,71.78,4.29,,
276982,P,2001-02-08,51946,1,22.21,8.20,,
276983,P,2000-10-27,167,5,11.61,2.44,,
276984,P,2002-06-23,53686,9,18.06,7.41,,
276985,P,2002-08-26,43971,1,30.11,7.23,,
276986,P,2002-01-14,81354,7,65.47,5.36,,
276987,P,2001-03-03,26009,8,41.56,9.63,,
276988,P,2001-11-03,48031,8,28.98,7.29,,
276989,P,2001-11-26,1469,6,2.88,8.91,,
276990,P,2000-06-30,55112,7,79.67,7.18,,
276991,P,2000-02-04,59402,6,63.25,7.77,,
276992,P,2000-06-10,57894,3,97.65,0.73,,
276993,P,2002-08-08,22808,5,17.87,7.70,,
276994,P,2001-11-21,23060,9,68.56,1.13,,
276995,P,2000-07-20,20503,10,66.34,3.42,,
276996,P,2000-09-29,45153,7,1.86,5.30,,
276997,P,2002-04-28,41405,3,10.14,5.30,,
276998,P,2001-03-19,75446,1,8.55,1.91,,
276999,P,2001-11-24,45820,1,38.03,9.59,,
277000,P,2001-10-21,15427,2,91.94,8.35,,
277001,P,2001-10-11,18023,9,47.96,9.78,,
277002,P,2000-01-26,48573,2,50.60,1.63,,
277003,P,2000-06-29,40424,8,90.93,7.02,,
277004,P,2002-06-10,49461,10,9.59,8.48,,
277005,P,2000-02-28,92646,9,9.63,1.43,,
277006,P,2001-01-20,12896,10,84.63,7.39,,
277007,P,2001-03-09,33459,9,51.01,5.26,,
277008,P,2000-09-18,68350,10,96.23,3.36,,
277009,P,2002-06-26,34565,8,63.79,7.78,,
277010,P,2000-05-05,98859,4,35.90,4.91,,
277011,P,2001-08-10,88895,9,55.58,9.02,,
277012,P,2000-10-28,732,2,30.83,6.51,,
277013,P,2002-03-16,65790,3,83.11,5.45,,
277014,P,2002-09-07,37257,3,0.20,8.55,,
277015,P,2002-02-05,73830,4,46.91,5.71,,
277016,P,2001-03-23,6684,10,21.98,8.23,,
277017,P,2000-02-20,93081,1,80.13,8.76,,
277018,P,2001-01-29,57499,8,52.93,3.73,,
277019,P,2002-03-16,46345,2,25.25,5.94,,
277020,P,2001-11-28,74920,1,6.26,2.43,,
277021,P,2001-12-13,69487,9,39.92,7.96,,
277022,P,2000-10-19,73313,4,64.77,8.11,,
277023,P,2002-07-03,93762,7,96.11,8.34,,
277024,P,2001-01-04,3456,8,87.66,4.54,,
277025,P,2001-02-14,6453,1,78.66,3.43,,
277026,P,2000-05-23,13954,5,33.81,1.86,,
277027,P,2000-01-18,26689,9,25.99,9.56,,
277028,P,2000-04-19,42363,3,2.54,6.23,,
277029,P,2000-11-29,79164,4,62.22,4.32,,
277030,P,2000-12-18,81070,6,15.29,5.44,,
277031,P,2001-07-16,94443,7,48.50,6.24,,
277032,P,2001-05-10,46315,8,2.98,4.78,,
277033,P,2002-06-21,14188,8,98.60,8.81,,
277034,P,2001-10-04,88103,5,33.60,0.79,,
277035,P,2002-05-13,2080,5,2.00,1.21,,
277036,P,2000-12-24,71002,6,59.43,0.71,,
277037,P,2002-07-10,76065,7,13.70,5.80,,
277038,P,2001-01-10,21762,4,32.25,0.58,,
277039,P,2002-01-13,30676,9,0.73,2.92,,
277040,P,2001-10-31,98872,7,71.76,8.29,,
277041,P,2002-02-07,62046,1,35.59,3.55,,
277042,P,2001-07-27,71859,4,81.32,8.70,,
277043,P,2000-01-30,7441,8,43.31,8.55,,
277044,P,2001-12-16,9234,4,4.55,1.15,,
277045,P,2001-09-22,94100,9,98.89,6.32,,
277046,P,2001-09-22,73238,10,95.61,3.61,,
277047,P,2002-04-25,74575,4,96.24,5.24,,
277048,P,2001-04-16,81642,10,65.37,0.08,,
277049,P,2000-09-05,18498,6,45.81,1.76,,
277050,P,2001-08-26,83119,1,42.14,3.38,,
277051,P,2000-07-30,80103,1,48.09,8.48,,
277052,P,2000-10-17,15738,3,4.13,6.19,,
277053,P,2001-01-03,54684,10,25.32,5.03,,
277054,P,2002-02-25,31048,10,37.42,3.77,,
277055,P,2000-02-02,49262,7,75.39,5.33,,
277056,P,2001-06-04,73702,3,24.70,8.09,,
277057,P,2002-08-06,77780,1,33.85,7.97,,
277058,P,2001-02-28,51172,5,28.90,0.98,,
277059,P,2000-03-29,26195,6,40.45,3.14,,
277060,P,2001-01-30,87320,3,90.40,5.69,,
277061,P,2001-04-18,49362,8,75.61,0.47,,
277062,P,2000-07-21,44382,5,9.57,6.61,,
277063,P,2001-04-25,39333,4,96.20,0.75,,
277064,P,2001-01-27,2921,9,56.86,3.88,,
277065,P,2001-01-13,17602,8,77.60,2.55,,
277066,P,2002-07-03,26106,8,6.98,9.03,,
277067,P,2000-01-23,42190,1,79.95,2.00,,
277068,P,2000-08-18,36816,1,93.81,8.60,,
277069,P,2000-10-05,4569,6,2.40,6.67,,
277070,P,2001-04-05,19336,2,92.65,3.76,,
277071,P,2000-05-30,24072,4,61.71,7.14,,
277072,P,2001-05-05,79796,2,40.52,4.67,,
277073,P,2002-08-25,36475,9,92.09,4.53,,
277074,P,2000-11-23,51153,6,87.72,1.98,,
277075,P,2001-11-06,71637,10,86.89,7.44,,
277076,P,2000-02-27,51329,3,68.17,1.06,,
277077,P,2001-10-16,67080,1,93.48,5.12,,
277078,P,2000-04-13,97306,6,21.24,7.69,,
277079,P,2000-07-27,7205,5,93.82,8.11,,
277080,P,2001-03-21,59957,5,54.69,5.55,,
277081,P,2000-01-17,61704,7,54.69,2.86,,
277082,P,2001-07-05,87672,4,68.97,3.94,,
277083,P,2002-08-20,56513,6,97.62,0.46,,
277084,P,2001-04-02,56462,5,1.47,9.92,,
277085,P,2000-05-22,52676,3,52.22,8.08,,
277086,P,2001-04-08,68363,2,77.18,8.27,,
277087,P,2001-02-08,50983,4,85.19,8.72,,
277088,P,2002-04-15,92972,4,48.93,1.17,,
277089,P,2000-03-06,12388,6,0.82,8.40,,
277090,P,2002-08-27,55612,7,29.92,7.24,,
277091,P,2001-06-21,28472,8,8.14,2.83,,
277092,P,2000-03-29,65397,3,73.68,5.03,,
277093,P,2002-05-06,62549,3,69.12,0.44,,
277094,P,2000-09-15,74741,5,78.81,2.80,,
277095,P,2002-08-16,31968,10,75.16,4.72,,
277096,P,2000-02-16,21923,4,60.73,0.77,,
277097,P,2002-09-07,95126,3,41.74,3.99,,
277098,P,2000-09-24,6965,2,68.46,5.23,,
277099,P,2002-05-06,28021,3,70.92,6.23,,
277100,P,2002-05-08,89092,9,7.12,0.71,,
277101,P,2001-04-01,7438,2,79.69,4.30,,
277102,P,2001-06-25,15034,7,38.77,1.74,,
277103,P,2002-04-21,4141,1,71.56,8.06,,
277104,P,2001-09-09,98606,8,48.55,4.11,,
277105,P,2000-10-25,88054,5,93.98,0.22,,
277106,P,2002-06-23,60436,7,51.89,5.38,,
277107,P,2000-05-26,7323,4,58.50,2.15,,
277108,P,2001-11-23,4558,9,16.43,8.17,,
277109,P,2002-05-14,86758,4,80.49,8.92,,
277110,P,2001-03-26,909,2,35.45,3.26,,
277111,P,2000-05-07,2432,10,87.64,7.04,,
277112,P,2001-03-20,54347,8,43.50,9.94,,
277113,P,2002-08-17,46828,2,68.67,3.38,,
277114,P,2001-03-07,69945,5,97.34,9.72,,
277115,P,2002-03-17,87881,7,14.70,2.16,,
277116,P,2001-01-05,32750,5,46.63,7.13,,
277117,P,2000-05-12,10065,3,89.75,8.97,,
277118,P,2002-05-31,51252,9,47.73,1.48,,
277119,P,2000-09-13,82464,3,24.34,3.50,,
277120,P,2002-06-02,45859,2,37.30,9.95,,
277121,P,2001-01-01,25780,4,10.79,9.52,,
277122,P,2001-11-17,72020,7,74.59,6.40,,
277123,P,2001-01-21,92644,8,46.68,7.67,,
277124,P,2001-07-25,38839,8,6.24,5.31,,
277125,P,2000-05-03,95925,4,37.63,5.09,,
277126,P,2000-08-17,34686,2,8.43,1.76,,
277127,P,2001-12-18,5120,4,64.55,1.98,,
277128,P,2002-03-13,34267,2,5.57,6.77,,
277129,P,2000-05-22,76136,1,86.21,4.98,,
277130,P,2001-02-28,75088,7,32.45,3.27,,
277131,P,2002-08-15,47123,8,75.17,5.52,,
277132,P,2002-08-23,95258,1,15.01,8.46,,
277133,P,2001-02-13,35542,5,82.30,2.05,,
277134,P,2000-09-01,87749,10,97.24,3.33,,
277135,P,2001-04-18,25704,4,98.59,6.28,,
277136,P,2000-05-24,30324,5,60.91,2.20,,
277137,P,2002-05-09,88096,10,78.95,3.41,,
277138,P,2001-07-12,96451,8,43.65,1.97,,
277139,P,2002-06-14,66159,4,18.56,1.66,,
277140,P,2001-03-06,70898,2,78.10,3.59,,
277141,P,2002-06-02,76691,4,49.02,8.83,,
277142,P,2000-05-14,60241,10,59.73,3.83,,
277143,P,2000-09-20,63890,10,81.75,0.97,,
277144,P,2000-06-26,15521,4,0.54,3.82,,
277145,P,2002-07-21,48109,8,75.83,9.88,,
277146,P,2000-11-04,23912,2,44.83,6.79,,
277147,P,2001-02-14,59665,6,13.65,0.57,,
277148,P,2002-07-20,37232,10,14.27,1.06,,
277149,P,2001-01-25,83873,9,1.88,3.01,,
277150,P,2001-02-10,16758,4,45.94,3.64,,
277151,P,2001-02-11,38589,1,77.88,2.66,,
277152,P,2002-05-04,39122,5,93.96,0.18,,
277153,P,2002-03-09,33068,2,3.53,4.61,,
277154,P,2002-02-22,72592,5,43.60,9.67,,
277155,P,2001-03-18,7574,5,57.43,5.88,,
277156,P,2000-01-05,60422,2,93.87,4.75,,
277157,P,2002-04-08,12597,7,13.77,8.64,,
277158,P,2000-04-27,3373,8,22.22,6.16,,
277159,P,2001-11-13,72760,7,39.01,6.80,,
277160,P,2002-04-16,56248,2,45.12,5.21,,
277161,P,2001-11-07,73557,7,90.82,3.47,,
277162,P,2002-05-03,47802,5,19.67,5.48,,
277163,P,2001-08-09,82523,1,89.81,5.24,,
277164,P,2001-12-06,59718,5,39.39,7.42,,
277165,P,2002-08-06,5809,3,8.29,9.25,,
277166,P,2001-10-26,98857,8,86.39,6.66,,
277167,P,2002-05-18,89384,4,69.99,3.13,,
277168,P,2001-03-14,1977,3,18.52,4.57,,
277169,P,2001-12-20,67087,3,64.00,1.17,,
277170,P,2001-08-04,58113,7,25.66,5.47,,
277171,P,2001-07-28,53523,7,64.95,1.38,,
277172,P,2001-04-10,89002,10,53.58,8.20,,
277173,P,2002-09-08,27038,8,74.25,0.47,,
277174,P,2002-01-30,4844,10,75.38,6.94,,
277175,P,2001-02-14,56163,2,72.34,0.96,,
277176,P,2002-02-01,31453,1,32.11,2.10,,
277177,P,2001-02-15,26531,3,28.20,0.10,,
277178,P,2002-06-30,76791,8,57.38,6.19,,
277179,P,2000-07-25,56021,9,7.86,9.72,,
277180,P,2000-04-15,54431,5,74.93,5.40,,
277181,P,2000-10-06,3014,4,52.73,8.22,,
277182,P,2002-03-06,83934,1,72.17,7.62,,
277183,P,2002-04-22,58868,9,75.20,7.86,,
277184,P,2000-11-06,92738,4,22.83,0.32,,
277185,P,2001-11-17,32604,8,77.84,2.47,,
277186,P,2000-12-12,29223,8,13.61,3.85,,
277187,P,2001-05-14,81147,1,21.29,5.35,,
277188,P,2002-02-24,55089,8,70.17,2.43,,
277189,P,2000-01-22,68668,2,26.79,5.29,,
277190,P,2002-05-04,63247,4,98.80,4.10,,
277191,P,2000-09-19,97053,2,76.91,3.33,,
277192,P,2002-08-18,96485,9,0.85,5.68,,
277193,P,2001-08-21,12581,6,65.54,8.14,,
277194,P,2000-10-23,69947,4,94.24,8.30,,
277195,P,2002-04-17,66297,7,65.29,2.44,,
277196,P,2002-07-18,26314,6,0.65,7.00,,
277197,P,2000-11-04,81912,4,94.49,0.61,,
277198,P,2002-04-13,73917,2,37.99,7.46,,
277199,P,2001-11-15,38533,9,70.95,0.58,,
277200,P,2002-02-18,10036,6,13.80,8.77,,
277201,P,2001-05-25,51635,1,4.50,9.40,,
277202,P,2001-04-04,83400,10,14.72,2.92,,
277203,P,2001-05-16,94689,1,95.57,0.66,,
277204,P,2000-04-03,60689,4,27.09,3.89,,
277205,P,2000-08-14,30969,10,23.63,6.88,,
277206,P,2002-06-20,46934,8,88.08,3.20,,
277207,P,2001-10-30,86929,10,53.90,4.14,,
277208,P,2001-09-11,19119,7,56.92,6.23,,
277209,P,2001-01-01,60776,2,40.41,8.84,,
277210,P,2000-03-05,85406,9,19.21,7.50,,
277211,P,2000-05-01,35336,6,47.21,7.00,,
277212,P,2001-02-10,72288,9,98.90,7.20,,
277213,P,2000-06-01,81174,1,79.05,7.02,,
277214,P,2001-05-07,21659,4,5.40,9.94,,
277215,P,2001-01-20,70740,6,46.48,5.80,,
277216,P,2001-01-07,48445,1,38.71,9.74,,
277217,P,2001-02-15,51281,9,73.63,1.05,,
277218,P,2000-09-11,7242,7,26.47,1.39,,
277219,P,2000-04-24,97007,10,71.22,0.31,,
277220,P,2001-05-09,78930,6,69.93,9.69,,
277221,P,2000-11-02,64382,1,39.91,7.55,,
277222,P,2002-03-16,5667,2,19.27,6.79,,
277223,P,2002-03-11,81544,9,60.96,0.41,,
277224,P,2001-01-06,57131,4,30.19,7.69,,
277225,P,2000-10-18,85998,1,21.71,0.46,,
277226,P,2002-07-05,95573,10,64.39,7.36,,
277227,P,2000-11-06,39403,1,70.18,8.18,,
277228,P,2001-11-06,70587,3,73.96,0.76,,
277229,P,2002-05-16,38462,10,92.17,8.71,,
277230,P,2000-10-06,76549,6,64.05,4.13,,
277231,P,2002-08-02,56801,4,4.67,8.32,,
277232,P,2000-02-25,52670,9,69.00,8.73,,
277233,P,2001-06-25,38492,5,44.47,9.50,,
277234,P,2001-05-09,73678,5,18.27,6.01,,
277235,P,2001-10-13,30510,2,55.10,7.44,,
277236,P,2001-12-13,22111,2,28.98,3.99,,
277237,P,2000-01-10,36871,3,82.68,1.67,,
277238,P,2002-07-21,895,4,97.20,8.33,,
277239,P,2000-01-04,83604,3,46.58,3.25,,
277240,P,2002-09-21,7587,10,77.10,3.64,,
277241,P,2000-12-21,90604,10,96.76,4.60,,
277242,P,2002-04-10,46236,2,95.98,9.75,,
277243,P,2000-11-15,38413,6,33.72,7.74,,
277244,P,2000-05-18,92591,6,4.09,6.33,,
277245,P,2000-01-19,1372,8,90.45,4.78,,
277246,P,2001-03-02,13799,10,14.76,8.49,,
277247,P,2001-01-13,93922,3,85.00,2.72,,
277248,P,2002-07-27,91879,8,31.79,2.38,,
277249,P,2000-05-27,10467,10,47.39,7.95,,
277250,P,2000-11-18,46526,2,10.12,9.55,,
277251,P,2000-01-20,63555,6,90.20,9.35,,
277252,P,2002-06-30,38327,10,61.55,4.01,,
277253,P,2001-09-16,5805,9,66.25,3.67,,
277254,P,2001-12-25,37859,7,88.68,9.49,,
277255,P,2002-07-27,28918,9,84.49,3.81,,
277256,P,2001-01-27,82028,2,46.42,6.52,,
277257,P,2001-09-11,72148,5,76.94,7.68,,
277258,P,2002-04-28,52648,9,81.14,4.06,,
277259,P,2001-10-20,12119,7,37.22,1.50,,
277260,P,2001-06-06,36019,4,95.15,0.49,,
277261,P,2001-11-08,1894,1,59.59,0.49,,
277262,P,2001-06-03,16450,8,76.47,1.68,,
277263,P,2001-10-02,13569,1,48.30,0.56,,
277264,P,2002-06-16,49529,7,80.03,4.97,,
277265,P,2002-02-09,38728,3,87.39,5.83,,
277266,P,2001-07-20,28554,1,92.49,5.69,,
277267,P,2001-05-12,54307,8,61.20,7.35,,
277268,P,2002-06-20,98174,2,20.99,2.54,,
277269,P,2000-09-19,15453,4,10.67,7.99,,
277270,P,2000-03-31,10424,10,66.87,0.29,,
277271,P,2002-01-18,90603,4,94.40,1.58,,
277272,P,2002-01-08,9948,2,10.02,8.90,,
277273,P,2002-04-13,1597,5,0.31,8.44,,
277274,P,2001-05-24,77191,9,97.10,5.04,,
277275,P,2001-07-07,76438,2,4.29,3.98,,
277276,P,2000-07-05,29574,3,3.52,8.27,,
277277,P,2000-02-07,58236,3,54.74,5.34,,
277278,P,2001-08-24,77094,3,32.08,6.36,,
277279,P,2000-05-11,56437,9,36.41,3.65,,
277280,P,2001-09-07,9342,1,20.70,0.73,,
277281,P,2001-11-08,18839,5,55.64,4.17,,
277282,P,2002-08-06,59476,4,21.87,0.30,,
277283,P,2001-08-03,95345,10,73.29,6.27,,
277284,P,2001-07-05,85506,9,14.85,7.91,,
277285,P,2000-04-29,75317,10,37.02,5.70,,
277286,P,2000-10-05,92349,8,29.69,4.44,,
277287,P,2001-01-16,28968,8,51.89,3.48,,
277288,P,2000-05-22,52531,10,89.41,3.79,,
277289,P,2000-03-15,43715,9,56.07,2.50,,
277290,P,2001-04-27,16760,7,93.15,1.90,,
277291,P,2001-04-18,65498,2,64.30,2.64,,
277292,P,2002-02-05,50102,3,87.08,3.37,,
277293,P,2001-02-09,83134,7,61.92,3.45,,
277294,P,2001-05-21,70335,6,96.65,7.03,,
277295,P,2000-01-20,29015,1,96.65,4.44,,
277296,P,2002-08-08,3318,10,73.94,6.13,,
277297,P,2002-08-10,43038,8,59.39,1.57,,
277298,P,2002-09-14,60796,8,33.01,3.86,,
277299,P,2001-07-27,28952,1,10.45,8.29,,
277300,P,2000-12-11,56518,3,35.31,2.37,,
277301,P,2001-12-29,92312,6,29.81,1.98,,
277302,P,2000-01-10,36620,10,61.78,8.90,,
277303,P,2002-04-22,71394,5,82.77,5.40,,
277304,P,2001-11-24,38459,9,82.98,6.68,,
277305,P,2002-03-07,14390,10,27.17,8.27,,
277306,P,2000-07-31,57088,9,64.11,8.73,,
277307,P,2002-01-11,68654,3,31.20,4.15,,
277308,P,2000-12-05,89251,3,29.84,4.49,,
277309,P,2000-03-04,99200,1,81.21,3.87,,
277310,P,2000-03-02,12768,5,35.77,2.49,,
277311,P,2000-11-13,25196,4,26.86,0.24,,
277312,P,2002-08-02,26718,6,83.11,2.34,,
277313,P,2000-06-17,59623,2,89.28,1.77,,
277314,P,2002-05-30,12212,5,39.20,0.97,,
277315,P,2001-05-31,41007,2,78.13,9.13,,
277316,P,2002-02-03,20580,4,10.06,7.65,,
277317,P,2000-05-22,6163,9,88.57,9.09,,
277318,P,2002-05-19,68927,3,36.64,1.11,,
277319,P,2000-09-16,15088,4,61.29,6.76,,
277320,P,2001-06-12,73578,6,91.97,8.17,,
277321,P,2000-09-04,56921,1,1.32,4.25,,
277322,P,2001-08-07,85045,5,50.00,2.93,,
277323,P,2000-05-11,57837,1,27.38,1.52,,
277324,P,2001-11-13,28944,8,84.36,2.09,,
277325,P,2001-09-09,22191,6,30.19,5.92,,
277326,P,2002-01-05,65229,10,17.23,3.98,,
277327,P,2000-07-21,57987,7,28.41,1.57,,
277328,P,2000-07-19,98007,6,84.00,8.73,,
277329,P,2002-03-31,44841,9,30.93,2.29,,
277330,P,2001-05-19,42815,8,13.29,5.34,,
277331,P,2001-09-01,55023,2,13.62,7.20,,
277332,P,2001-03-11,28548,2,56.46,2.70,,
277333,P,2001-02-12,67184,4,63.02,7.79,,
277334,P,2001-11-08,99760,7,16.23,5.73,,
277335,P,2000-12-09,87113,8,53.01,7.93,,
277336,P,2001-04-16,28460,3,45.09,9.20,,
277337,P,2002-02-08,43205,8,26.73,1.98,,
277338,P,2001-06-01,86025,7,35.48,9.03,,
277339,P,2000-11-07,74679,9,21.59,6.68,,
277340,P,2002-02-20,47423,5,26.11,4.41,,
277341,P,2000-12-21,1803,4,83.20,1.79,,
277342,P,2000-10-31,55400,10,27.85,1.25,,
277343,P,2001-02-11,82755,6,9.58,6.99,,
277344,P,2001-06-15,19862,5,22.47,0.87,,
277345,P,2002-05-06,8366,4,5.44,7.31,,
277346,P,2002-08-19,67919,7,35.93,5.09,,
277347,P,2001-04-09,22802,6,69.80,6.14,,
277348,P,2000-02-09,83907,5,60.73,7.02,,
277349,P,2000-11-23,6410,9,16.98,5.47,,
277350,P,2001-09-09,68607,7,23.91,2.81,,
277351,P,2001-08-24,84157,7,22.17,3.76,,
277352,P,2000-06-30,56946,2,87.62,6.61,,
277353,P,2002-02-18,1034,8,12.42,4.33,,
277354,P,2001-12-09,1426,8,5.04,3.29,,
277355,P,2001-12-01,64961,3,10.31,8.68,,
277356,P,2001-04-12,82632,6,1.79,0.37,,
277357,P,2001-09-06,99060,1,51.31,7.61,,
277358,P,2001-10-06,18533,3,74.63,0.42,,
277359,P,2002-06-12,78272,5,53.72,2.37,,
277360,P,2000-02-15,30743,10,91.45,6.72,,
277361,P,2002-09-14,10139,9,83.67,3.01,,
277362,P,2001-05-12,22080,7,2.65,6.51,,
277363,P,2001-09-24,12935,2,93.46,1.13,,
277364,P,2002-07-15,719,2,31.65,5.37,,
277365,P,2001-12-09,24008,2,79.10,4.19,,
277366,P,2002-02-15,80330,8,1.87,9.01,,
277367,P,2000-07-02,43171,3,4.10,1.25,,
277368,P,2000-06-22,94184,4,24.38,5.56,,
277369,P,2001-07-11,91476,7,57.11,6.79,,
277370,P,2002-07-11,90474,1,28.37,2.94,,
277371,P,2001-01-30,25867,1,84.87,1.60,,
277372,P,2002-03-17,57913,2,94.50,2.93,,
277373,P,2000-12-06,59480,4,14.75,1.74,,
277374,P,2000-07-09,38800,10,14.07,7.00,,
277375,P,2001-09-19,40434,2,97.06,6.82,,
277376,P,2001-05-05,97599,3,44.33,5.67,,
277377,P,2002-06-03,91238,9,68.36,1.90,,
277378,P,2000-05-13,54833,3,84.79,8.44,,
277379,P,2001-11-21,61704,6,4.13,5.34,,
277380,P,2002-05-09,81343,4,93.54,8.41,,
277381,P,2002-07-27,36283,2,83.65,2.27,,
277382,P,2001-06-17,6545,7,7.96,7.69,,
277383,P,2000-06-08,62794,6,28.76,7.45,,
277384,P,2000-10-07,63836,8,68.69,9.56,,
277385,P,2002-01-17,73256,9,55.15,5.78,,
277386,P,2002-09-25,52149,10,54.08,3.90,,
277387,P,2001-03-12,20860,4,44.18,4.70,,
277388,P,2000-10-11,56946,10,91.41,4.46,,
277389,P,2001-08-04,13501,1,85.76,7.99,,
277390,P,2002-04-16,42701,5,34.19,8.76,,
277391,P,2002-03-31,98443,5,1.95,5.83,,
277392,P,2002-07-16,32739,4,64.17,4.32,,
277393,P,2001-11-11,91745,8,4.41,3.03,,
277394,P,2000-02-02,34146,10,96.36,2.21,,
277395,P,2000-08-18,44752,4,60.06,1.32,,
277396,P,2000-04-06,50431,7,27.58,9.23,,
277397,P,2000-06-09,82418,6,9.82,2.20,,
277398,P,2000-03-09,97864,5,20.04,3.19,,
277399,P,2000-01-19,54342,8,66.30,1.34,,
277400,P,2002-06-15,50885,10,23.91,3.84,,
277401,P,2002-01-09,29220,8,6.08,7.08,,
277402,P,2001-10-13,36880,7,17.65,7.31,,
277403,P,2001-06-22,55452,6,62.00,7.99,,
277404,P,2002-06-29,99896,3,20.30,6.68,,
277405,P,2000-07-17,93799,6,98.20,8.27,,
277406,P,2000-06-18,11608,1,41.18,1.34,,
277407,P,2000-05-19,97885,6,19.38,5.55,,
277408,P,2000-05-08,45012,9,71.80,6.73,,
277409,P,2001-07-29,26398,7,36.02,9.93,,
277410,P,2001-01-31,96496,3,88.62,8.15,,
277411,P,2000-09-23,68651,7,82.13,5.10,,
277412,P,2002-04-20,1898,3,99.42,7.53,,
277413,P,2000-04-20,37138,9,11.21,0.61,,
277414,P,2000-02-16,1647,3,56.34,7.20,,
277415,P,2001-03-24,28146,4,38.71,2.29,,
277416,P,2001-11-05,40779,2,83.33,2.93,,
277417,P,2002-08-07,91173,1,25.22,2.10,,
277418,P,2000-06-28,71341,4,13.44,8.36,,
277419,P,2000-09-15,71473,3,96.49,0.30,,
277420,P,2001-06-04,35860,2,82.11,0.91,,
277421,P,2002-06-21,75468,10,22.11,1.92,,
277422,P,2001-08-21,74656,5,65.87,4.96,,
277423,P,2001-06-18,78901,6,96.62,0.21,,
277424,P,2002-08-04,36864,3,48.16,4.12,,
277425,P,2002-06-17,92441,6,45.06,9.73,,
277426,P,2002-04-06,48185,8,26.80,7.16,,
277427,P,2002-04-29,19541,7,60.35,9.68,,
277428,P,2001-03-01,89059,4,31.07,9.14,,
277429,P,2002-04-20,36189,5,9.62,6.06,,
277430,P,2002-01-19,17429,7,33.24,8.78,,
277431,P,2000-11-23,63757,7,41.74,4.32,,
277432,P,2000-01-29,90938,4,0.61,9.75,,
277433,P,2001-11-18,7563,3,55.87,2.32,,
277434,P,2000-11-21,11162,10,87.25,6.44,,
277435,P,2002-05-22,29164,3,92.70,3.98,,
277436,P,2001-05-12,94173,2,29.75,4.13,,
277437,P,2001-04-19,75171,9,47.98,9.96,,
277438,P,2001-05-23,87302,10,80.64,1.00,,
277439,P,2001-06-09,10562,4,15.61,5.70,,
277440,P,2002-03-02,99415,9,3.68,0.38,,
277441,P,2000-10-14,58930,1,70.37,0.12,,
277442,P,2001-05-16,55747,6,25.25,4.72,,
277443,P,2000-08-23,95637,7,67.49,8.46,,
277444,P,2001-03-28,98234,1,38.41,8.55,,
277445,P,2000-07-31,39421,3,6.91,9.84,,
277446,P,2002-04-05,50883,6,87.11,2.65,,
277447,P,2000-09-03,99079,9,12.14,6.71,,
277448,P,2002-06-01,92305,3,89.87,2.20,,
277449,P,2002-06-05,56293,1,27.73,2.95,,
277450,P,2000-12-13,64931,1,30.93,7.13,,
277451,P,2001-06-24,9399,2,18.33,0.05,,
277452,P,2001-05-08,72923,3,95.03,9.92,,
277453,P,2000-02-22,58881,2,57.54,1.87,,
277454,P,2001-11-18,86452,6,28.30,5.49,,
277455,P,2002-06-16,93753,1,28.60,6.27,,
277456,P,2002-07-11,18469,7,38.72,2.82,,
277457,P,2000-07-14,57927,8,87.00,3.09,,
277458,P,2002-02-27,5078,3,44.26,5.51,,
277459,P,2000-08-02,90759,10,47.71,9.12,,
277460,P,2001-06-23,15834,9,64.87,1.03,,
277461,P,2000-12-23,45990,3,42.80,3.65,,
277462,P,2001-07-01,41157,5,21.43,8.65,,
277463,P,2002-03-07,75755,8,29.71,0.99,,
277464,P,2002-05-21,46365,6,42.23,2.82,,
277465,P,2001-12-08,29058,7,11.90,5.26,,
277466,P,2001-12-25,44335,6,34.95,6.70,,
277467,P,2000-10-10,72076,2,80.17,5.46,,
277468,P,2002-07-12,36882,3,54.10,5.22,,
277469,P,2001-11-07,5186,3,3.72,5.29,,
277470,P,2001-04-21,13619,6,45.30,5.08,,
277471,P,2001-02-07,12227,9,65.35,3.71,,
277472,P,2000-10-24,46517,10,17.61,1.78,,
277473,P,2001-09-02,6641,1,72.48,4.59,,
277474,P,2000-05-20,47328,4,91.67,1.32,,
277475,P,2002-07-04,35388,6,24.57,7.07,,
277476,P,2000-11-07,18814,4,96.37,7.27,,
277477,P,2001-03-16,84820,9,94.34,6.53,,
277478,P,2001-02-27,30116,6,53.07,4.56,,
277479,P,2000-12-05,8832,5,37.72,4.56,,
277480,P,2001-08-02,57243,1,66.44,6.89,,
277481,P,2000-09-05,36155,9,35.48,0.38,,
277482,P,2001-02-01,96,8,81.44,0.60,,
277483,P,2002-06-20,69550,3,5.19,2.89,,
277484,P,2001-09-07,16814,9,46.43,0.22,,
277485,P,2002-07-21,7723,10,32.69,1.38,,
277486,P,2000-08-24,36643,5,1.45,3.76,,
277487,P,2001-08-05,84588,3,37.56,6.72,,
277488,P,2002-09-18,72363,10,87.24,2.00,,
277489,P,2001-12-23,44977,1,19.63,2.25,,
277490,P,2002-03-11,29678,5,94.42,1.61,,
277491,P,2002-06-17,62280,9,2.77,0.08,,
277492,P,2002-01-22,34670,1,95.70,8.25,,
277493,P,2001-10-06,48265,5,37.66,1.74,,
277494,P,2002-02-11,97031,6,63.08,3.21,,
277495,P,2001-05-15,46116,1,69.07,5.27,,
277496,P,2002-06-24,46347,6,11.73,3.03,,
277497,P,2000-02-06,43418,1,9.17,3.68,,
277498,P,2001-03-05,25720,3,35.67,1.22,,
277499,P,2001-06-19,75581,2,28.03,3.74,,
277500,P,2002-06-15,26498,9,27.47,8.53,,
277501,P,2001-05-11,61385,6,64.80,0.22,,
277502,P,2000-11-16,59328,3,65.76,5.62,,
277503,P,2001-11-20,20759,6,43.10,8.29,,
277504,P,2001-11-10,60957,7,8.07,8.76,,
277505,P,2000-11-05,88996,6,69.73,1.28,,
277506,P,2001-01-03,85456,6,65.72,8.73,,
277507,P,2000-01-04,38647,1,67.33,1.72,,
277508,P,2000-09-28,97617,2,76.25,6.05,,
277509,P,2000-03-21,20791,7,51.58,2.51,,
277510,P,2000-03-05,63460,2,51.86,2.49,,
277511,P,2000-05-15,44858,10,11.44,5.79,,
277512,P,2000-05-22,95835,5,0.21,8.30,,
277513,P,2002-05-29,61945,4,14.71,1.27,,
277514,P,2002-05-23,29481,6,76.37,7.69,,
277515,P,2001-07-31,83342,8,53.67,4.16,,
277516,P,2002-05-30,65620,7,36.29,6.26,,
277517,P,2000-12-09,10552,5,93.57,0.93,,
277518,P,2000-12-15,10898,9,29.53,8.60,,
277519,P,2000-02-17,47854,4,1.75,8.73,,
277520,P,2000-06-30,72990,2,6.03,3.44,,
277521,P,2000-09-02,52650,8,54.74,3.25,,
277522,P,2001-11-16,60517,9,96.84,6.89,,
277523,P,2001-12-17,3254,4,48.63,5.97,,
277524,P,2001-08-16,74518,2,13.36,4.23,,
277525,P,2001-02-10,56289,3,78.65,0.53,,
277526,P,2000-05-01,80242,7,15.13,4.02,,
277527,P,2000-07-14,70934,4,23.92,1.66,,
277528,P,2001-10-06,30110,7,0.35,3.55,,
277529,P,2001-11-06,16396,6,22.99,1.27,,
277530,P,2001-03-07,25506,2,34.01,1.35,,
277531,P,2000-01-02,91940,6,35.79,8.61,,
277532,P,2002-09-19,24841,6,91.40,1.93,,
277533,P,2000-04-24,74575,10,34.56,5.38,,
277534,P,2001-11-15,89012,6,61.30,1.87,,
277535,P,2000-12-02,18861,4,66.64,9.90,,
277536,P,2000-07-21,30443,10,45.14,8.56,,
277537,P,2001-06-29,89974,9,6.21,4.46,,
277538,P,2001-08-09,13637,2,64.37,5.69,,
277539,P,2002-02-26,76920,5,15.52,0.27,,
277540,P,2000-01-19,64338,4,21.62,0.53,,
277541,P,2001-03-31,39029,9,51.44,8.90,,
277542,P,2001-11-14,3356,8,29.79,6.61,,
277543,P,2001-04-22,58704,4,96.09,7.77,,
277544,P,2001-06-03,26995,10,16.45,3.71,,
277545,P,2000-11-15,8973,5,11.51,7.63,,
277546,P,2001-08-14,71011,2,4.14,5.93,,
277547,P,2002-08-31,40997,7,31.03,9.60,,
277548,P,2001-11-20,22050,10,55.39,1.11,,
277549,P,2002-05-25,43921,6,76.06,5.18,,
277550,P,2001-04-25,6165,10,99.33,2.16,,
277551,P,2001-05-18,1315,1,11.32,4.53,,
277552,P,2002-08-25,88059,6,96.61,9.87,,
277553,P,2001-12-14,7423,6,98.05,4.52,,
277554,P,2002-02-06,20573,9,49.66,8.87,,
277555,P,2000-01-06,83898,4,99.41,3.46,,
277556,P,2000-09-09,57283,9,19.14,0.29,,
277557,P,2001-10-21,40150,5,15.51,7.67,,
277558,P,2000-04-20,79453,8,77.09,4.15,,
277559,P,2000-03-13,98975,2,1.89,7.96,,
277560,P,2002-02-02,20298,6,56.30,8.28,,
277561,P,2002-06-29,94589,3,4.15,1.84,,
277562,P,2000-01-06,81757,4,55.71,9.69,,
277563,P,2000-07-27,77727,8,88.69,0.02,,
277564,P,2002-08-08,2381,2,47.27,3.29,,
277565,P,2002-08-26,55176,6,74.77,4.78,,
277566,P,2001-07-02,28186,2,83.31,5.20,,
277567,P,2002-05-03,91316,9,68.31,2.51,,
277568,P,2001-08-29,40622,8,30.67,1.17,,
277569,P,2000-02-23,49468,9,66.36,2.07,,
277570,P,2001-04-21,55773,7,97.74,0.93,,
277571,P,2002-07-15,53655,8,23.95,6.68,,
277572,P,2000-09-03,16445,10,49.36,1.16,,
277573,P,2001-01-29,73321,8,48.98,2.70,,
277574,P,2002-08-21,26290,7,99.03,2.93,,
277575,P,2002-08-23,68432,10,83.29,8.60,,
277576,P,2002-06-30,61588,9,38.71,8.94,,
277577,P,2001-12-04,88662,1,27.79,5.37,,
277578,P,2001-09-26,35020,2,9.45,0.54,,
277579,P,2000-05-03,37350,8,41.57,2.97,,
277580,P,2002-02-15,50855,4,76.89,3.79,,
277581,P,2001-04-19,63775,1,88.36,4.89,,
277582,P,2001-12-13,11710,10,53.60,2.10,,
277583,P,2001-09-20,92373,3,82.84,5.17,,
277584,P,2001-04-17,95951,6,79.63,0.67,,
277585,P,2001-05-11,77501,1,35.76,0.05,,
277586,P,2001-02-01,37268,8,89.43,3.05,,
277587,P,2000-08-02,66400,7,77.56,6.19,,
277588,P,2001-08-06,35938,8,59.12,7.72,,
277589,P,2001-10-04,54939,1,9.28,7.78,,
277590,P,2001-08-18,43218,4,59.35,5.66,,
277591,P,2001-12-27,13399,5,76.10,7.34,,
277592,P,2002-05-06,42642,9,29.33,8.80,,
277593,P,2000-07-21,63154,7,63.71,8.99,,
277594,P,2002-07-11,78860,6,72.73,1.68,,
277595,P,2000-08-30,13486,10,38.50,2.25,,
277596,P,2000-12-05,43004,4,38.69,1.00,,
277597,P,2001-05-09,88576,1,36.26,3.55,,
277598,P,2001-11-08,60998,7,89.88,2.02,,
277599,P,2001-04-29,58197,8,18.35,2.80,,
277600,P,2002-04-09,5957,5,7.72,9.64,,
277601,P,2000-02-19,77074,5,60.97,9.31,,
277602,P,2001-01-22,59143,7,13.43,3.05,,
277603,P,2000-01-30,7258,5,86.05,8.68,,
277604,P,2000-02-17,7951,8,1.33,5.30,,
277605,P,2002-04-07,23857,7,81.82,7.53,,
277606,P,2002-03-04,10533,1,52.07,5.11,,
277607,P,2001-02-06,38568,2,72.53,1.25,,
277608,P,2000-01-02,42635,8,75.80,6.32,,
277609,P,2001-05-24,96167,6,80.57,5.24,,
277610,P,2001-07-22,10697,2,9.23,5.32,,
277611,P,2002-05-22,24831,5,54.71,3.41,,
277612,P,2000-07-29,73929,1,80.17,7.43,,
277613,P,2000-05-23,63239,9,20.64,1.76,,
277614,P,2001-08-13,16695,7,21.72,4.91,,
277615,P,2000-03-15,59105,2,37.77,4.76,,
277616,P,2000-04-19,76305,10,86.86,3.68,,
277617,P,2002-04-09,45482,4,34.80,0.68,,
277618,P,2002-07-04,1915,10,74.51,6.53,,
277619,P,2001-12-22,2952,5,73.95,1.68,,
277620,P,2001-02-18,3430,8,53.12,6.25,,
277621,P,2002-07-31,62466,2,98.24,9.42,,
277622,P,2002-05-18,8411,4,81.88,3.11,,
277623,P,2000-06-10,34221,8,83.16,3.03,,
277624,P,2002-04-05,99129,10,0.82,4.45,,
277625,P,2001-07-19,89629,4,15.99,8.16,,
277626,P,2002-07-04,10489,2,39.96,3.27,,
277627,P,2001-09-08,39358,4,4.33,7.09,,
277628,P,2000-04-16,98563,6,93.26,3.06,,
277629,P,2002-05-05,13793,1,10.37,0.30,,
277630,P,2000-05-19,95639,3,20.34,3.11,,
277631,P,2001-05-28,90348,8,47.64,1.75,,
277632,P,2000-02-24,5933,1,44.37,9.25,,
277633,P,2002-01-07,64191,4,8.10,6.07,,
277634,P,2000-09-21,16749,7,7.12,9.85,,
277635,P,2002-03-13,15713,4,65.60,5.26,,
277636,P,2001-09-28,65385,6,4.44,1.73,,
277637,P,2001-07-31,38588,8,52.05,2.32,,
277638,P,2000-12-03,61321,7,48.37,0.78,,
277639,P,2000-03-11,95513,1,92.94,9.61,,
277640,P,2001-08-16,68675,7,85.93,1.28,,
277641,P,2001-04-10,81751,8,48.67,2.09,,
277642,P,2000-10-10,83220,5,26.09,1.04,,
277643,P,2000-05-22,34345,2,14.89,1.06,,
277644,P,2000-08-16,24322,5,5.45,8.41,,
277645,P,2000-10-04,10408,2,96.17,0.91,,
277646,P,2001-11-19,99375,2,12.51,1.81,,
277647,P,2001-04-08,50279,9,5.87,0.39,,
277648,P,2000-12-17,4054,1,79.34,0.34,,
277649,P,2002-05-28,79402,7,44.45,0.04,,
277650,P,2000-02-11,52354,9,76.38,4.30,,
277651,P,2002-09-19,9643,5,55.22,4.46,,
277652,P,2001-03-12,74661,5,27.02,6.99,,
277653,P,2001-07-27,16627,7,21.86,2.29,,
277654,P,2000-03-07,54377,4,51.79,6.30,,
277655,P,2000-11-13,26919,2,94.28,6.95,,
277656,P,2001-12-02,87456,3,93.22,7.32,,
277657,P,2001-10-27,60516,8,18.55,6.89,,
277658,P,2000-07-29,55345,4,20.31,5.98,,
277659,P,2002-09-26,90139,7,24.95,6.42,,
277660,P,2001-06-23,64952,5,94.57,6.35,,
277661,P,2002-06-05,95887,2,66.06,9.05,,
277662,P,2002-07-26,3111,6,4.64,9.85,,
277663,P,2002-01-10,46765,10,9.29,6.46,,
277664,P,2002-06-27,25625,9,52.67,3.69,,
277665,P,2000-06-11,87299,8,32.17,9.81,,
277666,P,2001-03-18,52258,4,29.63,1.69,,
277667,P,2001-12-04,72313,1,99.35,1.98,,
277668,P,2002-09-25,71724,5,37.06,2.65,,
277669,P,2000-04-25,76938,6,18.84,8.50,,
277670,P,2001-03-13,6065,4,20.10,6.98,,
277671,P,2002-01-22,65449,3,78.49,5.28,,
277672,P,2000-02-20,47006,2,42.19,5.49,,
277673,P,2001-09-08,90099,2,18.07,5.09,,
277674,P,2001-08-16,93384,9,90.45,8.82,,
277675,P,2001-08-22,75269,2,91.39,5.64,,
277676,P,2002-03-30,37757,9,3.58,4.86,,
277677,P,2001-12-25,89504,6,77.95,9.22,,
277678,P,2002-03-21,40165,4,33.09,8.72,,
277679,P,2001-09-27,36147,7,89.19,2.96,,
277680,P,2001-03-21,80976,6,95.74,3.68,,
277681,P,2000-09-13,87270,2,69.40,1.57,,
277682,P,2000-10-31,40790,6,81.69,9.19,,
277683,P,2000-09-15,22988,7,87.12,5.39,,
277684,P,2002-05-04,35410,9,31.57,6.53,,
277685,P,2001-06-13,77794,8,85.18,7.17,,
277686,P,2001-07-22,26623,2,25.73,3.70,,
277687,P,2001-03-10,18782,2,46.06,3.37,,
277688,P,2002-06-26,84424,1,6.79,1.78,,
277689,P,2002-03-16,38611,7,80.19,1.30,,
277690,P,2001-06-12,23597,8,52.31,4.05,,
277691,P,2001-06-28,69074,8,52.77,8.30,,
277692,P,2000-06-23,86246,4,29.35,7.92,,
277693,P,2002-09-24,61023,8,24.84,6.35,,
277694,P,2001-06-28,44686,10,65.22,9.12,,
277695,P,2001-09-27,8767,5,5.82,1.34,,
277696,P,2002-08-14,87453,8,74.19,5.58,,
277697,P,2002-07-24,16717,4,10.66,7.28,,
277698,P,2001-10-21,90767,2,74.47,0.63,,
277699,P,2001-11-11,50577,8,80.19,4.68,,
277700,P,2000-12-25,15491,4,77.35,3.41,,
277701,P,2001-07-05,25290,2,25.07,0.81,,
277702,P,2002-07-20,48792,3,98.71,6.34,,
277703,P,2000-11-15,21435,4,54.83,1.65,,
277704,P,2002-04-14,64429,7,83.52,8.37,,
277705,P,2000-05-08,55422,9,42.15,5.65,,
277706,P,2002-04-20,30816,6,0.71,7.27,,
277707,P,2000-05-12,62549,8,37.76,7.29,,
277708,P,2000-12-24,78866,2,18.54,8.29,,
277709,P,2002-02-08,39256,2,43.52,9.45,,
277710,P,2000-07-28,16970,5,75.25,3.61,,
277711,P,2001-10-01,54707,6,7.53,8.27,,
277712,P,2001-01-15,33505,7,42.02,6.78,,
277713,P,2000-05-20,65847,6,99.15,9.93,,
277714,P,2000-05-25,27594,6,95.71,6.43,,
277715,P,2002-03-27,90808,10,5.46,4.80,,
277716,P,2001-10-04,52787,4,43.49,6.52,,
277717,P,2001-07-30,41601,1,55.68,6.16,,
277718,P,2002-06-04,65256,7,25.49,3.23,,
277719,P,2002-09-12,37316,7,38.41,3.64,,
277720,P,2001-07-04,84130,9,91.89,8.35,,
277721,P,2000-12-29,10811,3,28.01,3.15,,
277722,P,2001-05-31,60700,2,0.40,4.41,,
277723,P,2000-01-26,12475,3,24.09,4.17,,
277724,P,2001-06-10,14578,2,30.23,5.78,,
277725,P,2000-08-05,54113,5,14.08,8.73,,
277726,P,2001-12-05,29496,2,85.51,9.74,,
277727,P,2002-01-16,5906,1,89.98,5.70,,
277728,P,2001-05-05,4566,4,35.81,2.24,,
277729,P,2001-11-02,86589,3,12.63,3.37,,
277730,P,2001-08-20,48089,8,81.89,4.24,,
277731,P,2000-03-09,62718,8,7.97,0.80,,
277732,P,2002-08-25,98747,2,2.01,3.34,,
277733,P,2002-03-31,76472,4,32.10,4.55,,
277734,P,2000-04-03,16659,3,50.77,3.49,,
277735,P,2001-08-15,71952,2,64.97,9.88,,
277736,P,2001-01-29,12691,3,47.41,3.38,,
277737,P,2000-09-01,82894,3,67.16,4.45,,
277738,P,2001-09-13,89074,2,33.93,5.59,,
277739,P,2000-06-24,90878,7,40.06,7.62,,
277740,P,2001-06-21,43699,8,62.70,4.36,,
277741,P,2001-06-20,77601,2,43.49,3.10,,
277742,P,2001-12-26,19529,10,17.91,4.85,,
277743,P,2000-04-12,39296,3,12.11,5.29,,
277744,P,2002-04-03,89983,5,58.02,7.52,,
277745,P,2001-09-10,72058,3,56.71,0.41,,
277746,P,2000-10-16,29365,5,74.90,0.62,,
277747,P,2000-08-22,54460,1,48.40,1.60,,
277748,P,2000-05-03,64103,4,44.77,7.40,,
277749,P,2001-09-17,30880,5,49.04,6.13,,
277750,P,2001-04-30,28595,2,13.08,1.16,,
277751,P,2001-12-05,38628,9,86.93,8.35,,
277752,P,2001-05-23,59408,9,49.58,0.10,,
277753,P,2000-04-03,19950,3,13.74,0.95,,
277754,P,2001-09-02,59401,1,7.07,8.34,,
277755,P,2001-01-26,23944,8,53.36,0.11,,
277756,P,2000-01-13,7974,2,65.59,3.18,,
277757,P,2000-05-30,26738,2,32.27,0.16,,
277758,P,2001-07-02,98277,10,13.25,5.77,,
277759,P,2001-03-11,7920,8,4.57,6.42,,
277760,P,2001-05-06,38261,2,5.80,9.43,,
277761,P,2002-07-28,92303,8,69.15,6.07,,
277762,P,2002-04-18,2459,3,51.46,3.76,,
277763,P,2002-07-18,50388,1,93.36,0.91,,
277764,P,2002-01-02,61091,7,61.00,5.77,,
277765,P,2002-03-21,73560,9,3.77,4.50,,
277766,P,2001-02-28,69478,3,76.85,6.05,,
277767,P,2002-03-10,35086,5,90.24,6.60,,
277768,P,2001-06-25,99521,10,9.66,0.08,,
277769,P,2002-07-09,62304,9,67.18,9.18,,
277770,P,2002-02-13,51552,8,71.99,0.12,,
277771,P,2000-04-17,77446,7,38.65,9.39,,
277772,P,2001-07-07,27261,1,58.02,9.85,,
277773,P,2000-07-16,86511,9,82.21,3.75,,
277774,P,2002-04-06,52247,8,42.11,5.14,,
277775,P,2000-10-21,37943,2,12.55,7.18,,
277776,P,2000-07-29,87291,9,49.88,1.60,,
277777,P,2002-05-30,60522,10,35.13,7.41,,
277778,P,2001-03-12,47648,4,61.80,0.60,,
277779,P,2001-09-10,92583,5,30.52,4.79,,
277780,P,2001-09-23,75602,4,99.47,7.74,,
277781,P,2001-07-18,13285,6,58.83,6.69,,
277782,P,2000-08-06,35548,3,36.35,3.91,,
277783,P,2002-09-07,16609,6,56.95,9.79,,
277784,P,2000-01-08,478,6,67.90,1.72,,
277785,P,2000-02-05,72840,8,32.80,8.83,,
277786,P,2000-12-18,46690,6,58.64,1.16,,
277787,P,2001-03-14,48720,5,66.28,2.37,,
277788,P,2000-02-15,81874,9,66.81,4.04,,
277789,P,2000-12-09,29086,5,41.43,2.85,,
277790,P,2000-12-05,70632,1,0.98,3.61,,
277791,P,2002-06-10,19730,8,56.85,0.53,,
277792,P,2000-09-28,3825,10,4.18,6.95,,
277793,P,2000-06-24,1956,3,38.39,2.34,,
277794,P,2001-06-25,73679,3,43.42,2.49,,
277795,P,2002-02-22,53003,5,24.10,0.08,,
277796,P,2000-03-02,87876,6,52.08,8.46,,
277797,P,2000-09-09,96769,10,67.26,9.02,,
277798,P,2000-08-04,47211,8,73.45,2.58,,
277799,P,2000-03-30,21823,2,45.20,3.15,,
277800,P,2000-08-11,94646,7,71.96,5.58,,
277801,P,2002-05-09,20483,1,20.74,3.89,,
277802,P,2002-07-23,97372,6,8.65,7.75,,
277803,P,2000-05-08,44118,10,51.46,9.46,,
277804,P,2001-12-14,67771,7,20.72,6.26,,
277805,P,2000-07-05,41957,10,15.51,0.44,,
277806,P,2000-02-29,37986,10,37.28,1.80,,
277807,P,2002-07-03,23718,5,15.96,3.52,,
277808,P,2001-08-01,93478,2,40.94,2.56,,
277809,P,2002-09-24,16427,3,93.79,8.46,,
277810,P,2000-11-03,58944,10,58.35,9.56,,
277811,P,2001-04-13,4584,5,64.71,7.08,,
277812,P,2000-07-24,76238,4,56.54,6.23,,
277813,P,2002-01-22,93122,9,75.46,0.77,,
277814,P,2001-02-15,79832,2,20.86,3.76,,
277815,P,2001-02-12,53706,3,57.09,4.16,,
277816,P,2000-12-30,25906,10,1.03,6.16,,
277817,P,2002-06-05,56643,2,0.73,0.58,,
277818,P,2000-09-17,7736,2,12.74,8.67,,
277819,P,2000-03-16,44579,1,18.94,9.84,,
277820,P,2002-03-04,67582,5,66.37,3.97,,
277821,P,2000-02-23,75665,9,66.45,1.30,,
277822,P,2000-04-01,83667,3,73.47,6.48,,
277823,P,2001-01-13,68451,1,60.18,3.91,,
277824,P,2002-04-02,62872,9,40.27,3.06,,
277825,P,2000-08-07,55460,5,18.95,6.90,,
277826,P,2001-04-11,79494,4,95.65,7.96,,
277827,P,2001-09-23,62642,8,97.23,4.23,,
277828,P,2000-04-19,29337,3,48.16,2.41,,
277829,P,2000-07-27,35051,4,68.90,5.09,,
277830,P,2000-02-28,851,5,90.62,2.57,,
277831,P,2001-05-30,78247,6,33.47,6.97,,
277832,P,2002-02-11,44541,2,81.86,3.51,,
277833,P,2001-05-05,97386,4,22.38,6.41,,
277834,P,2002-04-14,85491,2,26.48,2.61,,
277835,P,2002-06-11,71086,7,89.48,4.85,,
277836,P,2002-02-02,78066,4,34.33,2.44,,
277837,P,2000-11-07,17551,6,59.35,8.54,,
277838,P,2000-02-01,2782,3,56.05,5.83,,
277839,P,2001-10-22,32035,8,46.97,0.71,,
277840,P,2001-06-14,34809,7,14.60,6.46,,
277841,P,2001-08-06,44691,5,58.88,6.84,,
277842,P,2001-01-15,83180,8,82.56,8.01,,
277843,P,2001-07-14,55682,10,45.42,0.15,,
277844,P,2001-05-23,40044,9,78.65,2.25,,
277845,P,2000-08-04,55064,6,78.25,2.89,,
277846,P,2000-03-29,76047,4,1.56,1.70,,
277847,P,2001-06-03,48965,1,26.48,1.33,,
277848,P,2002-03-05,42313,2,74.89,4.86,,
277849,P,2002-09-19,86572,8,10.94,5.23,,
277850,P,2000-05-27,19272,5,55.38,6.06,,
277851,P,2000-06-06,5066,4,32.49,0.65,,
277852,P,2002-09-14,43542,7,66.48,1.36,,
277853,P,2001-04-05,57984,9,92.90,8.12,,
277854,P,2001-04-03,27702,7,33.70,8.36,,
277855,P,2000-02-15,75244,3,62.46,8.19,,
277856,P,2002-05-31,25761,6,91.79,0.59,,
277857,P,2002-03-04,50069,7,79.59,7.96,,
277858,P,2000-03-14,98299,3,85.19,6.62,,
277859,P,2001-11-05,77465,4,95.43,2.33,,
277860,P,2001-12-17,99630,10,4.77,6.99,,
277861,P,2001-01-08,12868,8,33.56,2.84,,
277862,P,2002-07-13,1244,8,89.08,1.21,,
277863,P,2002-04-25,61429,5,4.93,4.95,,
277864,P,2002-08-25,36833,5,43.01,2.77,,
277865,P,2000-11-01,26363,3,6.38,7.92,,
277866,P,2002-02-05,79209,10,82.79,6.31,,
277867,P,2000-07-28,8068,3,76.67,9.02,,
277868,P,2001-08-19,75080,10,38.20,4.27,,
277869,P,2001-10-13,71683,8,98.77,0.18,,
277870,P,2002-05-13,30127,5,97.72,9.08,,
277871,P,2000-06-27,4467,2,40.10,2.29,,
277872,P,2002-06-16,8895,10,56.61,5.04,,
277873,P,2002-03-21,75830,6,4.19,4.13,,
277874,P,2002-05-09,59942,10,77.40,4.28,,
277875,P,2002-03-19,36488,7,51.35,1.85,,
277876,P,2000-04-28,64077,3,83.78,6.20,,
277877,P,2002-02-22,68068,5,22.44,5.84,,
277878,P,2001-05-21,22650,7,48.98,9.99,,
277879,P,2000-08-23,74177,4,51.04,6.63,,
277880,P,2000-07-08,31247,5,8.21,4.53,,
277881,P,2000-03-07,41766,3,8.54,9.08,,
277882,P,2001-10-22,39883,2,40.15,1.01,,
277883,P,2002-04-30,19486,9,52.32,3.78,,
277884,P,2000-10-20,52997,9,98.36,3.01,,
277885,P,2002-06-02,91491,1,25.02,9.90,,
277886,P,2001-09-25,4803,3,89.03,5.02,,
277887,P,2001-10-16,9461,7,63.44,6.10,,
277888,P,2002-09-15,7525,6,25.50,6.04,,
277889,P,2000-06-03,95857,7,61.10,7.85,,
277890,P,2000-02-25,65735,9,90.88,7.41,,
277891,P,2001-05-06,6351,10,24.29,2.06,,
277892,P,2001-05-02,99646,2,20.85,6.94,,
277893,P,2000-07-20,18732,8,62.56,3.05,,
277894,P,2002-05-17,3330,6,85.74,8.29,,
277895,P,2001-01-10,51960,10,58.14,6.13,,
277896,P,2001-03-05,11445,3,85.36,8.79,,
277897,P,2000-04-30,2874,10,78.20,4.76,,
277898,P,2001-09-22,4280,5,39.04,1.06,,
277899,P,2000-11-21,50409,5,18.72,8.17,,
277900,P,2000-04-10,54531,10,47.13,4.39,,
277901,P,2000-11-29,75668,5,21.91,1.39,,
277902,P,2002-04-21,74701,1,16.78,0.54,,
277903,P,2000-08-29,57575,6,17.80,9.82,,
277904,P,2001-08-07,53759,1,42.13,8.07,,
277905,P,2001-11-15,37888,10,16.13,7.06,,
277906,P,2000-12-23,49637,9,51.65,7.19,,
277907,P,2000-01-23,21690,4,70.92,4.40,,
277908,P,2001-06-01,30110,2,35.89,1.93,,
277909,P,2001-11-28,96948,1,3.17,7.61,,
277910,P,2001-09-29,36861,9,1.73,6.90,,
277911,P,2000-11-06,34029,3,24.81,9.16,,
277912,P,2001-03-02,72517,7,45.24,4.27,,
277913,P,2000-07-22,39704,5,74.56,4.33,,
277914,P,2000-05-24,51927,2,61.11,5.25,,
277915,P,2000-02-04,45657,5,16.28,1.98,,
277916,P,2000-05-19,19588,9,47.80,9.41,,
277917,P,2002-05-14,88516,9,85.54,5.32,,
277918,P,2000-09-26,32890,1,5.07,9.91,,
277919,P,2000-09-28,99059,2,91.93,0.68,,
277920,P,2001-03-20,36712,2,67.05,1.32,,
277921,P,2002-09-20,42363,9,43.18,0.40,,
277922,P,2002-06-13,36871,6,96.99,3.14,,
277923,P,2002-09-07,73704,9,37.60,9.64,,
277924,P,2002-07-04,84279,7,75.99,3.74,,
277925,P,2001-08-08,14153,1,80.38,5.05,,
277926,P,2000-09-02,79817,10,55.24,8.46,,
277927,P,2002-08-12,90721,3,40.26,5.12,,
277928,P,2000-12-10,48386,10,27.82,0.29,,
277929,P,2000-11-15,40486,9,99.43,4.91,,
277930,P,2000-10-19,67831,6,16.54,8.80,,
277931,P,2002-08-08,33474,1,63.81,9.71,,
277932,P,2001-04-13,65586,5,11.48,3.25,,
277933,P,2000-10-06,66838,6,47.05,0.90,,
277934,P,2002-02-11,4832,5,19.62,8.87,,
277935,P,2001-05-31,11118,7,80.33,1.77,,
277936,P,2001-01-16,28814,9,76.50,0.28,,
277937,P,2000-12-16,38563,9,11.41,4.61,,
277938,P,2002-03-03,11786,2,60.85,4.91,,
277939,P,2001-06-05,28212,1,72.45,5.20,,
277940,P,2001-03-24,91628,1,36.40,0.98,,
277941,P,2001-05-30,39766,5,43.99,0.06,,
277942,P,2001-08-12,15334,4,37.39,4.32,,
277943,P,2000-03-01,88543,1,79.81,6.23,,
277944,P,2001-01-17,89536,6,14.14,8.50,,
277945,P,2002-09-18,59251,9,87.36,5.25,,
277946,P,2000-01-18,72652,7,29.12,2.27,,
277947,P,2000-08-19,17055,10,9.26,0.34,,
277948,P,2001-07-22,15350,1,88.19,5.54,,
277949,P,2001-12-12,17794,4,37.34,8.60,,
277950,P,2000-02-28,32260,6,0.36,3.47,,
277951,P,2001-09-10,63513,7,2.42,2.43,,
277952,P,2000-06-09,7027,8,22.52,2.42,,
277953,P,2000-04-25,38458,3,96.97,4.51,,
277954,P,2002-08-24,56387,10,58.96,3.32,,
277955,P,2000-05-20,43877,1,91.10,9.30,,
277956,P,2001-04-01,9800,6,84.21,7.06,,
277957,P,2002-07-26,3281,10,33.63,5.44,,
277958,P,2000-09-14,96980,6,75.24,2.29,,
277959,P,2000-01-23,79635,5,26.81,7.00,,
277960,P,2001-08-15,31990,8,44.25,2.25,,
277961,P,2002-02-14,31662,8,97.62,4.21,,
277962,P,2001-05-18,32541,3,33.50,0.80,,
277963,P,2001-08-13,71254,2,74.53,5.99,,
277964,P,2001-05-05,31865,6,47.83,4.06,,
277965,P,2002-08-15,80723,10,69.97,9.22,,
277966,P,2000-11-07,81766,9,9.67,5.55,,
277967,P,2001-01-20,33806,2,34.57,1.80,,
277968,P,2000-04-03,73454,4,33.20,9.56,,
277969,P,2000-02-19,48233,7,76.08,7.29,,
277970,P,2002-04-14,50785,8,10.93,2.44,,
277971,P,2001-04-19,47320,2,65.67,2.98,,
277972,P,2000-05-31,8586,4,24.16,5.38,,
277973,P,2002-07-28,50824,2,79.06,7.84,,
277974,P,2002-02-19,28173,9,49.17,5.00,,
277975,P,2000-08-19,35321,6,12.20,6.90,,
277976,P,2001-07-06,19024,9,37.53,8.42,,
277977,P,2000-09-21,45235,9,23.03,9.51,,
277978,P,2001-04-27,36335,9,75.60,6.93,,
277979,P,2001-02-19,16066,7,13.71,7.52,,
277980,P,2002-07-04,13051,7,25.14,2.72,,
277981,P,2002-09-02,37638,5,79.82,4.74,,
277982,P,2000-06-09,23752,1,43.76,2.38,,
277983,P,2002-01-23,60323,5,60.70,5.02,,
277984,P,2000-06-26,86619,7,60.58,9.66,,
277985,P,2001-10-08,87450,8,55.22,4.33,,
277986,P,2000-03-01,67823,1,52.95,2.83,,
277987,P,2002-05-26,44734,2,73.81,0.46,,
277988,P,2000-08-03,21622,7,10.64,9.33,,
277989,P,2002-07-22,82885,5,55.07,1.05,,
277990,P,2002-07-05,94488,4,43.56,4.00,,
277991,P,2001-06-19,52518,4,8.71,3.92,,
277992,P,2000-11-15,15439,7,61.12,1.08,,
277993,P,2002-01-23,78148,5,91.63,8.96,,
277994,P,2001-07-09,77861,9,97.33,5.49,,
277995,P,2001-04-06,30188,9,89.79,7.66,,
277996,P,2001-05-23,41321,10,85.56,8.97,,
277997,P,2000-04-16,6464,8,29.43,7.73,,
277998,P,2001-12-13,35270,3,33.90,9.93,,
277999,P,2001-02-21,51476,3,85.75,4.09,,
278000,P,2001-06-22,31250,8,53.91,5.17,,
278001,P,2001-06-11,816,8,16.58,5.44,,
278002,P,2002-04-10,58491,8,60.56,0.26,,
278003,P,2000-11-25,78800,7,92.78,8.55,,
278004,P,2001-03-27,2755,5,93.61,5.04,,
278005,P,2001-08-03,27867,6,94.12,3.25,,
278006,P,2002-05-23,82386,7,65.52,8.89,,
278007,P,2001-09-22,87031,7,56.57,8.49,,
278008,P,2000-09-07,85141,7,9.07,8.29,,
278009,P,2001-03-31,43795,2,63.83,3.47,,
278010,P,2001-08-30,13776,4,56.53,2.07,,
278011,P,2002-01-23,71808,3,2.77,1.16,,
278012,P,2001-02-07,79984,7,73.86,3.04,,
278013,P,2000-02-17,14106,2,21.41,1.47,,
278014,P,2000-04-05,8241,2,16.98,2.83,,
278015,P,2000-12-12,66340,4,99.93,0.68,,
278016,P,2001-06-13,82310,4,52.39,3.37,,
278017,P,2001-06-21,23307,7,95.32,0.17,,
278018,P,2000-11-20,67939,4,99.53,7.64,,
278019,P,2000-12-15,53196,3,18.97,2.13,,
278020,P,2001-04-07,14910,9,59.10,3.57,,
278021,P,2000-05-28,95630,2,18.07,3.15,,
278022,P,2001-07-08,81503,7,3.98,1.81,,
278023,P,2001-09-29,87090,7,91.95,5.85,,
278024,P,2002-07-26,3008,3,23.42,10.00,,
278025,P,2001-10-17,79725,10,34.23,3.05,,
278026,P,2001-02-06,32716,4,75.63,5.91,,
278027,P,2001-02-23,85346,8,57.04,8.89,,
278028,P,2001-12-31,57374,8,21.97,4.58,,
278029,P,2002-09-06,34728,1,20.05,4.85,,
278030,P,2000-02-02,70009,8,32.00,5.20,,
278031,P,2001-11-16,39203,1,37.74,6.81,,
278032,P,2002-07-28,25585,3,50.97,9.75,,
278033,P,2000-06-25,22607,8,57.99,6.35,,
278034,P,2000-04-01,57477,8,52.41,6.17,,
278035,P,2002-04-02,79734,6,5.15,3.99,,
278036,P,2000-02-12,46034,3,6.37,1.38,,
278037,P,2002-03-27,12674,8,26.81,8.75,,
278038,P,2002-07-12,22642,2,32.97,3.09,,
278039,P,2000-02-22,60281,6,52.04,9.08,,
278040,P,2000-04-02,58062,6,21.09,5.95,,
278041,P,2001-02-07,3483,1,91.66,9.93,,
278042,P,2001-08-06,41392,9,75.79,9.98,,
278043,P,2002-07-08,62266,5,93.93,3.34,,
278044,P,2001-03-07,16807,1,21.09,5.61,,
278045,P,2002-02-18,60657,10,22.08,1.95,,
278046,P,2001-01-07,32064,2,29.76,8.74,,
278047,P,2000-05-23,13062,2,23.95,2.66,,
278048,P,2001-01-26,80516,4,68.51,7.13,,
278049,P,2002-01-12,25108,7,94.90,5.16,,
278050,P,2000-07-07,14436,7,65.97,2.59,,
278051,P,2001-09-01,9362,3,73.66,7.46,,
278052,P,2001-09-14,16966,2,87.48,3.57,,
278053,P,2000-02-23,33910,4,93.17,8.72,,
278054,P,2001-03-07,21844,3,26.68,0.52,,
278055,P,2002-07-31,68662,3,30.01,9.98,,
278056,P,2002-07-01,37837,5,58.87,8.76,,
278057,P,2001-04-27,6539,1,62.86,2.96,,
278058,P,2000-10-10,83845,9,67.81,6.79,,
278059,P,2000-03-11,66753,7,92.53,6.86,,
278060,P,2001-09-20,40663,2,11.45,3.83,,
278061,P,2000-07-14,96638,9,80.45,7.51,,
278062,P,2002-01-12,10372,9,41.39,1.17,,
278063,P,2002-02-28,10406,6,12.79,3.29,,
278064,P,2002-01-25,11552,4,73.10,9.25,,
278065,P,2001-05-08,61004,1,48.20,7.28,,
278066,P,2002-08-08,86750,6,95.76,8.51,,
278067,P,2002-08-30,61198,5,89.25,0.96,,
278068,P,2002-04-27,77015,6,77.15,2.97,,
278069,P,2000-12-17,83992,5,94.65,0.33,,
278070,P,2000-04-14,6995,5,94.35,5.31,,
278071,P,2001-06-29,8401,1,74.96,4.82,,
278072,P,2001-07-27,28937,7,48.77,1.32,,
278073,P,2001-03-02,21918,1,44.83,5.24,,
278074,P,2001-04-13,61159,10,49.83,9.57,,
278075,P,2002-03-20,56181,8,76.52,3.16,,
278076,P,2001-06-03,30834,8,32.45,9.16,,
278077,P,2001-08-05,25518,4,43.64,4.17,,
278078,P,2000-01-28,50553,5,70.31,6.08,,
278079,P,2000-01-23,51724,9,41.86,3.64,,
278080,P,2002-08-11,27569,1,12.91,3.80,,
278081,P,2000-04-14,19542,4,47.96,5.15,,
278082,P,2001-09-24,26393,1,12.81,4.27,,
278083,P,2001-04-26,43835,7,18.16,0.24,,
278084,P,2000-04-29,73925,9,60.03,3.14,,
278085,P,2000-08-17,93793,10,90.60,1.88,,
278086,P,2000-01-26,75078,5,20.08,6.96,,
278087,P,2000-12-16,66323,5,11.33,2.46,,
278088,P,2001-07-23,38516,8,89.83,8.89,,
278089,P,2000-07-26,86906,8,91.67,6.46,,
278090,P,2000-01-05,35604,1,13.75,3.58,,
278091,P,2002-01-28,81205,9,45.91,9.73,,
278092,P,2001-10-22,93029,5,78.40,6.61,,
278093,P,2002-06-28,1848,9,82.98,8.34,,
278094,P,2002-03-31,63587,8,62.17,6.31,,
278095,P,2001-07-19,45101,4,93.21,4.46,,
278096,P,2000-02-25,20749,3,60.48,2.85,,
278097,P,2002-08-25,26531,6,63.05,0.48,,
278098,P,2000-01-30,31741,5,16.67,9.29,,
278099,P,2000-01-13,383,9,25.20,4.79,,
278100,P,2000-02-04,63480,3,64.79,8.66,,
278101,P,2000-09-06,85106,10,84.12,3.78,,
278102,P,2001-04-14,7805,1,64.94,8.79,,
278103,P,2001-05-06,41100,10,49.94,2.31,,
278104,P,2002-02-14,19471,4,17.18,3.45,,
278105,P,2001-04-16,65935,6,99.33,7.09,,
278106,P,2002-06-11,2570,7,82.53,4.39,,
278107,P,2000-11-23,58710,6,98.34,8.59,,
278108,P,2002-07-15,88254,4,48.64,9.35,,
278109,P,2002-05-23,46767,9,80.50,5.45,,
278110,P,2000-10-09,28413,1,81.20,4.53,,
278111,P,2001-08-28,9153,3,40.92,9.95,,
278112,P,2002-01-12,26413,6,9.72,6.15,,
278113,P,2002-03-17,45789,10,21.34,0.29,,
278114,P,2000-05-10,72565,3,23.99,1.80,,
278115,P,2000-10-29,55850,6,2.76,6.00,,
278116,P,2000-07-17,12907,3,88.16,0.01,,
278117,P,2000-11-24,27832,2,5.95,8.55,,
278118,P,2001-12-22,70109,6,45.26,8.66,,
278119,P,2000-06-20,4471,2,51.68,8.32,,
278120,P,2001-01-15,99842,5,18.14,4.59,,
278121,P,2001-11-15,99104,8,69.76,2.66,,
278122,P,2002-06-27,12345,10,68.08,3.74,,
278123,P,2001-05-18,93775,1,55.75,4.94,,
278124,P,2002-02-14,77404,3,39.83,3.06,,
278125,P,2001-06-20,11085,6,88.38,1.57,,
278126,P,2001-01-22,67906,1,88.47,9.91,,
278127,P,2002-06-20,79348,10,32.91,6.84,,
278128,P,2002-08-12,81142,4,9.24,7.56,,
278129,P,2001-12-24,256,9,75.21,1.92,,
278130,P,2002-07-29,30398,1,20.76,7.28,,
278131,P,2002-04-01,73261,10,73.22,2.26,,
278132,P,2000-08-16,80061,9,56.35,5.75,,
278133,P,2000-07-19,15708,10,98.04,1.60,,
278134,P,2001-02-25,86182,6,3.88,3.93,,
278135,P,2001-05-24,95299,9,11.96,5.57,,
278136,P,2000-02-15,48922,10,59.64,9.26,,
278137,P,2000-04-13,20915,8,72.85,8.54,,
278138,P,2001-10-29,65836,6,84.90,4.27,,
278139,P,2001-05-27,77728,5,48.84,7.43,,
278140,P,2001-08-02,98968,3,23.54,7.46,,
278141,P,2002-06-24,4651,1,18.72,5.17,,
278142,P,2000-03-30,44911,4,65.62,9.87,,
278143,P,2000-10-03,48823,5,84.29,8.42,,
278144,P,2002-07-25,76135,5,87.32,8.61,,
278145,P,2000-07-11,11953,10,18.43,0.58,,
278146,P,2000-11-22,23761,2,57.82,5.21,,
278147,P,2000-07-02,2244,9,43.34,7.52,,
278148,P,2002-06-30,26228,10,9.40,3.73,,
278149,P,2000-01-28,97480,2,13.47,3.62,,
278150,P,2000-07-10,53421,5,67.18,1.72,,
278151,P,2002-03-10,70398,9,4.42,7.04,,
278152,P,2000-05-29,4283,7,7.70,6.00,,
278153,P,2000-05-24,54185,8,87.62,5.40,,
278154,P,2002-01-28,47532,8,17.62,6.48,,
278155,P,2001-12-24,872,10,36.64,5.11,,
278156,P,2001-05-15,63066,2,31.95,0.75,,
278157,P,2001-11-18,58467,6,18.09,2.96,,
278158,P,2000-10-12,75212,6,37.21,7.15,,
278159,P,2001-07-12,29470,3,52.30,1.94,,
278160,P,2002-06-23,88725,1,38.38,4.55,,
278161,P,2002-03-23,42248,10,27.17,4.04,,
278162,P,2001-04-08,77165,5,4.44,2.97,,
278163,P,2001-06-11,11428,2,20.44,9.25,,
278164,P,2001-12-12,89643,3,35.07,1.27,,
278165,P,2001-07-31,19471,6,29.43,2.75,,
278166,P,2001-06-29,15515,10,82.98,7.76,,
278167,P,2000-06-07,80291,8,48.39,9.68,,
278168,P,2000-09-15,33497,9,43.45,9.72,,
278169,P,2002-04-18,65810,6,27.27,7.80,,
278170,P,2000-11-08,64329,1,13.76,9.23,,
278171,P,2000-06-03,41548,7,7.58,3.60,,
278172,P,2000-03-22,38317,2,82.98,6.46,,
278173,P,2001-05-18,75943,4,7.53,1.91,,
278174,P,2002-04-03,71626,5,37.18,8.38,,
278175,P,2000-03-26,83960,8,90.79,9.65,,
278176,P,2002-03-23,29590,6,50.11,7.70,,
278177,P,2000-12-22,18007,9,45.92,3.11,,
278178,P,2002-09-09,57505,4,31.23,0.59,,
278179,P,2000-05-27,12394,10,40.70,4.01,,
278180,P,2001-06-14,77944,7,0.87,1.69,,
278181,P,2000-10-18,26368,6,80.20,8.30,,
278182,P,2001-04-14,17144,7,36.39,0.47,,
278183,P,2000-06-30,2295,6,30.30,8.36,,
278184,P,2002-03-10,89742,2,54.86,3.44,,
278185,P,2002-09-02,20446,10,36.35,4.45,,
278186,P,2001-03-18,3568,4,98.25,0.91,,
278187,P,2001-05-26,46881,7,94.68,7.17,,
278188,P,2000-02-17,58966,4,78.10,8.01,,
278189,P,2000-03-01,76193,6,36.49,6.22,,
278190,P,2000-04-18,24635,5,94.81,7.78,,
278191,P,2001-10-22,21875,1,77.76,5.10,,
278192,P,2000-12-03,60474,6,83.71,4.22,,
278193,P,2001-12-16,84448,7,75.69,7.80,,
278194,P,2002-01-12,47663,7,8.39,2.22,,
278195,P,2002-01-06,11069,5,10.81,4.20,,
278196,P,2002-03-10,37693,3,3.29,8.12,,
278197,P,2001-01-05,1217,10,88.86,2.66,,
278198,P,2000-10-15,43917,2,98.82,2.01,,
278199,P,2002-06-14,30106,3,95.67,8.83,,
278200,P,2002-09-06,15993,8,35.40,3.07,,
278201,P,2002-06-03,22812,7,36.95,2.54,,
278202,P,2002-08-08,75112,4,88.40,1.34,,
278203,P,2000-10-21,25317,8,93.61,1.82,,
278204,P,2001-06-01,87895,6,6.06,8.71,,
278205,P,2001-07-28,84113,9,48.27,5.18,,
278206,P,2000-02-09,24089,2,31.67,2.68,,
278207,P,2002-02-17,44923,6,70.78,5.95,,
278208,P,2002-03-08,46168,5,41.45,5.35,,
278209,P,2002-03-10,69709,4,11.89,9.69,,
278210,P,2002-06-11,71516,6,15.07,8.15,,
278211,P,2000-10-08,602,10,89.45,6.15,,
278212,P,2002-01-09,40400,9,9.31,0.45,,
278213,P,2000-07-27,49459,1,49.48,5.83,,
278214,P,2000-05-23,34701,10,96.05,9.52,,
278215,P,2002-04-12,98611,4,31.07,4.60,,
278216,P,2000-04-08,22702,7,43.75,9.99,,
278217,P,2000-07-02,75986,4,30.51,5.33,,
278218,P,2002-07-09,38625,9,37.88,8.25,,
278219,P,2002-01-01,93099,8,10.71,4.61,,
278220,P,2000-01-09,61896,6,88.70,3.16,,
278221,P,2001-07-03,69610,6,8.76,4.62,,
278222,P,2001-01-26,89102,6,22.51,3.32,,
278223,P,2002-04-20,98848,5,53.97,6.17,,
278224,P,2000-05-31,76469,6,73.52,0.76,,
278225,P,2002-02-28,5616,1,58.61,4.61,,
278226,P,2001-11-14,65543,1,74.84,4.94,,
278227,P,2002-02-19,95186,6,20.63,1.21,,
278228,P,2000-02-10,55146,1,59.22,1.38,,
278229,P,2002-08-03,48592,7,66.03,1.35,,
278230,P,2001-03-09,6838,6,22.37,8.35,,
278231,P,2002-02-26,29338,10,78.28,4.03,,
278232,P,2002-01-23,35608,3,71.14,3.78,,
278233,P,2001-03-16,48517,3,61.12,1.32,,
278234,P,2002-01-07,34008,5,48.92,5.28,,
278235,P,2001-04-29,89314,7,2.97,3.28,,
278236,P,2000-05-17,4949,3,71.76,4.17,,
278237,P,2000-04-22,34825,8,42.74,1.41,,
278238,P,2002-01-29,44148,6,55.52,4.85,,
278239,P,2000-10-07,29183,3,95.75,4.01,,
278240,P,2000-04-11,96529,1,53.67,6.85,,
278241,P,2002-01-28,92499,2,90.78,4.93,,
278242,P,2000-01-13,45634,9,98.50,4.82,,
278243,P,2000-11-17,49543,9,51.39,9.16,,
278244,P,2001-10-18,75728,3,50.27,8.44,,
278245,P,2000-06-12,60424,5,61.70,3.61,,
278246,P,2002-02-03,64739,9,33.31,5.52,,
278247,P,2001-06-26,2225,1,99.07,5.85,,
278248,P,2002-04-13,57246,10,3.87,9.50,,
278249,P,2000-09-06,57421,10,79.33,6.98,,
278250,P,2001-11-02,30147,2,3.39,3.90,,
278251,P,2002-04-25,92271,4,54.55,3.47,,
278252,P,2001-06-03,1757,7,99.37,5.76,,
278253,P,2001-12-29,70129,8,20.04,5.50,,
278254,P,2001-11-18,50450,6,19.50,6.84,,
278255,P,2001-09-26,59855,4,76.66,9.50,,
278256,P,2000-08-25,87412,8,38.65,2.00,,
278257,P,2002-09-11,6422,2,65.46,1.32,,
278258,P,2000-10-08,18202,9,63.92,0.85,,
278259,P,2001-04-19,12094,5,3.31,0.00,,
278260,P,2000-04-03,27071,5,7.16,3.78,,
278261,P,2001-11-28,20702,10,62.74,2.85,,
278262,P,2002-08-05,34894,1,15.78,0.82,,
278263,P,2001-12-08,89838,4,19.45,5.68,,
278264,P,2002-09-10,15627,3,38.43,3.17,,
278265,P,2000-02-11,11251,9,13.01,9.01,,
278266,P,2001-04-12,85937,8,68.23,1.62,,
278267,P,2002-07-29,3463,3,58.42,0.18,,
278268,P,2000-12-05,53048,4,24.04,9.01,,
278269,P,2002-07-16,745,1,72.52,7.83,,
278270,P,2000-10-28,28905,6,73.94,1.02,,
278271,P,2002-08-17,6033,5,22.52,6.68,,
278272,P,2002-01-05,43916,9,57.49,5.65,,
278273,P,2002-06-03,54864,2,17.42,0.95,,
278274,P,2001-06-04,26746,3,67.95,3.88,,
278275,P,2002-09-06,36276,7,52.14,2.51,,
278276,P,2001-10-17,48540,2,2.95,4.03,,
278277,P,2001-04-11,37108,6,2.82,2.38,,
278278,P,2001-02-02,45616,9,43.73,6.34,,
278279,P,2000-06-11,55133,7,7.52,7.58,,
278280,P,2000-01-21,52710,2,25.02,4.31,,
278281,P,2002-07-09,63579,10,20.66,1.13,,
278282,P,2000-09-04,6523,8,9.25,5.44,,
278283,P,2001-06-27,99928,3,42.45,6.55,,
278284,P,2001-11-29,70213,10,44.81,2.70,,
278285,P,2002-03-03,2284,6,31.86,9.57,,
278286,P,2000-09-08,29182,4,74.79,5.90,,
278287,P,2001-03-05,87543,6,92.85,5.90,,
278288,P,2000-09-15,19393,1,91.87,9.16,,
278289,P,2001-02-10,65283,2,96.91,5.88,,
278290,P,2000-02-29,6824,3,4.04,2.67,,
278291,P,2000-11-18,41892,9,86.14,5.31,,
278292,P,2001-11-19,58930,1,43.39,9.12,,
278293,P,2002-09-02,39043,7,46.88,9.07,,
278294,P,2001-01-16,38078,5,80.26,1.30,,
278295,P,2000-10-31,14254,3,77.58,4.65,,
278296,P,2000-07-28,59908,2,26.03,0.28,,
278297,P,2000-12-20,66934,8,59.55,6.10,,
278298,P,2002-06-03,393,8,15.85,2.47,,
278299,P,2001-11-10,68409,9,46.89,5.91,,
278300,P,2000-08-12,11085,5,53.31,4.23,,
278301,P,2000-07-05,67608,4,45.88,3.77,,
278302,P,2000-02-03,88384,10,7.93,1.07,,
278303,P,2001-09-10,90464,2,74.16,3.79,,
278304,P,2001-06-27,17071,2,47.55,0.78,,
278305,P,2001-08-07,46820,2,36.11,5.69,,
278306,P,2001-02-24,7466,7,69.54,8.92,,
278307,P,2002-09-02,38460,7,43.85,3.28,,
278308,P,2002-07-23,76296,6,87.52,5.43,,
278309,P,2002-02-04,51202,6,66.94,3.07,,
278310,P,2001-12-05,57399,8,50.99,7.85,,
278311,P,2001-12-16,37708,4,84.48,2.89,,
278312,P,2001-09-28,1705,2,22.51,2.60,,
278313,P,2002-07-19,34863,3,33.79,7.95,,
278314,P,2002-02-11,57217,3,71.07,7.23,,
278315,P,2000-02-07,30834,10,77.98,2.69,,
278316,P,2000-01-17,95275,10,20.04,0.65,,
278317,P,2001-12-09,86446,5,92.10,8.56,,
278318,P,2000-01-31,41267,8,15.53,1.86,,
278319,P,2001-02-08,31236,4,80.67,8.13,,
278320,P,2001-08-27,77983,9,2.98,4.82,,
278321,P,2001-10-25,723,9,47.57,1.05,,
278322,P,2001-10-31,7678,3,12.30,3.19,,
278323,P,2000-08-26,42765,10,50.44,6.72,,
278324,P,2002-04-29,89370,2,91.43,3.32,,
278325,P,2000-06-12,5475,2,1.21,7.96,,
278326,P,2000-11-19,60681,5,83.50,4.20,,
278327,P,2000-03-04,87096,5,1.40,7.04,,
278328,P,2000-12-13,21151,2,37.44,7.86,,
278329,P,2000-11-03,31845,9,60.35,7.20,,
278330,P,2000-04-01,95342,10,25.44,9.51,,
278331,P,2001-07-09,50104,3,52.73,2.61,,
278332,P,2002-04-17,27796,10,91.66,4.97,,
278333,P,2001-05-07,44525,9,22.28,6.70,,
278334,P,2002-02-26,35394,4,86.42,3.99,,
278335,P,2002-01-29,88168,10,8.45,5.98,,
278336,P,2001-03-01,36187,3,59.91,4.95,,
278337,P,2002-09-12,78317,3,51.18,2.37,,
278338,P,2000-04-21,33373,4,7.01,7.77,,
278339,P,2000-12-22,36699,9,13.21,3.59,,
278340,P,2000-12-19,38200,9,33.63,4.50,,
278341,P,2000-01-20,29916,9,9.51,2.34,,
278342,P,2000-07-23,76683,8,72.95,1.01,,
278343,P,2000-06-13,77822,2,8.33,5.75,,
278344,P,2000-02-27,79854,4,77.87,7.94,,
278345,P,2000-11-07,32448,3,11.51,9.97,,
278346,P,2000-01-20,20041,7,10.41,3.63,,
278347,P,2002-02-06,14272,3,82.93,8.01,,
278348,P,2000-05-12,87155,2,74.37,4.49,,
278349,P,2000-10-04,3225,8,78.78,3.31,,
278350,P,2002-05-13,11750,3,44.19,5.34,,
278351,P,2000-06-26,12777,8,2.27,8.06,,
278352,P,2001-12-31,5807,9,59.08,7.57,,
278353,P,2000-09-06,23261,6,26.49,4.93,,
278354,P,2000-11-23,5090,6,89.07,9.28,,
278355,P,2000-07-26,73386,2,12.46,3.81,,
278356,P,2001-10-19,34003,7,80.81,0.54,,
278357,P,2000-01-13,99115,6,5.93,0.32,,
278358,P,2002-06-19,62616,5,32.74,0.72,,
278359,P,2002-09-21,33175,6,37.77,1.94,,
278360,P,2001-04-08,68695,7,76.62,0.75,,
278361,P,2001-10-27,63502,8,32.26,1.99,,
278362,P,2001-09-28,84318,9,28.04,1.81,,
278363,P,2001-11-08,91049,2,7.22,6.68,,
278364,P,2002-06-23,10735,6,23.60,3.64,,
278365,P,2000-06-08,30506,2,12.11,4.16,,
278366,P,2002-01-26,99963,8,49.52,5.78,,
278367,P,2001-11-10,49707,4,10.28,3.79,,
278368,P,2001-12-25,11229,1,11.66,4.93,,
278369,P,2002-06-01,16745,2,44.67,7.05,,
278370,P,2002-05-08,69908,6,23.42,3.30,,
278371,P,2001-10-01,84103,4,33.30,5.85,,
278372,P,2000-12-17,15370,4,0.78,2.72,,
278373,P,2001-01-28,72987,8,13.37,1.42,,
278374,P,2000-10-29,72797,8,88.26,9.61,,
278375,P,2001-10-03,26174,1,37.02,8.14,,
278376,P,2000-05-10,32615,7,25.93,4.33,,
278377,P,2000-05-05,32998,6,38.46,6.19,,
278378,P,2001-03-14,56981,8,36.44,7.14,,
278379,P,2001-11-06,38991,4,14.99,4.82,,
278380,P,2002-03-08,56099,8,48.69,8.22,,
278381,P,2000-11-27,16380,3,28.13,4.82,,
278382,P,2002-07-28,21056,6,24.14,7.91,,
278383,P,2001-12-15,94428,2,95.26,9.87,,
278384,P,2001-11-01,76343,7,58.50,5.43,,
278385,P,2000-12-15,15825,8,40.82,5.04,,
278386,P,2002-01-04,58129,10,91.98,3.63,,
278387,P,2000-05-13,40857,6,59.47,8.23,,
278388,P,2002-08-29,70998,7,18.60,6.45,,
278389,P,2001-07-23,1124,1,32.51,4.53,,
278390,P,2000-04-04,76642,8,23.02,9.40,,
278391,P,2002-07-29,15883,5,1.18,8.38,,
278392,P,2001-03-22,95818,3,47.26,8.64,,
278393,P,2001-11-12,28108,1,76.87,0.37,,
278394,P,2001-09-12,30045,6,13.21,3.32,,
278395,P,2001-11-10,51770,5,16.26,1.48,,
278396,P,2001-04-12,4488,10,58.90,6.81,,
278397,P,2000-12-28,11262,7,91.94,0.90,,
278398,P,2001-12-19,38243,2,91.98,9.96,,
278399,P,2002-02-02,40325,9,95.63,6.22,,
278400,P,2001-12-19,78513,3,59.67,0.64,,
278401,P,2002-05-30,87686,6,27.40,9.07,,
278402,P,2002-08-29,70886,4,22.05,9.54,,
278403,P,2000-05-26,95748,8,39.42,1.15,,
278404,P,2001-07-11,40754,1,62.42,2.70,,
278405,P,2001-05-12,18091,1,58.01,1.32,,
278406,P,2001-09-16,58500,3,95.39,9.84,,
278407,P,2002-06-23,2116,7,25.58,2.52,,
278408,P,2000-04-24,16991,1,51.83,1.82,,
278409,P,2001-04-27,75930,9,0.30,5.81,,
278410,P,2001-08-16,48668,6,37.00,0.97,,
278411,P,2001-01-04,18531,1,60.43,1.67,,
278412,P,2001-03-31,99847,10,48.36,6.85,,
278413,P,2000-06-30,13911,10,45.40,0.36,,
278414,P,2002-07-15,66471,10,12.44,7.78,,
278415,P,2000-04-11,25523,7,27.60,2.24,,
278416,P,2001-11-18,83326,1,48.34,8.27,,
278417,P,2001-09-07,15733,2,14.93,8.19,,
278418,P,2002-03-30,88068,3,25.41,5.00,,
278419,P,2002-05-24,32632,9,53.78,0.84,,
278420,P,2001-05-05,87673,3,19.97,3.97,,
278421,P,2000-03-16,37312,9,77.30,7.19,,
278422,P,2001-10-07,30463,6,4.80,5.16,,
278423,P,2001-08-12,36898,3,16.64,2.46,,
278424,P,2000-03-13,72574,5,28.55,9.58,,
278425,P,2000-10-19,52466,6,9.73,0.09,,
278426,P,2002-07-23,33166,10,81.33,1.86,,
278427,P,2000-10-28,52921,2,97.41,5.64,,
278428,P,2001-07-07,34818,1,33.93,6.91,,
278429,P,2000-07-28,21946,1,14.11,5.39,,
278430,P,2001-09-07,9181,4,88.37,6.64,,
278431,P,2001-03-14,9841,9,41.10,3.87,,
278432,P,2000-12-02,24695,8,97.41,1.33,,
278433,P,2001-06-22,92420,2,39.85,1.47,,
278434,P,2000-02-02,72087,8,84.22,3.90,,
278435,P,2002-07-14,261,10,70.41,4.61,,
278436,P,2001-11-27,9206,2,70.13,3.67,,
278437,P,2001-01-04,55753,9,94.72,1.93,,
278438,P,2000-02-04,24034,3,10.65,9.50,,
278439,P,2001-12-30,88347,3,10.09,6.47,,
278440,P,2001-05-30,26918,4,49.63,1.16,,
278441,P,2001-12-14,21426,3,45.77,6.57,,
278442,P,2000-10-22,64189,2,98.89,4.34,,
278443,P,2000-03-09,30700,4,89.55,9.38,,
278444,P,2001-03-09,51806,1,95.42,7.05,,
278445,P,2001-08-18,42071,4,25.61,2.36,,
278446,P,2000-10-21,64914,9,72.15,6.61,,
278447,P,2000-11-29,73630,5,37.24,5.04,,
278448,P,2000-04-05,41824,10,98.09,8.10,,
278449,P,2001-04-07,47687,6,94.26,3.90,,
278450,P,2001-11-03,19895,8,27.21,6.40,,
278451,P,2000-09-21,89642,1,15.40,4.43,,
278452,P,2001-06-27,38828,10,98.30,8.92,,
278453,P,2001-05-09,47531,3,46.71,6.42,,
278454,P,2002-05-16,67403,4,31.16,5.19,,
278455,P,2000-02-05,95022,7,29.15,3.79,,
278456,P,2001-12-23,54153,4,1.45,9.80,,
278457,P,2000-07-16,17161,4,58.77,2.45,,
278458,P,2001-05-12,95818,3,27.35,0.95,,
278459,P,2001-07-25,46676,8,91.23,3.92,,
278460,P,2001-06-17,8133,3,99.45,9.17,,
278461,P,2001-10-11,94027,5,90.71,0.02,,
278462,P,2002-04-23,82193,7,76.16,7.81,,
278463,P,2002-05-19,71140,4,5.03,9.06,,
278464,P,2001-11-16,45477,6,96.69,9.99,,
278465,P,2000-09-02,64024,5,35.17,2.74,,
278466,P,2001-08-26,99870,3,33.14,9.85,,
278467,P,2002-03-12,6786,3,79.53,9.39,,
278468,P,2002-08-19,14341,3,13.39,1.57,,
278469,P,2000-05-18,80607,6,93.41,4.00,,
278470,P,2001-07-31,11955,3,76.68,6.95,,
278471,P,2000-12-12,65429,10,34.60,6.44,,
278472,P,2001-07-22,73670,6,66.77,7.24,,
278473,P,2000-10-03,7975,2,5.47,6.96,,
278474,P,2002-09-17,93979,4,55.70,9.88,,
278475,P,2002-07-26,51728,8,94.03,8.67,,
278476,P,2000-05-19,15768,8,73.26,6.95,,
278477,P,2000-04-10,29792,6,29.50,2.18,,
278478,P,2001-08-21,62247,6,97.41,6.51,,
278479,P,2000-11-13,57484,9,49.35,8.36,,
278480,P,2000-05-06,28293,5,74.63,4.25,,
278481,P,2000-03-27,73793,8,12.47,1.03,,
278482,P,2001-09-19,6366,5,1.89,1.16,,
278483,P,2001-01-06,49043,6,33.69,6.39,,
278484,P,2001-08-07,71560,7,15.25,2.90,,
278485,P,2002-07-20,34127,8,13.36,2.89,,
278486,P,2000-02-29,15468,7,23.01,0.00,,
278487,P,2001-08-08,50092,5,70.63,4.29,,
278488,P,2000-10-15,28478,10,53.51,0.01,,
278489,P,2002-09-25,89239,10,69.40,9.92,,
278490,P,2000-09-24,12430,8,66.76,1.74,,
278491,P,2001-07-19,35690,2,32.71,9.64,,
278492,P,2000-01-07,84188,8,43.75,7.88,,
278493,P,2000-10-22,36768,5,5.91,5.44,,
278494,P,2000-09-28,82442,6,48.21,4.59,,
278495,P,2001-02-15,3335,3,90.76,4.89,,
278496,P,2001-04-12,17291,3,4.85,7.95,,
278497,P,2001-06-06,49464,3,3.44,0.87,,
278498,P,2001-04-18,67335,5,80.15,6.52,,
278499,P,2000-09-27,96687,5,91.83,5.35,,
278500,P,2000-02-21,11079,7,80.08,5.01,,
278501,P,2001-10-01,69277,1,61.55,5.24,,
278502,P,2002-01-29,98984,9,66.50,4.08,,
278503,P,2001-03-01,70792,5,36.04,5.34,,
278504,P,2002-09-14,35325,8,83.48,7.52,,
278505,P,2000-03-05,41619,2,41.69,4.15,,
278506,P,2001-02-14,77438,9,29.99,8.32,,
278507,P,2000-01-05,53723,1,28.32,0.97,,
278508,P,2000-09-05,24952,7,21.53,0.42,,
278509,P,2001-12-03,46447,3,97.99,7.63,,
278510,P,2001-07-08,46969,6,68.39,6.33,,
278511,P,2002-08-12,78070,10,86.85,4.51,,
278512,P,2000-04-14,379,9,30.28,3.50,,
278513,P,2002-01-18,40267,2,89.72,2.76,,
278514,P,2001-03-16,48405,8,22.93,7.51,,
278515,P,2002-04-24,19838,7,18.10,8.22,,
278516,P,2002-06-15,82692,5,21.62,5.40,,
278517,P,2000-06-29,9317,9,67.98,9.49,,
278518,P,2001-08-27,1362,9,64.93,5.88,,
278519,P,2002-05-27,44025,2,41.79,8.30,,
278520,P,2002-05-04,80256,4,39.84,1.17,,
278521,P,2000-01-11,48103,5,33.33,5.92,,
278522,P,2002-05-30,49443,2,65.78,4.83,,
278523,P,2000-02-08,25920,4,40.71,8.40,,
278524,P,2002-04-24,2060,2,54.62,4.44,,
278525,P,2000-10-29,62375,10,76.87,3.04,,
278526,P,2000-05-25,81111,1,73.14,4.74,,
278527,P,2000-03-06,73923,9,58.10,3.54,,
278528,P,2001-08-16,71811,1,21.60,0.46,,
278529,P,2001-09-09,26631,10,53.85,6.21,,
278530,P,2001-12-19,86324,1,17.85,7.56,,
278531,P,2000-08-22,786,8,95.15,9.86,,
278532,P,2000-05-23,5769,8,51.05,7.43,,
278533,P,2000-04-13,95663,3,85.30,5.54,,
278534,P,2001-02-06,26005,8,78.39,4.80,,
278535,P,2000-11-08,30858,5,51.06,7.06,,
278536,P,2000-10-17,35391,1,71.39,3.27,,
