421226,P,2000-03-18,5431,4,33.81,1.54,,
421227,P,2001-11-14,42205,2,3.64,4.61,,
421228,P,2000-11-28,30878,2,48.10,2.63,,
421229,P,2002-01-27,66824,10,57.62,2.07,,
421230,P,2000-06-30,8808,2,21.17,1.14,,
421231,P,2002-01-11,92236,10,56.43,7.02,,
421232,P,2002-08-14,98715,5,48.62,9.83,,
421233,P,2000-05-26,94603,9,98.39,2.38,,
421234,P,2001-07-28,34223,4,90.03,9.19,,
421235,P,2002-08-11,82978,2,25.28,5.35,,
421236,P,2002-03-19,86672,7,61.20,3.37,,
421237,P,2002-03-29,35239,7,37.42,1.98,,
421238,P,2000-09-24,61010,6,90.77,4.70,,
421239,P,2002-08-23,86269,8,17.81,8.03,,
421240,P,2000-01-02,1542,8,35.27,7.17,,
421241,P,2002-05-18,8624,1,83.29,6.02,,
421242,P,2001-02-14,31267,8,98.42,3.98,,
421243,P,2000-06-19,71556,8,97.03,4.79,,
421244,P,2001-06-26,48201,8,68.06,1.08,,
421245,P,2001-11-15,11630,1,20.91,7.39,,
421246,P,2000-01-27,74176,6,7.87,4.15,,
421247,P,2002-05-14,90114,10,35.96,2.06,,
421248,P,2002-07-02,41359,4,55.30,3.51,,
421249,P,2000-01-30,54184,9,24.05,2.01,,
421250,P,2002-02-14,21564,7,38.90,5.85,,
421251,P,2001-05-14,98965,8,23.16,1.91,,
421252,P,2001-08-23,60906,2,11.29,9.39,,
421253,P,2002-08-23,28546,3,63.09,9.78,,
421254,P,2000-06-24,40706,4,81.27,4.81,,
421255,P,2000-12-03,63307,9,45.62,8.37,,
421256,P,2002-08-03,70348,3,77.13,5.06,,
421257,P,2002-08-20,84098,1,37.03,4.30,,
421258,P,2000-04-15,4623,2,61.47,2.67,,
421259,P,2001-06-06,20457,4,80.90,8.12,,
421260,P,2001-06-06,9907,6,72.37,9.15,,
421261,P,2001-12-08,33441,2,73.18,1.68,,
421262,P,2000-03-16,60657,2,21.50,5.64,,
421263,P,2001-01-30,7171,2,17.88,8.74,,
421264,P,2000-03-31,55443,3,93.38,7.84,,
421265,P,2001-05-18,53872,2,10.58,1.59,,
421266,P,2000-02-26,73859,9,60.43,5.11,,
421267,P,2000-01-14,95875,1,40.47,3.31,,
421268,P,2000-08-07,33903,5,86.01,9.15,,
421269,P,2002-08-10,53117,1,64.38,2.70,,
421270,P,2002-08-13,53086,7,36.66,3.27,,
421271,P,2002-09-09,46054,5,70.70,7.96,,
421272,P,2000-08-15,5475,10,22.64,2.88,,
421273,P,2000-10-18,68975,7,67.27,2.90,,
421274,P,2000-12-22,30795,2,4.08,6.39,,
421275,P,2001-01-03,10926,1,2.33,5.99,,
421276,P,2000-02-27,57281,2,41.63,9.12,,
421277,P,2002-06-18,34244,2,27.32,3.17,,
421278,P,2000-04-03,6926,1,30.84,4.89,,
421279,P,2002-08-06,86912,3,85.48,6.44,,
421280,P,2000-04-29,77416,8,6.54,6.39,,
421281,P,2000-05-08,89643,9,73.73,6.71,,
421282,P,2000-03-12,5978,7,22.04,5.56,,
421283,P,2000-04-08,12123,9,67.69,2.23,,
421284,P,2002-05-09,67236,5,0.48,5.12,,
421285,P,2000-10-16,33951,7,6.64,1.17,,
421286,P,2000-07-20,15241,7,99.93,0.03,,
421287,P,2002-01-13,65277,6,84.96,4.06,,
421288,P,2002-03-20,14187,1,28.50,4.14,,
421289,P,2000-12-03,55734,10,9.60,0.64,,
421290,P,2000-11-15,6401,1,92.99,9.69,,
421291,P,2001-08-30,53582,4,6.14,3.97,,
421292,P,2000-12-20,81364,8,38.40,7.24,,
421293,P,2000-08-02,97857,6,66.09,7.44,,
421294,P,2002-08-12,33833,8,71.96,4.88,,
421295,P,2001-01-18,58738,2,46.26,9.00,,
421296,P,2001-08-19,19633,3,83.08,1.30,,
421297,P,2002-05-28,50527,10,64.43,6.74,,
421298,P,2000-04-26,93217,1,50.55,1.06,,
421299,P,2001-09-28,81876,10,88.47,8.89,,
421300,P,2001-05-24,15194,6,27.43,3.75,,
421301,P,2000-12-15,19150,10,69.88,3.94,,
421302,P,2000-01-14,24892,9,69.47,3.38,,
421303,P,2000-10-29,19590,6,40.26,7.17,,
421304,P,2002-07-27,19477,5,77.56,3.61,,
421305,P,2001-05-19,92067,8,14.55,0.01,,
421306,P,2002-03-30,6095,7,76.79,6.52,,
421307,P,2002-03-06,96674,7,41.41,0.38,,
421308,P,2001-03-17,75115,6,74.28,0.31,,
421309,P,2000-04-02,13547,9,58.53,4.83,,
421310,P,2000-08-02,92678,1,2.76,2.20,,
421311,P,2001-07-03,64816,1,31.64,5.84,,
421312,P,2001-06-14,65620,6,75.24,0.27,,
421313,P,2002-03-17,56046,10,82.54,2.78,,
421314,P,2002-06-19,36371,9,8.32,3.80,,
421315,P,2002-05-01,56620,1,38.33,1.64,,
421316,P,2002-09-04,21856,6,18.95,1.13,,
421317,P,2002-09-16,91453,5,37.65,1.60,,
421318,P,2002-07-17,14998,5,19.28,1.37,,
421319,P,2001-08-07,40438,1,16.94,8.34,,
421320,P,2001-08-31,26742,9,37.31,3.05,,
421321,P,2002-01-08,3235,6,17.30,8.69,,
421322,P,2000-07-07,11216,7,44.33,4.52,,
421323,P,2000-08-22,49994,4,29.68,6.39,,
421324,P,2001-06-01,11203,8,93.38,0.17,,
421325,P,2001-02-24,50988,5,30.41,0.44,,
421326,P,2000-04-23,49809,8,84.30,0.57,,
421327,P,2000-11-24,84722,1,85.09,3.28,,
421328,P,2000-04-26,99101,1,42.80,2.28,,
421329,P,2002-01-25,50522,4,73.54,0.72,,
421330,P,2002-03-10,83664,6,62.43,6.91,,
421331,P,2000-02-23,35818,4,0.38,6.18,,
421332,P,2002-03-21,4905,3,99.03,2.64,,
421333,P,2002-01-05,37898,2,43.54,0.17,,
421334,P,2000-06-22,56158,3,30.04,2.34,,
421335,P,2001-05-26,3191,2,1.77,6.21,,
421336,P,2001-10-16,77225,2,96.91,4.26,,
421337,P,2002-01-18,86057,1,81.18,2.43,,
421338,P,2001-02-28,73255,4,78.44,3.46,,
421339,P,2000-11-28,18069,2,2.00,3.31,,
421340,P,2001-09-04,95413,1,85.52,2.33,,
421341,P,2000-12-31,5725,8,33.09,1.32,,
421342,P,2000-05-06,46084,7,94.90,8.80,,
421343,P,2000-04-05,70706,1,60.39,5.98,,
421344,P,2000-09-12,98347,6,5.29,0.97,,
421345,P,2001-01-07,26745,3,78.15,0.81,,
421346,P,2001-11-13,30852,4,7.60,7.94,,
421347,P,2001-01-20,20356,8,30.81,9.48,,
421348,P,2001-08-06,72207,3,29.94,0.53,,
421349,P,2001-07-03,65457,9,16.36,2.28,,
421350,P,2000-12-16,85636,6,7.78,7.78,,
421351,P,2001-09-16,85707,8,24.77,0.50,,
421352,P,2002-03-29,80824,3,27.90,9.05,,
421353,P,2000-11-29,48202,5,47.77,3.67,,
421354,P,2001-06-26,83268,10,37.47,4.29,,
421355,P,2001-08-16,5445,7,12.55,9.26,,
421356,P,2000-01-07,63402,6,70.59,4.88,,
421357,P,2001-04-05,37401,7,30.26,9.36,,
421358,P,2000-04-28,78199,10,1.81,3.66,,
421359,P,2000-10-15,42371,3,19.38,4.00,,
421360,P,2002-06-23,15166,8,56.04,5.29,,
421361,P,2002-04-21,28009,7,89.83,9.28,,
421362,P,2000-08-30,65917,10,14.53,2.07,,
421363,P,2002-05-19,95492,1,71.70,1.34,,
421364,P,2000-02-20,24844,3,99.31,4.43,,
421365,P,2001-05-04,26844,1,24.65,4.41,,
421366,P,2000-11-26,78474,8,78.71,8.01,,
421367,P,2001-08-29,70874,7,17.27,5.73,,
421368,P,2000-10-20,10502,2,53.63,7.04,,
421369,P,2000-10-02,81175,9,13.59,7.76,,
421370,P,2001-11-30,47269,8,70.07,9.03,,
421371,P,2001-09-01,42201,5,60.45,2.91,,
421372,P,2002-06-02,62611,7,48.67,1.04,,
421373,P,2001-04-12,27407,9,44.71,8.53,,
421374,P,2000-06-30,59786,3,40.37,8.76,,
421375,P,2001-05-18,37127,8,21.07,7.62,,
421376,P,2001-05-15,71949,5,35.29,5.77,,
421377,P,2000-02-05,37887,7,24.69,5.98,,
421378,P,2000-08-08,56055,2,95.24,8.61,,
421379,P,2000-08-28,54695,4,88.46,3.42,,
421380,P,2002-05-23,19968,1,18.24,8.02,,
421381,P,2000-06-24,55779,10,50.40,9.09,,
421382,P,2002-07-09,6034,9,31.35,7.35,,
421383,P,2000-08-08,78359,8,56.95,0.58,,
421384,P,2000-01-09,81770,3,17.51,0.16,,
421385,P,2000-05-13,33266,6,22.55,1.20,,
421386,P,2000-02-18,37506,6,29.88,0.65,,
421387,P,2000-05-25,36528,5,98.92,6.49,,
421388,P,2001-05-03,820,7,61.38,6.85,,
421389,P,2000-06-27,25499,9,87.15,9.15,,
421390,P,2000-11-15,80153,9,92.60,8.02,,
421391,P,2000-03-11,33208,1,65.63,2.74,,
421392,P,2001-06-07,64843,9,49.27,9.70,,
421393,P,2001-08-31,42860,9,67.23,3.53,,
421394,P,2000-01-24,2988,7,79.68,3.32,,
421395,P,2000-10-11,55879,2,15.80,3.83,,
421396,P,2001-02-01,53091,9,32.70,3.40,,
421397,P,2002-05-31,54388,10,38.29,8.75,,
421398,P,2001-12-04,94673,10,73.06,7.20,,
421399,P,2000-03-04,67930,1,86.94,4.61,,
421400,P,2000-03-06,79806,6,33.51,2.38,,
421401,P,2001-08-31,39667,3,49.22,5.05,,
421402,P,2001-08-09,82188,5,26.19,9.58,,
421403,P,2002-04-13,62562,7,29.03,4.82,,
421404,P,2001-02-19,94871,10,33.26,1.63,,
421405,P,2000-03-31,86621,1,28.05,3.98,,
421406,P,2000-01-10,64258,5,56.37,5.18,,
421407,P,2000-03-03,80172,10,19.22,9.48,,
421408,P,2001-12-15,94961,1,74.91,6.10,,
421409,P,2000-04-17,20070,6,45.20,7.70,,
421410,P,2000-12-06,90888,3,12.14,8.32,,
421411,P,2001-04-21,96209,8,0.02,8.73,,
421412,P,2001-05-09,18612,6,89.91,9.26,,
421413,P,2001-09-10,26999,3,33.49,6.69,,
421414,P,2002-07-17,46367,2,3.77,7.18,,
421415,P,2001-05-18,28260,1,24.95,8.89,,
421416,P,2002-02-02,89332,6,39.85,5.48,,
421417,P,2000-04-15,39015,3,8.30,3.51,,
421418,P,2001-07-09,63232,9,28.59,0.59,,
421419,P,2000-07-28,72914,10,28.86,9.87,,
421420,P,2002-05-21,63616,4,46.48,7.09,,
421421,P,2001-02-17,16184,9,25.91,3.26,,
421422,P,2000-01-16,74673,5,48.30,7.61,,
421423,P,2002-08-17,93642,5,83.70,5.89,,
421424,P,2000-08-15,36121,2,25.31,6.53,,
421425,P,2000-11-02,14460,9,76.33,6.49,,
421426,P,2000-12-14,40442,5,84.92,7.38,,
421427,P,2000-01-17,48151,5,51.09,9.16,,
421428,P,2000-12-18,80774,10,62.34,8.81,,
421429,P,2002-01-16,14213,9,82.08,3.71,,
421430,P,2001-03-05,371,1,9.78,8.97,,
421431,P,2002-02-28,13191,1,75.05,2.94,,
421432,P,2000-05-25,25857,6,95.86,1.81,,
421433,P,2001-08-25,21684,10,89.75,1.41,,
421434,P,2000-04-25,72602,3,70.86,7.79,,
421435,P,2000-02-09,96744,2,78.57,9.49,,
421436,P,2001-09-01,78843,4,24.95,2.66,,
421437,P,2001-05-08,23523,7,71.26,7.15,,
421438,P,2000-02-18,5211,1,47.26,0.67,,
421439,P,2002-02-21,75124,6,72.87,0.29,,
421440,P,2002-05-04,67474,1,72.13,7.43,,
421441,P,2000-02-10,14565,7,52.36,5.70,,
421442,P,2002-06-16,31837,1,26.10,3.34,,
421443,P,2001-06-30,90873,6,39.50,7.75,,
421444,P,2000-03-08,41170,4,38.65,0.69,,
421445,P,2001-10-11,16855,7,68.42,8.53,,
421446,P,2000-04-10,78114,7,63.44,4.58,,
421447,P,2000-06-14,12787,2,77.82,9.45,,
421448,P,2000-01-31,98393,1,61.89,6.56,,
421449,P,2002-07-26,67272,5,62.26,1.68,,
421450,P,2001-09-06,86660,10,88.93,1.92,,
421451,P,2000-02-22,9830,9,91.36,9.03,,
421452,P,2001-06-22,85261,10,72.28,3.11,,
421453,P,2001-01-11,68980,2,84.82,5.58,,
421454,P,2000-06-12,63954,5,41.05,4.07,,
421455,P,2002-03-07,6773,2,78.79,9.19,,
421456,P,2001-10-12,26066,1,39.89,1.21,,
421457,P,2001-01-24,54104,7,49.39,8.10,,
421458,P,2002-02-27,21525,3,32.09,8.13,,
421459,P,2001-12-21,97594,2,54.97,3.77,,
421460,P,2001-08-15,3540,8,79.37,2.81,,
421461,P,2000-12-08,19610,10,16.56,4.53,,
421462,P,2002-04-12,637,9,95.21,6.25,,
421463,P,2002-06-09,88772,4,81.01,1.11,,
421464,P,2001-11-09,16170,8,44.55,4.20,,
421465,P,2000-07-13,70331,3,24.45,2.79,,
421466,P,2002-09-19,54932,7,31.03,5.10,,
421467,P,2000-12-18,46663,4,33.34,8.26,,
421468,P,2002-05-26,39194,7,89.97,9.08,,
421469,P,2002-06-16,58,2,54.42,3.24,,
421470,P,2000-03-11,17058,1,31.74,9.92,,
421471,P,2001-11-19,53418,7,64.07,9.27,,
421472,P,2001-02-10,47126,9,86.02,4.67,,
421473,P,2002-06-14,99820,5,52.69,0.10,,
421474,P,2000-11-22,27947,9,53.07,4.27,,
421475,P,2001-01-09,96918,4,40.84,1.81,,
421476,P,2001-11-05,87591,8,83.67,5.19,,
421477,P,2000-02-11,46565,7,53.88,2.88,,
421478,P,2000-11-14,63099,4,82.70,3.96,,
421479,P,2000-09-21,45203,10,69.77,3.31,,
421480,P,2002-07-28,13615,4,39.02,6.84,,
421481,P,2000-10-23,19194,7,54.78,1.39,,
421482,P,2002-01-16,26221,2,99.54,6.82,,
421483,P,2002-05-25,91056,1,10.21,1.53,,
421484,P,2001-11-21,91553,3,25.53,1.89,,
421485,P,2002-04-24,74391,8,66.07,4.93,,
421486,P,2002-04-05,99842,10,95.83,7.83,,
421487,P,2000-03-04,61757,8,47.17,2.09,,
421488,P,2002-08-23,58350,8,97.59,7.93,,
421489,P,2001-01-24,23854,3,49.04,6.21,,
421490,P,2001-04-10,31868,10,80.20,2.90,,
421491,P,2002-07-08,94544,5,17.83,3.88,,
421492,P,2001-12-05,92401,3,79.11,5.61,,
421493,P,2001-05-16,31962,5,8.99,4.10,,
421494,P,2000-09-11,35281,9,6.86,0.74,,
421495,P,2001-12-16,73056,2,42.14,5.41,,
421496,P,2002-01-18,71453,3,49.58,5.77,,
421497,P,2000-02-08,79921,1,84.21,9.83,,
421498,P,2000-11-26,49934,1,74.16,0.38,,
421499,P,2001-07-14,2295,1,11.63,0.50,,
421500,P,2000-06-15,18278,3,9.07,5.43,,
421501,P,2000-10-27,64731,7,50.51,0.85,,
421502,P,2002-03-17,24869,3,84.11,8.44,,
421503,P,2002-05-21,8655,3,31.96,4.80,,
421504,P,2001-03-26,52990,7,12.38,2.01,,
421505,P,2002-04-20,20521,7,31.29,6.91,,
421506,P,2001-10-17,87997,3,28.27,5.45,,
421507,P,2000-04-29,24804,8,72.91,0.38,,
421508,P,2002-04-01,75366,4,1.13,0.11,,
421509,P,2002-09-12,48184,3,37.70,3.23,,
421510,P,2001-05-20,19106,4,6.68,0.90,,
421511,P,2002-07-27,89716,1,74.90,7.14,,
421512,P,2000-02-26,93090,5,15.56,9.12,,
421513,P,2002-05-25,37961,10,85.97,6.54,,
421514,P,2000-07-18,62279,4,81.38,2.35,,
421515,P,2001-01-09,58726,2,92.28,2.26,,
421516,P,2000-04-22,94396,6,79.99,3.03,,
421517,P,2000-06-21,65555,7,65.47,8.33,,
421518,P,2002-05-09,29280,8,98.39,5.00,,
421519,P,2001-07-08,98628,3,79.71,8.26,,
421520,P,2002-04-09,71001,4,84.89,5.74,,
421521,P,2002-07-20,56090,7,81.71,2.80,,
421522,P,2002-07-19,29130,1,57.09,5.81,,
421523,P,2002-06-30,95776,10,40.55,5.62,,
421524,P,2001-12-31,96815,1,20.20,0.25,,
421525,P,2002-09-16,5165,5,32.61,3.27,,
421526,P,2000-08-21,75998,1,57.38,9.86,,
421527,P,2001-08-14,57613,7,46.11,8.90,,
421528,P,2001-11-16,70069,5,74.63,0.56,,
421529,P,2001-02-24,7893,4,96.82,7.80,,
421530,P,2001-06-20,26970,9,20.17,9.66,,
421531,P,2002-01-09,11967,6,67.77,4.26,,
421532,P,2001-01-12,4167,9,48.85,3.06,,
421533,P,2002-07-19,12734,10,16.39,5.56,,
421534,P,2000-10-15,1986,10,20.41,1.83,,
421535,P,2000-04-21,39417,5,24.62,7.94,,
421536,P,2001-01-13,49908,9,71.85,2.68,,
421537,P,2002-06-16,42676,4,89.36,1.59,,
421538,P,2000-07-31,64287,9,69.53,4.64,,
421539,P,2000-02-17,96458,2,77.15,0.89,,
421540,P,2002-03-05,19221,4,77.41,2.45,,
421541,P,2002-07-15,58363,5,13.79,0.48,,
421542,P,2001-10-23,63971,3,95.44,2.14,,
421543,P,2000-10-06,12988,7,85.08,8.55,,
421544,P,2001-02-19,8046,10,3.15,0.91,,
421545,P,2002-02-12,63489,7,56.70,9.79,,
421546,P,2000-09-18,49145,4,89.52,2.52,,
421547,P,2001-11-12,14588,10,32.08,3.05,,
421548,P,2001-08-03,61280,6,29.99,3.88,,
421549,P,2001-02-05,94949,6,75.42,2.94,,
421550,P,2000-04-10,89609,4,13.01,6.53,,
421551,P,2001-07-24,31628,4,76.29,6.98,,
421552,P,2002-06-30,75194,10,52.06,6.14,,
421553,P,2002-04-09,15646,8,70.19,9.53,,
421554,P,2001-05-31,86482,1,13.06,7.63,,
421555,P,2000-09-25,70166,8,0.39,6.67,,
421556,P,2002-08-16,93631,10,6.76,4.47,,
421557,P,2002-05-08,64565,3,17.87,2.61,,
421558,P,2000-12-04,79708,6,3.82,2.07,,
421559,P,2002-03-15,62150,4,40.48,0.43,,
421560,P,2001-06-24,19780,4,94.28,2.50,,
421561,P,2001-11-06,78819,8,34.59,2.69,,
421562,P,2000-12-01,79593,6,23.39,7.41,,
421563,P,2001-04-02,92903,4,85.62,3.19,,
421564,P,2000-03-04,15347,8,79.11,7.83,,
421565,P,2002-06-23,3964,4,28.27,2.98,,
421566,P,2001-10-14,74604,4,31.83,9.41,,
421567,P,2001-05-11,16354,6,66.31,0.79,,
421568,P,2001-03-04,94208,3,91.61,9.15,,
421569,P,2002-05-21,20115,7,40.62,7.93,,
421570,P,2000-10-07,51684,1,24.43,0.53,,
421571,P,2002-06-02,77059,9,5.20,7.35,,
421572,P,2000-10-29,61322,8,59.84,6.19,,
421573,P,2000-06-02,40975,4,22.09,6.43,,
421574,P,2001-06-23,97647,4,16.20,2.46,,
421575,P,2000-10-19,38416,2,41.94,3.60,,
421576,P,2000-08-05,78965,8,55.66,7.14,,
421577,P,2000-06-11,24143,7,39.49,0.87,,
421578,P,2001-11-25,47804,4,59.39,3.00,,
421579,P,2000-11-30,93511,4,13.64,3.05,,
421580,P,2000-09-17,25246,9,53.14,2.62,,
421581,P,2002-06-01,50234,10,50.87,4.35,,
421582,P,2000-10-31,91,4,26.76,0.77,,
421583,P,2002-06-30,67882,7,51.09,1.15,,
421584,P,2000-07-17,13809,8,94.69,3.15,,
421585,P,2001-08-23,54101,2,13.96,0.55,,
421586,P,2002-05-03,5721,4,18.74,6.25,,
421587,P,2001-11-26,20903,2,24.06,4.95,,
421588,P,2001-06-26,94975,6,84.58,0.33,,
421589,P,2000-12-07,34344,1,2.49,7.98,,
421590,P,2001-01-31,72399,2,22.78,6.56,,
421591,P,2002-01-21,36947,5,19.28,7.11,,
421592,P,2002-05-07,43265,2,30.91,5.18,,
421593,P,2000-08-16,12725,1,10.75,7.71,,
421594,P,2002-06-19,75451,1,42.36,4.00,,
421595,P,2000-04-24,20594,8,27.49,0.51,,
421596,P,2002-06-04,60575,4,51.70,1.75,,
421597,P,2001-07-09,74175,10,14.94,3.98,,
421598,P,2002-04-02,28162,6,10.50,4.45,,
421599,P,2000-05-24,65201,4,65.57,6.13,,
421600,P,2000-04-12,90199,4,65.07,9.52,,
421601,P,2001-06-08,15641,1,37.41,3.34,,
421602,P,2001-08-03,36386,6,55.44,3.91,,
421603,P,2002-08-29,58501,7,10.51,4.18,,
421604,P,2000-04-12,3060,1,56.27,7.32,,
421605,P,2001-03-01,57865,7,87.46,5.81,,
421606,P,2000-01-19,7038,7,79.25,1.33,,
421607,P,2000-12-17,70355,2,37.15,7.81,,
421608,P,2002-06-28,70419,4,47.13,3.79,,
421609,P,2002-08-06,87778,1,56.53,3.70,,
421610,P,2001-09-22,29985,3,5.82,5.35,,
421611,P,2002-06-16,79257,6,88.72,5.10,,
421612,P,2002-08-20,24998,4,75.31,6.48,,
421613,P,2000-11-30,240,7,36.17,1.58,,
421614,P,2000-11-26,78715,2,18.39,4.44,,
421615,P,2001-08-12,50883,3,57.15,6.22,,
421616,P,2000-06-03,17607,4,31.05,8.23,,
421617,P,2002-06-03,52408,8,40.49,2.36,,
421618,P,2001-01-13,91504,8,23.19,7.20,,
421619,P,2001-01-24,20388,8,28.63,6.41,,
421620,P,2000-06-25,69417,4,91.68,2.80,,
421621,P,2002-01-19,67168,9,44.54,4.60,,
421622,P,2001-02-13,89272,9,31.03,8.02,,
421623,P,2000-04-16,22005,9,44.16,7.25,,
421624,P,2002-01-02,90045,3,44.89,4.03,,
421625,P,2000-10-03,89038,9,73.44,7.64,,
421626,P,2000-07-30,17177,3,84.29,0.74,,
421627,P,2001-09-11,90706,7,64.10,2.34,,
421628,P,2001-02-15,6678,8,99.83,2.98,,
421629,P,2000-09-06,72080,8,91.84,5.46,,
421630,P,2000-07-27,62266,2,88.42,7.62,,
421631,P,2001-02-16,15407,6,86.93,3.66,,
421632,P,2001-11-19,76725,1,5.41,2.45,,
421633,P,2000-07-22,69692,10,40.36,7.23,,
421634,P,2001-07-17,37478,7,53.66,5.41,,
421635,P,2000-04-21,72451,4,54.40,8.20,,
421636,P,2000-10-14,95970,2,93.73,8.51,,
421637,P,2000-12-10,6056,6,79.03,1.59,,
421638,P,2002-05-06,95868,4,36.19,6.09,,
421639,P,2002-02-26,4405,5,73.67,8.66,,
421640,P,2001-08-04,82007,3,15.33,4.98,,
421641,P,2002-05-04,3792,10,57.62,6.34,,
421642,P,2001-08-12,77756,8,9.24,9.05,,
421643,P,2002-07-05,25520,5,46.13,7.87,,
421644,P,2000-07-19,87240,5,66.93,6.52,,
421645,P,2001-09-14,23106,10,35.83,6.83,,
421646,P,2002-04-05,9856,2,43.68,4.70,,
421647,P,2000-11-16,37299,7,16.38,6.97,,
421648,P,2001-04-15,48546,10,94.91,9.21,,
421649,P,2001-04-23,2881,3,77.14,4.62,,
421650,P,2000-07-29,95795,10,64.95,2.21,,
421651,P,2000-03-08,75285,7,70.34,8.04,,
421652,P,2001-04-07,15252,1,24.36,6.20,,
421653,P,2001-07-18,53206,4,72.46,8.22,,
421654,P,2001-11-09,82749,10,51.36,8.20,,
421655,P,2002-05-11,26968,1,45.81,5.36,,
421656,P,2001-09-16,75141,7,16.49,1.59,,
421657,P,2000-12-09,48283,7,49.93,5.41,,
421658,P,2001-02-06,59956,1,3.10,1.02,,
421659,P,2001-07-21,18552,8,66.06,7.73,,
421660,P,2000-10-29,43350,5,54.28,8.36,,
421661,P,2000-06-06,61597,5,6.57,0.72,,
421662,P,2001-03-09,44434,4,20.05,7.74,,
421663,P,2001-06-21,72459,6,99.74,4.06,,
421664,P,2001-03-05,81083,3,47.64,9.65,,
421665,P,2000-02-09,18620,8,46.41,2.26,,
421666,P,2001-01-27,96757,4,1.15,8.63,,
421667,P,2002-06-12,24290,7,44.50,4.81,,
421668,P,2001-08-11,11758,8,12.77,3.05,,
421669,P,2001-08-19,80607,9,28.21,3.96,,
421670,P,2001-04-22,14683,7,64.57,8.15,,
421671,P,2002-02-09,73589,4,66.31,3.49,,
421672,P,2002-02-16,32551,3,37.95,2.30,,
421673,P,2001-09-05,62101,7,20.79,0.37,,
421674,P,2002-04-26,93080,7,68.12,6.82,,
421675,P,2000-06-15,34968,1,90.01,4.10,,
421676,P,2001-09-06,93127,3,6.44,5.48,,
421677,P,2001-08-15,18212,10,58.89,9.80,,
421678,P,2001-04-27,64312,9,60.88,2.33,,
421679,P,2000-11-19,36596,10,36.77,4.34,,
421680,P,2001-12-30,73287,3,45.16,2.30,,
421681,P,2002-04-17,42059,8,61.90,2.35,,
421682,P,2000-09-27,61241,3,45.64,7.39,,
421683,P,2001-11-08,25572,5,70.44,1.86,,
421684,P,2000-03-09,91155,5,81.31,6.39,,
421685,P,2001-12-05,41270,7,17.84,4.29,,
421686,P,2000-04-14,53141,6,31.20,9.90,,
421687,P,2000-03-31,39953,2,93.13,3.87,,
421688,P,2000-01-31,59395,5,98.63,7.90,,
421689,P,2001-06-21,53337,9,34.00,0.15,,
421690,P,2001-09-24,27213,8,63.11,3.19,,
421691,P,2001-08-07,25221,9,35.98,8.97,,
421692,P,2000-11-21,31451,10,72.17,6.39,,
421693,P,2002-06-02,98432,3,10.23,5.50,,
421694,P,2002-06-10,98552,3,35.85,3.15,,
421695,P,2002-09-23,3819,3,9.79,8.09,,
421696,P,2002-07-20,38939,5,42.36,8.32,,
421697,P,2000-10-16,35063,8,26.98,6.20,,
421698,P,2001-11-18,2900,8,85.95,7.93,,
421699,P,2000-11-27,39758,9,94.74,5.03,,
421700,P,2001-06-05,59667,4,46.42,2.78,,
421701,P,2002-05-04,19163,4,86.85,9.79,,
421702,P,2002-09-14,70617,6,78.90,9.36,,
421703,P,2000-02-05,65471,1,9.78,5.60,,
421704,P,2000-09-11,77454,1,82.15,9.13,,
421705,P,2000-06-06,83049,9,67.59,4.01,,
421706,P,2001-11-17,37910,10,73.92,7.47,,
421707,P,2001-05-22,88226,1,82.84,7.66,,
421708,P,2001-04-06,77267,1,66.86,9.96,,
421709,P,2002-05-04,72866,6,71.38,4.01,,
421710,P,2001-02-02,86577,7,46.59,2.96,,
421711,P,2002-06-24,23979,7,24.97,9.95,,
421712,P,2002-07-15,79360,9,54.73,4.52,,
421713,P,2000-09-05,69821,8,88.12,1.23,,
421714,P,2001-10-18,10052,6,97.85,6.74,,
421715,P,2001-10-24,70490,6,15.80,6.42,,
421716,P,2001-03-09,77246,7,91.24,1.45,,
421717,P,2000-05-19,11930,5,78.35,2.88,,
421718,P,2002-07-15,41912,1,6.40,1.88,,
421719,P,2000-08-23,25037,1,34.82,0.26,,
421720,P,2002-07-19,85919,9,21.19,1.79,,
421721,P,2001-06-26,92626,10,85.79,2.29,,
421722,P,2001-07-07,76518,4,35.02,5.48,,
421723,P,2002-05-24,10653,1,69.95,7.24,,
421724,P,2000-06-28,71837,10,7.89,2.95,,
421725,P,2000-05-03,32398,4,25.28,4.41,,
421726,P,2000-09-25,9925,9,3.90,5.37,,
421727,P,2001-08-12,73691,2,91.13,7.94,,
421728,P,2001-02-11,49173,6,91.01,8.82,,
421729,P,2000-02-02,89550,3,23.80,3.16,,
421730,P,2000-01-14,20447,7,51.47,7.43,,
421731,P,2002-04-17,30976,6,99.59,7.02,,
421732,P,2000-01-30,61619,9,33.57,9.39,,
421733,P,2000-04-18,43150,9,83.23,3.71,,
421734,P,2000-08-21,34908,3,72.90,4.35,,
421735,P,2002-04-21,83753,5,77.37,1.07,,
421736,P,2001-03-31,38958,2,29.27,1.28,,
421737,P,2000-05-16,47272,1,64.13,8.70,,
421738,P,2001-11-11,37850,5,21.41,3.35,,
421739,P,2001-02-07,87067,5,32.53,3.74,,
421740,P,2001-10-23,92785,2,86.29,9.35,,
421741,P,2002-07-31,82725,7,84.09,1.89,,
421742,P,2002-01-01,44100,2,21.95,0.38,,
421743,P,2002-05-09,37341,1,56.05,0.62,,
421744,P,2001-11-08,21945,6,61.40,6.12,,
421745,P,2002-01-11,91128,2,47.06,1.87,,
421746,P,2001-12-18,91775,4,40.66,8.94,,
421747,P,2001-06-27,89435,7,73.11,0.93,,
421748,P,2000-12-26,60315,8,15.47,8.00,,
421749,P,2000-09-26,91992,3,54.69,2.71,,
421750,P,2000-11-22,83032,8,5.23,2.24,,
421751,P,2001-12-12,61793,7,81.50,0.77,,
421752,P,2001-01-25,14626,5,66.97,8.41,,
421753,P,2000-01-07,96599,4,63.27,8.14,,
421754,P,2000-01-27,62773,9,15.21,7.61,,
421755,P,2000-03-28,93284,3,74.76,0.67,,
421756,P,2000-03-14,70462,3,61.60,5.69,,
421757,P,2002-05-17,52455,5,2.07,3.15,,
421758,P,2002-05-22,12822,9,66.18,4.73,,
421759,P,2001-06-21,29418,10,35.19,0.46,,
421760,P,2002-01-16,13461,5,37.53,3.03,,
421761,P,2002-06-30,81908,3,73.62,7.64,,
421762,P,2000-01-13,58879,10,98.30,5.00,,
421763,P,2001-08-08,32530,8,87.43,6.49,,
421764,P,2000-05-07,49329,7,37.19,5.31,,
421765,P,2000-07-13,60224,9,64.13,4.99,,
421766,P,2001-01-16,25349,7,38.34,3.84,,
421767,P,2000-06-21,40275,5,67.00,1.54,,
421768,P,2001-05-22,83753,10,7.43,7.56,,
421769,P,2002-03-07,59695,10,42.49,2.81,,
421770,P,2001-10-04,35768,8,26.18,3.91,,
421771,P,2000-07-18,72380,9,78.09,6.69,,
421772,P,2001-02-03,94929,1,35.44,0.43,,
421773,P,2000-08-31,39905,6,32.92,8.11,,
421774,P,2001-10-05,47516,4,69.89,8.25,,
421775,P,2001-02-13,33908,4,6.54,7.88,,
421776,P,2001-07-27,40176,3,85.21,7.83,,
421777,P,2002-02-06,24620,2,32.65,6.48,,
421778,P,2001-02-28,64146,10,76.55,1.26,,
421779,P,2001-01-23,42338,8,11.43,4.08,,
421780,P,2001-04-07,92769,8,47.83,0.92,,
421781,P,2002-08-13,20002,2,42.55,8.91,,
421782,P,2000-10-08,45920,9,14.64,5.05,,
421783,P,2000-07-22,80410,7,70.39,1.09,,
421784,P,2000-03-05,7455,7,68.86,1.41,,
421785,P,2000-10-25,3459,5,37.94,0.65,,
421786,P,2000-08-19,26383,4,1.63,0.93,,
421787,P,2000-10-23,29902,4,40.02,2.15,,
421788,P,2000-10-11,99607,9,26.10,0.70,,
421789,P,2002-08-25,74228,9,78.07,3.01,,
421790,P,2000-04-25,80277,1,10.25,9.92,,
421791,P,2000-09-01,16944,10,37.30,2.98,,
421792,P,2001-04-24,14323,8,45.68,3.99,,
421793,P,2002-04-23,9995,9,64.24,8.41,,
421794,P,2000-04-25,18849,10,74.82,3.60,,
421795,P,2000-05-31,84610,7,2.24,8.33,,
421796,P,2001-10-28,80679,1,65.37,4.88,,
421797,P,2000-03-29,36364,4,77.20,8.32,,
421798,P,2002-03-01,13598,6,14.36,4.75,,
421799,P,2001-04-13,70284,8,95.79,6.21,,
421800,P,2001-10-09,38662,3,41.47,8.75,,
421801,P,2001-01-09,55326,6,47.71,8.01,,
421802,P,2002-07-14,89529,2,65.82,6.02,,
421803,P,2001-04-03,99606,9,37.08,7.92,,
421804,P,2001-06-06,95518,5,6.64,6.00,,
421805,P,2001-12-20,90062,9,61.00,7.21,,
421806,P,2000-01-01,11185,7,58.39,1.38,,
421807,P,2001-11-29,78478,3,78.79,6.76,,
421808,P,2000-01-14,83601,2,64.88,4.84,,
421809,P,2001-03-27,42186,1,57.39,5.13,,
421810,P,2001-07-18,60967,5,41.56,6.56,,
421811,P,2001-02-27,7690,7,36.84,4.50,,
421812,P,2000-12-20,90126,4,90.32,6.98,,
421813,P,2001-03-26,89157,6,60.23,6.14,,
421814,P,2000-01-28,36365,9,53.51,8.08,,
421815,P,2001-04-13,74204,1,69.05,1.84,,
421816,P,2001-06-13,94382,8,98.82,7.02,,
421817,P,2000-06-30,60124,10,99.52,3.52,,
421818,P,2001-02-27,12449,6,93.97,8.95,,
421819,P,2000-05-25,16306,7,0.01,6.35,,
421820,P,2002-08-20,1704,4,43.68,3.94,,
421821,P,2001-01-17,62664,10,23.28,2.62,,
421822,P,2000-04-13,19081,7,41.33,7.97,,
421823,P,2001-04-23,97023,10,44.97,6.60,,
421824,P,2002-01-28,83934,8,49.82,9.75,,
421825,P,2002-07-04,38208,5,53.86,9.78,,
421826,P,2001-07-05,85218,2,76.30,2.96,,
421827,P,2002-03-10,74608,10,68.20,9.31,,
421828,P,2001-12-22,79516,2,28.61,3.92,,
421829,P,2000-03-17,88923,10,75.52,1.33,,
421830,P,2000-06-27,57995,7,46.26,5.21,,
421831,P,2001-09-18,54375,10,39.72,2.46,,
421832,P,2001-09-02,11730,8,84.04,3.12,,
421833,P,2001-09-16,61127,1,61.97,2.41,,
421834,P,2000-06-30,51823,2,5.77,4.12,,
421835,P,2001-06-13,53679,5,54.22,1.80,,
421836,P,2001-03-31,1770,2,52.43,2.46,,
421837,P,2000-08-30,89357,2,41.30,8.83,,
421838,P,2000-11-13,59389,8,38.83,1.39,,
421839,P,2001-06-24,84537,10,9.43,6.84,,
421840,P,2000-09-21,13827,7,54.00,3.38,,
421841,P,2000-12-03,15505,10,53.21,7.86,,
421842,P,2001-04-11,31963,9,50.12,3.86,,
421843,P,2001-05-27,24747,4,28.98,2.87,,
421844,P,2000-01-30,35001,2,88.80,2.89,,
421845,P,2002-06-14,31923,3,64.71,6.69,,
421846,P,2002-01-28,92172,9,50.26,5.75,,
421847,P,2002-04-09,67652,4,64.95,8.85,,
421848,P,2002-01-15,33675,6,11.28,8.69,,
421849,P,2001-09-17,49529,4,9.93,3.27,,
421850,P,2002-06-29,2286,10,78.36,5.80,,
421851,P,2002-07-20,46261,6,10.85,6.46,,
421852,P,2000-01-03,83153,5,60.95,2.71,,
421853,P,2002-03-21,44382,8,67.07,2.08,,
421854,P,2000-06-18,87618,9,76.73,9.73,,
421855,P,2000-03-12,6775,8,26.62,0.24,,
421856,P,2002-03-07,43519,8,95.47,1.45,,
421857,P,2000-06-14,51921,9,48.74,8.82,,
421858,P,2001-11-23,93955,3,78.76,4.57,,
421859,P,2000-05-21,79397,3,8.41,2.57,,
421860,P,2001-05-20,36949,8,70.10,2.88,,
421861,P,2001-01-19,47420,1,7.15,1.36,,
421862,P,2000-04-02,86501,3,38.34,1.20,,
421863,P,2001-03-06,48097,5,92.95,6.21,,
421864,P,2001-03-26,26120,10,84.89,6.41,,
421865,P,2001-11-24,67794,10,50.89,2.85,,
421866,P,2001-07-24,9823,6,72.39,3.69,,
421867,P,2001-09-23,52416,9,44.75,9.05,,
421868,P,2002-07-25,7050,6,43.81,5.37,,
421869,P,2000-05-03,63048,2,79.32,1.87,,
421870,P,2002-09-16,75606,10,93.65,0.21,,
421871,P,2001-01-28,6390,3,28.60,3.02,,
421872,P,2002-09-27,46723,5,70.13,0.83,,
421873,P,2000-01-14,48763,10,59.53,3.71,,
421874,P,2002-02-12,60071,7,99.83,7.75,,
421875,P,2001-11-25,86652,8,67.05,5.06,,
421876,P,2001-02-26,56262,2,8.91,2.56,,
421877,P,2001-03-27,16483,3,54.01,0.45,,
421878,P,2002-07-25,8744,5,5.29,4.48,,
421879,P,2001-11-24,39962,9,61.02,5.65,,
421880,P,2000-05-10,23474,10,83.98,4.62,,
421881,P,2002-06-06,33313,1,36.40,7.60,,
421882,P,2002-08-08,10338,6,76.83,1.76,,
421883,P,2000-12-16,38675,10,82.72,3.53,,
421884,P,2000-07-06,85914,8,74.97,9.52,,
421885,P,2001-09-21,78619,4,80.84,9.64,,
421886,P,2001-05-06,31864,4,10.77,0.35,,
421887,P,2000-12-22,49897,4,48.79,3.58,,
421888,P,2000-03-07,40692,10,81.90,3.10,,
421889,P,2002-04-13,81687,1,20.05,4.41,,
421890,P,2000-03-10,86536,1,13.91,4.17,,
421891,P,2002-04-10,20992,9,12.30,0.52,,
421892,P,2002-07-24,62631,10,4.94,6.61,,
421893,P,2000-05-08,11634,5,79.53,2.94,,
421894,P,2000-07-28,42376,2,63.23,9.89,,
421895,P,2001-03-03,73398,8,96.82,4.72,,
421896,P,2001-04-15,61432,2,78.00,6.20,,
421897,P,2002-08-18,8188,9,22.15,7.20,,
421898,P,2001-01-09,51339,5,95.32,2.29,,
421899,P,2000-05-11,55824,8,38.12,0.47,,
421900,P,2001-10-21,53263,6,86.04,9.34,,
421901,P,2000-04-24,48686,2,61.64,5.28,,
421902,P,2000-07-26,63254,7,33.02,8.00,,
421903,P,2001-02-27,3475,7,77.18,7.97,,
421904,P,2000-07-31,12220,3,0.21,8.22,,
421905,P,2001-04-28,44870,6,55.26,5.98,,
421906,P,2000-12-06,31960,7,96.06,7.05,,
421907,P,2000-11-24,11647,9,63.21,9.32,,
421908,P,2001-04-03,44670,6,0.19,4.79,,
421909,P,2001-11-20,79372,2,17.24,4.59,,
421910,P,2000-06-18,46144,4,49.70,7.68,,
421911,P,2002-09-25,90199,9,19.54,5.73,,
421912,P,2001-05-03,57603,3,87.35,5.81,,
421913,P,2002-06-25,84884,6,99.55,3.01,,
421914,P,2000-04-05,14876,3,49.57,3.85,,
421915,P,2002-05-14,5320,7,73.41,0.09,,
421916,P,2001-11-11,64241,5,28.16,9.74,,
421917,P,2000-02-15,51439,9,44.24,7.69,,
421918,P,2001-01-21,19096,6,2.95,0.08,,
421919,P,2001-05-23,32087,8,83.46,8.83,,
421920,P,2000-11-23,48257,8,18.97,4.02,,
421921,P,2000-03-24,54476,7,80.65,5.39,,
421922,P,2000-10-15,22636,6,20.99,6.54,,
421923,P,2002-07-29,30038,1,18.22,0.10,,
421924,P,2000-04-14,63339,1,95.71,0.36,,
421925,P,2001-04-24,72818,7,59.30,6.15,,
421926,P,2000-11-11,49840,3,86.12,6.05,,
421927,P,2001-05-01,61741,4,63.95,7.86,,
421928,P,2000-05-01,30354,1,62.62,2.18,,
421929,P,2000-10-20,16863,3,60.49,9.31,,
421930,P,2001-03-23,61803,3,35.83,1.76,,
421931,P,2000-12-23,71499,6,33.97,8.75,,
421932,P,2001-03-27,44316,10,66.52,7.18,,
421933,P,2001-12-26,61342,9,36.41,6.11,,
421934,P,2000-01-23,71381,10,5.08,7.19,,
421935,P,2000-12-15,24095,7,83.68,3.94,,
421936,P,2002-02-23,31124,7,52.68,4.79,,
421937,P,2001-08-27,43553,10,0.09,7.12,,
421938,P,2001-01-08,53904,3,49.93,3.43,,
421939,P,2000-10-21,95711,3,21.80,6.02,,
421940,P,2002-06-08,75218,1,96.92,4.40,,
421941,P,2001-11-12,46634,6,24.73,1.35,,
421942,P,2001-07-02,87182,6,91.30,1.60,,
421943,P,2001-03-01,53842,3,45.68,0.60,,
421944,P,2002-09-12,37996,4,51.31,8.15,,
421945,P,2000-09-07,36077,6,15.41,5.31,,
421946,P,2000-03-22,8491,4,92.19,2.28,,
421947,P,2001-09-24,91768,5,77.39,5.16,,
421948,P,2000-10-17,58814,8,15.04,0.96,,
421949,P,2000-05-16,1246,1,87.81,5.43,,
421950,P,2002-06-27,53515,5,96.89,3.58,,
421951,P,2000-01-23,76657,3,60.16,6.15,,
421952,P,2000-06-19,4534,9,2.04,6.86,,
421953,P,2000-07-26,40719,4,10.85,7.62,,
421954,P,2000-10-21,92002,4,47.06,5.00,,
421955,P,2000-01-27,19719,10,71.88,9.95,,
421956,P,2001-09-08,42919,3,26.16,7.20,,
421957,P,2001-10-11,87260,10,70.58,2.77,,
421958,P,2001-10-29,26205,9,32.95,5.13,,
421959,P,2002-07-02,80145,10,93.75,4.56,,
421960,P,2001-06-17,50646,10,39.66,9.14,,
421961,P,2001-05-13,48496,6,98.27,7.66,,
421962,P,2002-03-12,80039,6,92.85,2.35,,
421963,P,2001-02-15,7385,8,69.07,4.77,,
421964,P,2002-04-22,65934,5,3.74,6.32,,
421965,P,2001-10-17,39596,3,96.04,9.36,,
421966,P,2001-01-15,98811,1,54.55,9.47,,
421967,P,2001-11-16,93476,1,79.26,5.67,,
421968,P,2001-11-16,30177,3,49.21,1.02,,
421969,P,2001-03-28,51159,7,74.51,4.64,,
421970,P,2002-01-25,42609,7,73.26,5.00,,
421971,P,2001-12-11,61521,3,94.72,9.44,,
421972,P,2001-01-22,51488,10,27.82,3.84,,
421973,P,2001-10-29,29410,3,93.82,1.18,,
421974,P,2001-11-12,77282,5,55.62,7.27,,
421975,P,2002-06-06,27168,7,40.23,2.37,,
421976,P,2001-05-26,59532,7,48.56,6.54,,
421977,P,2002-07-22,55927,2,22.23,5.90,,
421978,P,2000-08-12,55844,10,33.00,7.19,,
421979,P,2000-02-01,13670,5,85.65,1.85,,
421980,P,2002-04-06,14911,7,33.38,7.59,,
421981,P,2002-09-06,39641,8,5.39,0.73,,
421982,P,2001-04-04,82607,5,18.44,6.00,,
421983,P,2002-05-16,71879,3,28.57,8.08,,
421984,P,2002-07-08,69760,8,27.94,9.93,,
421985,P,2001-05-18,88692,2,17.11,1.62,,
421986,P,2001-03-06,38718,3,80.54,5.26,,
421987,P,2001-05-19,38910,4,6.15,1.59,,
421988,P,2000-06-29,62714,3,38.87,3.90,,
421989,P,2000-07-18,61793,1,26.98,4.85,,
421990,P,2001-12-04,63668,6,1.91,9.83,,
421991,P,2001-03-16,85066,5,38.64,1.98,,
421992,P,2002-04-28,26301,9,54.33,4.24,,
421993,P,2000-04-17,58977,7,56.56,0.20,,
421994,P,2000-05-27,24576,9,78.70,5.78,,
421995,P,2000-03-25,27713,9,58.53,0.14,,
421996,P,2002-02-25,86364,3,41.86,6.13,,
421997,P,2000-04-08,4478,8,72.84,3.61,,
421998,P,2000-08-10,11640,7,12.19,6.03,,
421999,P,2000-04-10,85376,7,9.95,3.99,,
422000,P,2000-09-24,63137,8,63.72,8.81,,
422001,P,2002-08-29,96754,2,39.48,8.24,,
422002,P,2002-02-08,65326,5,37.70,9.62,,
422003,P,2001-10-14,42647,5,44.42,9.96,,
422004,P,2001-12-21,92452,6,8.40,1.36,,
422005,P,2002-07-05,80452,3,81.85,9.53,,
422006,P,2002-06-03,21495,10,24.37,4.31,,
422007,P,2000-12-29,6965,10,25.86,1.05,,
422008,P,2000-03-31,30640,8,29.38,1.30,,
422009,P,2002-03-15,50080,2,0.51,0.29,,
422010,P,2002-04-26,11977,9,33.42,3.34,,
422011,P,2002-08-30,20840,6,95.26,4.34,,
422012,P,2002-06-23,54065,8,50.76,8.66,,
422013,P,2001-06-16,70402,6,86.33,7.10,,
422014,P,2001-02-28,20765,8,98.35,4.40,,
422015,P,2002-02-17,47161,9,71.78,8.88,,
422016,P,2000-02-01,33900,6,10.34,0.60,,
422017,P,2000-03-18,61505,4,41.44,8.18,,
422018,P,2002-01-06,79251,9,78.84,6.23,,
422019,P,2002-08-14,32788,9,50.00,5.64,,
422020,P,2001-11-14,95584,9,69.88,1.13,,
422021,P,2002-08-19,59722,2,44.29,8.51,,
422022,P,2002-02-22,13563,9,79.79,0.81,,
422023,P,2001-07-16,73148,3,15.82,2.08,,
422024,P,2002-05-28,81796,1,28.57,8.72,,
422025,P,2000-11-21,501,5,89.75,4.42,,
422026,P,2002-05-21,25766,6,40.78,8.45,,
422027,P,2001-05-10,45856,2,19.15,2.60,,
422028,P,2000-03-03,87179,2,0.96,2.95,,
422029,P,2002-08-19,47868,7,92.32,0.98,,
422030,P,2002-06-07,77480,8,72.52,2.65,,
422031,P,2002-01-04,67292,8,1.74,9.00,,
422032,P,2002-08-27,37767,2,23.41,5.94,,
422033,P,2001-02-09,66649,5,80.80,6.76,,
422034,P,2000-04-18,36570,1,34.33,3.00,,
422035,P,2000-11-19,99139,9,38.55,2.63,,
422036,P,2002-03-17,18125,4,42.27,6.45,,
422037,P,2001-01-12,44482,4,75.96,1.63,,
422038,P,2001-10-11,8843,2,76.98,9.99,,
422039,P,2002-01-29,83387,4,87.56,1.86,,
422040,P,2002-07-28,68003,9,49.60,8.24,,
422041,P,2000-08-29,82520,5,67.25,9.42,,
422042,P,2002-06-29,48894,9,98.11,7.77,,
422043,P,2001-05-21,33776,10,78.72,9.62,,
422044,P,2001-06-13,25715,10,26.73,6.63,,
422045,P,2000-08-20,98058,9,90.69,4.69,,
422046,P,2000-11-29,4560,8,52.33,4.80,,
422047,P,2000-01-26,23751,8,19.31,2.26,,
422048,P,2001-02-22,53376,4,23.51,8.68,,
422049,P,2001-03-29,91141,5,25.90,7.17,,
422050,P,2001-02-05,31961,1,39.95,5.39,,
422051,P,2000-05-08,67341,2,62.32,6.59,,
422052,P,2000-03-16,85864,3,87.07,2.19,,
422053,P,2000-06-10,46526,8,65.14,9.87,,
422054,P,2001-12-21,60766,2,88.97,9.89,,
422055,P,2001-05-02,19913,10,36.55,9.04,,
422056,P,2001-05-12,5357,5,52.85,3.41,,
422057,P,2001-03-17,74353,10,54.80,3.88,,
422058,P,2002-03-15,43863,1,95.51,8.36,,
422059,P,2001-10-14,9751,7,38.04,7.01,,
422060,P,2000-02-20,59013,8,1.95,6.98,,
422061,P,2001-06-27,59824,6,27.30,3.54,,
422062,P,2000-12-17,58860,4,73.93,2.88,,
422063,P,2001-04-29,86682,10,74.90,3.70,,
422064,P,2002-05-18,4120,7,56.45,3.72,,
422065,P,2001-08-03,30716,1,39.97,9.60,,
422066,P,2002-07-03,65378,10,70.84,7.33,,
422067,P,2001-06-26,51558,10,24.78,7.11,,
422068,P,2002-05-25,25625,2,90.93,4.84,,
422069,P,2001-03-15,43865,4,12.64,0.43,,
422070,P,2001-06-29,85693,1,74.11,9.42,,
422071,P,2000-02-16,51468,6,85.71,8.37,,
422072,P,2000-08-21,35392,8,21.16,2.16,,
422073,P,2001-09-23,68582,5,10.57,1.03,,
422074,P,2001-05-31,65895,1,91.84,1.96,,
422075,P,2001-03-18,69383,3,45.17,5.80,,
422076,P,2000-10-20,21460,9,53.29,7.41,,
422077,P,2000-08-28,36794,10,80.03,9.50,,
422078,P,2002-03-21,85960,7,70.33,4.90,,
422079,P,2001-09-16,30011,7,75.62,8.09,,
422080,P,2001-01-21,45452,4,93.22,0.51,,
422081,P,2002-05-15,17430,8,86.69,9.99,,
422082,P,2000-01-07,92913,10,96.02,2.95,,
422083,P,2000-08-08,36249,10,14.40,3.72,,
422084,P,2001-06-10,39986,8,54.12,2.69,,
422085,P,2001-07-12,62155,1,6.70,7.28,,
422086,P,2002-01-03,21041,9,15.92,4.24,,
422087,P,2000-08-23,61251,5,7.53,8.80,,
422088,P,2002-03-01,91696,3,24.70,0.69,,
422089,P,2001-07-19,91366,7,48.69,3.50,,
422090,P,2001-11-27,77579,10,69.19,4.03,,
422091,P,2002-02-01,51325,10,10.22,8.37,,
422092,P,2000-11-27,20532,7,69.85,5.36,,
422093,P,2000-02-07,51174,6,43.87,5.87,,
422094,P,2001-12-23,16186,7,68.51,9.87,,
422095,P,2000-07-18,54916,7,74.49,6.01,,
422096,P,2002-08-19,49377,6,21.02,1.68,,
422097,P,2001-12-16,26851,2,0.15,3.70,,
422098,P,2002-01-13,22019,8,94.70,4.28,,
422099,P,2000-07-17,66854,9,89.12,9.38,,
422100,P,2002-08-14,61711,10,7.99,1.17,,
422101,P,2002-05-17,10275,8,19.56,1.39,,
422102,P,2001-02-08,74692,2,12.49,3.31,,
422103,P,2000-12-19,50863,6,13.73,0.84,,
422104,P,2000-01-26,77404,6,7.17,0.57,,
422105,P,2000-11-16,49039,4,85.64,7.73,,
422106,P,2001-12-19,724,2,18.40,0.28,,
422107,P,2002-07-18,55293,6,72.30,2.87,,
422108,P,2000-01-26,49977,4,33.35,1.13,,
422109,P,2000-03-06,2793,10,6.46,8.50,,
422110,P,2002-07-30,11907,9,24.00,3.30,,
422111,P,2002-07-26,74055,5,56.22,4.35,,
422112,P,2002-03-29,83294,4,88.97,8.86,,
422113,P,2002-02-22,83383,10,54.64,8.39,,
422114,P,2001-11-26,67075,6,46.35,5.07,,
422115,P,2002-06-30,95953,1,24.57,8.37,,
422116,P,2002-06-11,79925,10,75.98,0.32,,
422117,P,2000-09-30,35876,5,62.06,2.58,,
422118,P,2000-05-09,8748,4,61.09,3.13,,
422119,P,2001-03-04,73770,6,93.88,4.57,,
422120,P,2000-12-15,46775,4,66.75,0.12,,
422121,P,2002-07-28,41015,10,75.56,8.11,,
422122,P,2000-10-06,61782,4,14.73,8.41,,
422123,P,2000-10-18,11578,8,69.83,3.24,,
422124,P,2002-04-17,41463,5,55.70,1.89,,
422125,P,2001-09-07,81731,2,85.67,2.10,,
422126,P,2001-06-29,9996,2,25.34,3.27,,
422127,P,2002-06-11,76557,10,89.32,3.80,,
422128,P,2000-09-24,45541,7,73.78,5.11,,
422129,P,2001-04-19,61403,5,94.49,4.97,,
422130,P,2000-08-29,26557,2,19.68,4.10,,
422131,P,2001-04-29,35378,7,9.59,7.87,,
422132,P,2000-05-16,24019,10,17.46,4.60,,
422133,P,2001-03-08,31385,10,30.48,5.60,,
422134,P,2001-09-17,39757,1,68.33,6.20,,
422135,P,2001-10-24,1048,9,10.46,8.00,,
422136,P,2000-03-10,88275,7,56.06,4.37,,
422137,P,2001-12-16,83507,3,22.80,0.06,,
422138,P,2000-12-09,65691,5,95.69,1.84,,
422139,P,2002-09-19,18044,10,93.37,5.98,,
422140,P,2000-11-06,68000,5,95.51,4.19,,
422141,P,2000-03-23,28640,9,73.56,6.37,,
422142,P,2001-11-29,79634,7,96.85,0.30,,
422143,P,2001-07-28,11644,9,29.00,3.21,,
422144,P,2002-01-26,19515,9,71.10,0.32,,
422145,P,2001-08-29,47680,2,55.83,0.30,,
422146,P,2001-03-12,6906,3,65.02,3.70,,
422147,P,2000-10-13,21501,5,34.92,5.37,,
422148,P,2002-09-12,42760,9,0.58,0.97,,
422149,P,2001-12-02,32507,8,76.56,8.57,,
422150,P,2000-02-09,18548,4,13.58,6.14,,
422151,P,2001-01-20,53858,1,67.28,7.08,,
422152,P,2000-08-17,68763,7,42.56,0.15,,
422153,P,2001-08-20,17224,4,92.83,4.96,,
422154,P,2002-08-16,7128,5,69.38,9.60,,
422155,P,2000-10-26,77274,6,31.98,9.33,,
422156,P,2000-06-04,90706,1,6.22,2.48,,
422157,P,2001-09-14,44450,7,54.92,1.29,,
422158,P,2001-09-10,17653,4,0.41,5.51,,
422159,P,2001-04-13,30561,7,31.84,7.07,,
422160,P,2000-05-16,7510,10,94.27,0.99,,
422161,P,2001-10-20,19544,10,8.55,9.15,,
422162,P,2000-04-18,64774,1,47.75,0.97,,
422163,P,2000-02-24,3132,2,84.25,1.57,,
422164,P,2000-12-07,62257,3,98.28,7.09,,
422165,P,2000-09-20,64895,5,58.81,4.84,,
422166,P,2001-04-30,26836,5,92.41,5.49,,
422167,P,2002-09-13,47668,10,10.36,2.42,,
422168,P,2000-03-18,64996,10,63.86,9.95,,
422169,P,2001-12-30,34573,5,57.75,8.51,,
422170,P,2001-02-09,84048,5,31.95,2.93,,
422171,P,2001-09-12,61055,4,49.03,6.58,,
422172,P,2001-06-13,58625,8,64.10,1.81,,
422173,P,2002-04-25,21061,9,4.99,0.05,,
422174,P,2000-03-13,80359,3,48.09,7.77,,
422175,P,2001-01-07,35427,3,29.84,6.97,,
422176,P,2002-09-08,8031,1,76.36,1.61,,
422177,P,2001-07-24,16568,4,61.32,8.79,,
422178,P,2000-12-26,66083,5,45.18,8.11,,
422179,P,2001-04-27,33475,7,47.29,9.78,,
422180,P,2001-05-04,13409,7,67.00,7.26,,
422181,P,2001-05-05,61671,5,58.02,6.86,,
422182,P,2000-07-12,67951,4,7.54,2.28,,
422183,P,2001-12-14,54171,5,69.42,3.97,,
422184,P,2001-03-08,45685,7,41.72,1.18,,
422185,P,2001-12-04,43793,7,34.42,9.87,,
422186,P,2000-11-01,76267,4,34.59,9.62,,
422187,P,2000-12-18,37991,5,2.65,1.40,,
422188,P,2002-08-25,18553,1,52.00,4.42,,
422189,P,2001-08-12,25645,9,8.93,6.28,,
422190,P,2001-11-12,532,10,4.64,0.87,,
422191,P,2002-04-06,44619,1,68.58,4.65,,
422192,P,2001-11-29,22243,9,47.02,7.37,,
422193,P,2001-04-12,39002,7,72.71,1.25,,
422194,P,2001-09-11,86854,7,64.07,6.14,,
422195,P,2002-08-29,7010,10,58.35,4.95,,
422196,P,2002-08-26,47830,9,71.47,6.33,,
422197,P,2000-08-13,15081,4,18.38,0.09,,
422198,P,2002-03-28,60125,9,73.95,0.25,,
422199,P,2002-05-14,55041,10,20.35,1.05,,
422200,P,2000-01-01,92325,1,5.95,5.71,,
422201,P,2001-09-08,37565,10,56.39,1.27,,
422202,P,2002-01-27,46623,9,22.10,10.00,,
422203,P,2000-04-02,91130,9,29.86,5.21,,
422204,P,2001-12-19,5022,6,45.48,9.69,,
422205,P,2000-11-03,31661,10,97.54,5.66,,
422206,P,2002-07-17,55800,4,91.59,7.52,,
422207,P,2000-03-20,80593,7,74.77,2.75,,
422208,P,2001-11-30,99606,1,7.07,8.57,,
422209,P,2002-06-02,47189,7,27.71,6.28,,
422210,P,2001-02-20,33439,6,42.82,7.56,,
422211,P,2000-07-30,32586,6,65.04,6.71,,
422212,P,2001-09-11,95670,3,57.16,1.49,,
422213,P,2002-07-09,97207,1,95.36,6.12,,
422214,P,2000-08-04,68058,10,58.15,8.14,,
422215,P,2002-02-26,68121,10,35.81,8.23,,
422216,P,2000-07-27,84321,9,15.15,7.86,,
422217,P,2000-11-24,58470,4,80.53,0.98,,
422218,P,2002-06-19,64083,3,88.58,1.18,,
422219,P,2001-01-12,56075,3,36.09,1.20,,
422220,P,2000-10-01,75414,4,20.93,5.02,,
422221,P,2000-03-02,47112,10,63.99,0.57,,
422222,P,2002-08-06,35868,1,59.74,3.99,,
422223,P,2002-09-02,17169,5,69.18,0.15,,
422224,P,2001-04-18,33717,4,75.26,2.90,,
422225,P,2002-02-03,41848,10,34.35,9.67,,
422226,P,2001-09-16,9223,3,35.06,0.56,,
422227,P,2000-01-12,60383,6,23.02,8.50,,
422228,P,2000-04-06,96680,3,81.47,3.91,,
422229,P,2000-04-07,60454,1,7.41,8.46,,
422230,P,2001-06-20,96900,1,99.22,1.74,,
422231,P,2002-05-22,54206,2,26.15,2.42,,
422232,P,2001-06-03,25216,7,85.90,7.48,,
422233,P,2001-01-24,33963,9,44.27,4.10,,
422234,P,2001-12-15,35910,6,75.43,2.03,,
422235,P,2000-12-05,48370,6,56.09,3.67,,
422236,P,2000-08-31,9087,10,20.70,7.97,,
422237,P,2002-03-30,51525,10,67.96,5.38,,
422238,P,2001-03-06,94398,1,3.06,4.38,,
422239,P,2001-03-18,81284,1,17.72,9.58,,
422240,P,2002-03-22,60496,5,60.00,6.77,,
422241,P,2000-12-09,48328,9,9.13,5.95,,
422242,P,2002-04-24,2713,5,0.06,1.68,,
422243,P,2000-04-06,86411,5,92.41,1.71,,
422244,P,2001-08-13,5736,1,31.30,3.04,,
422245,P,2001-06-23,5129,10,15.24,1.12,,
422246,P,2002-08-15,41484,6,84.70,4.63,,
422247,P,2002-08-02,3097,7,86.64,2.85,,
422248,P,2001-10-16,3612,4,39.78,8.95,,
422249,P,2001-09-02,36512,4,47.05,7.04,,
422250,P,2001-10-08,27219,5,19.19,6.39,,
422251,P,2001-01-01,34496,5,30.48,7.66,,
422252,P,2002-06-23,68770,6,66.78,3.07,,
422253,P,2002-08-29,73170,4,81.72,9.84,,
422254,P,2000-10-12,58996,4,90.39,2.23,,
422255,P,2000-02-17,97433,3,2.70,4.44,,
422256,P,2000-01-06,62467,1,55.85,1.62,,
422257,P,2001-07-14,560,10,29.52,7.22,,
422258,P,2001-08-09,66321,7,55.84,8.69,,
422259,P,2000-04-13,3795,1,0.08,9.39,,
422260,P,2001-01-23,54473,7,29.61,2.36,,
422261,P,2000-04-29,99385,8,42.58,7.94,,
422262,P,2001-03-11,7115,6,63.13,8.84,,
422263,P,2000-03-28,90954,1,77.32,9.12,,
422264,P,2002-09-11,47208,1,41.09,5.59,,
422265,P,2002-03-12,57311,4,16.52,1.35,,
422266,P,2000-07-05,60230,9,46.48,6.98,,
422267,P,2000-07-28,52686,2,80.41,3.54,,
422268,P,2000-08-29,55816,9,75.83,3.13,,
422269,P,2000-03-25,60996,5,8.19,8.62,,
422270,P,2002-06-28,31851,2,88.39,9.08,,
422271,P,2000-11-07,93289,6,85.84,4.07,,
422272,P,2001-07-18,73367,4,62.25,8.59,,
422273,P,2001-07-28,34771,1,14.46,4.30,,
422274,P,2000-08-18,79358,4,87.21,0.43,,
422275,P,2000-04-23,43042,1,96.53,4.67,,
422276,P,2002-06-28,3058,6,4.12,7.60,,
422277,P,2000-05-20,41236,10,86.98,6.82,,
422278,P,2001-12-01,11893,5,9.59,1.01,,
422279,P,2000-02-09,73117,4,57.90,7.36,,
422280,P,2000-11-22,67921,6,89.97,8.43,,
422281,P,2000-10-30,1956,5,30.82,6.41,,
422282,P,2000-04-22,94082,3,39.56,9.82,,
422283,P,2000-07-20,96650,7,79.77,9.98,,
422284,P,2000-06-28,88025,3,0.71,6.75,,
422285,P,2002-09-01,69473,3,54.59,8.58,,
422286,P,2001-01-08,22493,2,2.52,8.26,,
422287,P,2001-02-16,24719,9,36.73,0.18,,
422288,P,2001-07-03,14411,2,25.78,0.83,,
422289,P,2001-09-26,41340,8,36.16,1.03,,
422290,P,2001-10-24,38947,5,19.78,0.29,,
422291,P,2001-01-04,57499,1,93.46,5.07,,
422292,P,2002-03-14,10297,10,79.93,7.99,,
422293,P,2002-04-19,11345,6,14.83,9.99,,
422294,P,2002-05-01,11814,4,36.10,9.51,,
422295,P,2000-10-02,54179,9,3.89,2.56,,
422296,P,2002-07-26,42229,4,13.64,6.04,,
422297,P,2000-05-08,73416,9,33.10,1.14,,
422298,P,2002-01-30,26850,4,31.40,6.54,,
422299,P,2001-11-06,23561,2,76.17,7.98,,
422300,P,2001-04-28,16948,5,19.83,6.05,,
422301,P,2000-06-22,31248,2,35.62,9.56,,
422302,P,2001-08-19,67032,8,30.41,4.13,,
422303,P,2000-08-31,78060,7,88.61,7.11,,
422304,P,2001-08-21,86067,4,26.41,6.94,,
422305,P,2000-09-28,50520,1,36.89,5.94,,
422306,P,2001-12-09,96584,9,47.48,8.52,,
422307,P,2002-06-03,39915,6,5.99,7.68,,
422308,P,2000-03-09,18145,6,35.38,2.69,,
422309,P,2000-12-11,14180,3,41.83,5.43,,
422310,P,2001-10-14,35552,8,5.54,4.37,,
422311,P,2000-01-26,89969,7,83.86,8.08,,
422312,P,2002-05-15,35908,10,56.41,1.98,,
422313,P,2000-08-16,1359,3,44.41,4.33,,
422314,P,2002-03-19,22422,9,55.36,9.81,,
422315,P,2000-08-03,76123,3,70.19,5.36,,
422316,P,2001-06-21,40501,10,44.88,5.79,,
422317,P,2001-02-19,11191,2,78.00,8.48,,
422318,P,2002-02-20,9249,2,6.16,8.37,,
422319,P,2001-03-27,67402,4,77.76,8.09,,
422320,P,2001-02-28,24050,5,53.07,5.00,,
422321,P,2000-01-14,97273,7,39.89,3.74,,
422322,P,2001-12-17,96688,8,60.40,9.98,,
422323,P,2002-01-28,57753,8,31.85,9.39,,
422324,P,2001-08-20,29081,1,90.29,9.31,,
422325,P,2000-05-03,12922,1,69.82,4.02,,
422326,P,2000-03-22,78166,2,5.65,6.82,,
422327,P,2000-03-14,2260,1,79.25,2.28,,
422328,P,2000-07-20,51667,4,13.60,9.54,,
422329,P,2002-01-12,29214,1,37.33,2.90,,
422330,P,2001-06-12,82778,7,99.21,3.24,,
422331,P,2001-11-12,26979,4,87.92,5.84,,
422332,P,2001-01-04,91001,5,74.15,4.75,,
422333,P,2001-06-04,35744,8,38.03,5.68,,
422334,P,2001-12-28,48447,8,39.57,3.72,,
422335,P,2002-04-29,86136,9,8.04,4.78,,
422336,P,2001-11-22,53064,10,45.33,4.80,,
422337,P,2000-02-24,69627,3,8.35,5.22,,
422338,P,2000-03-30,32063,10,46.79,5.85,,
422339,P,2000-11-20,38757,9,12.02,7.39,,
422340,P,2000-10-31,89643,10,42.20,8.30,,
422341,P,2000-02-27,1910,8,23.09,4.30,,
422342,P,2000-08-21,63763,3,69.46,6.97,,
422343,P,2001-03-03,99197,9,87.01,9.98,,
422344,P,2002-04-06,97730,8,91.51,9.44,,
422345,P,2000-11-07,8671,8,78.89,3.28,,
422346,P,2000-09-24,54106,8,39.82,6.48,,
422347,P,2001-05-27,14039,8,13.90,3.87,,
422348,P,2001-05-14,8853,3,92.12,8.34,,
422349,P,2001-11-03,24464,10,22.01,6.41,,
422350,P,2002-07-10,50456,7,2.63,1.94,,
422351,P,2001-06-25,35412,4,25.53,9.42,,
422352,P,2001-03-22,87884,3,26.91,6.11,,
422353,P,2000-12-15,41061,3,15.56,2.29,,
422354,P,2000-06-10,47096,2,70.89,8.29,,
422355,P,2002-02-13,52171,7,47.85,1.80,,
422356,P,2001-05-09,64259,8,7.99,5.30,,
422357,P,2002-08-22,19979,5,30.19,9.91,,
422358,P,2001-03-04,24852,6,42.56,6.99,,
422359,P,2001-10-01,87221,10,94.91,1.20,,
422360,P,2000-04-25,59401,5,34.34,4.45,,
422361,P,2001-10-05,13202,6,2.51,3.84,,
422362,P,2002-03-23,52420,10,59.85,4.37,,
422363,P,2002-03-19,24892,4,52.57,2.58,,
422364,P,2001-01-26,42630,1,7.97,5.92,,
422365,P,2002-07-10,68087,1,31.04,3.10,,
422366,P,2001-12-24,8204,9,79.28,9.32,,
422367,P,2002-02-22,1281,6,71.24,6.58,,
422368,P,2001-07-19,90882,10,18.83,9.44,,
422369,P,2000-01-26,2996,2,93.19,9.95,,
422370,P,2000-03-27,56849,2,35.03,7.26,,
422371,P,2000-10-12,76682,3,40.28,5.46,,
422372,P,2001-02-11,7371,3,40.94,1.70,,
422373,P,2002-06-04,51086,7,47.04,4.27,,
422374,P,2000-08-07,27488,5,94.67,8.13,,
422375,P,2001-06-22,49451,1,76.37,3.85,,
422376,P,2000-10-09,19789,10,9.10,3.18,,
422377,P,2001-07-22,80752,10,27.25,0.31,,
422378,P,2000-07-13,97521,9,24.05,4.80,,
422379,P,2002-05-20,92875,8,39.02,3.97,,
422380,P,2000-01-17,95269,6,19.57,0.90,,
422381,P,2001-09-20,67345,9,16.88,6.56,,
422382,P,2001-05-08,6225,6,72.03,7.32,,
422383,P,2002-01-18,38166,1,78.12,5.64,,
422384,P,2000-08-13,78028,4,51.01,2.66,,
422385,P,2002-03-01,98104,3,70.01,1.18,,
422386,P,2002-05-16,97785,7,76.68,7.73,,
422387,P,2001-10-20,86805,4,58.41,4.86,,
422388,P,2000-05-12,90672,3,12.53,8.73,,
422389,P,2001-07-22,81276,3,28.81,3.16,,
422390,P,2002-02-09,97823,8,99.01,8.94,,
422391,P,2001-08-07,85554,7,30.81,7.74,,
422392,P,2002-08-23,92789,5,44.80,9.11,,
422393,P,2001-05-16,27610,4,33.49,3.17,,
422394,P,2000-10-30,17260,7,53.93,1.26,,
422395,P,2001-04-13,48481,7,82.89,8.30,,
422396,P,2000-05-13,1813,1,80.48,6.70,,
422397,P,2000-04-11,80907,9,67.45,8.15,,
422398,P,2001-04-30,5243,2,42.29,6.78,,
422399,P,2001-09-08,10074,3,21.23,6.27,,
422400,P,2000-02-17,22330,4,74.08,3.71,,
422401,P,2001-09-29,76929,2,86.78,4.66,,
422402,P,2002-07-06,33617,1,52.62,3.87,,
422403,P,2000-12-05,7964,2,46.41,3.84,,
422404,P,2001-03-11,39779,6,38.96,5.20,,
422405,P,2000-02-28,26848,2,30.48,3.91,,
422406,P,2001-03-08,79289,5,54.86,3.04,,
422407,P,2002-05-03,84752,9,35.88,0.79,,
422408,P,2000-05-30,96572,10,30.52,6.41,,
422409,P,2000-04-24,89089,10,80.11,1.11,,
422410,P,2002-04-18,71859,10,52.43,0.30,,
422411,P,2000-03-15,90280,2,38.03,4.98,,
422412,P,2001-01-12,99585,2,12.90,4.98,,
422413,P,2001-01-12,90209,6,91.94,1.72,,
422414,P,2001-03-14,59892,10,93.65,7.20,,
422415,P,2000-07-17,3334,2,58.23,7.73,,
422416,P,2000-06-26,40828,2,42.72,2.62,,
422417,P,2002-01-24,9487,1,71.03,1.92,,
422418,P,2002-08-05,31949,5,45.04,4.38,,
422419,P,2001-01-31,16252,7,34.51,7.73,,
422420,P,2000-08-25,81908,4,79.89,5.13,,
422421,P,2000-01-25,44778,6,22.14,8.50,,
422422,P,2001-12-10,67795,7,1.33,6.36,,
422423,P,2000-11-07,44316,4,17.74,7.37,,
422424,P,2002-02-13,64883,9,30.11,9.14,,
422425,P,2001-08-27,20466,6,37.84,8.98,,
422426,P,2000-08-05,11978,2,18.55,1.06,,
422427,P,2001-11-07,98451,6,2.85,7.55,,
422428,P,2001-02-02,67879,4,86.35,9.89,,
422429,P,2002-06-23,5304,3,14.65,9.97,,
422430,P,2001-05-03,12519,3,61.22,2.51,,
422431,P,2001-08-05,95029,5,92.23,3.06,,
422432,P,2002-04-13,7154,8,81.20,4.63,,
422433,P,2001-12-20,24858,10,17.30,3.95,,
422434,P,2000-01-25,95822,3,61.83,2.71,,
422435,P,2002-05-06,31106,7,24.05,6.81,,
422436,P,2001-02-16,33021,4,62.92,3.26,,
422437,P,2001-02-01,48572,5,19.38,7.11,,
422438,P,2001-07-12,32236,5,37.01,7.27,,
422439,P,2001-04-15,21362,5,28.31,2.10,,
422440,P,2001-02-17,47746,10,3.71,2.17,,
422441,P,2001-10-15,27869,3,47.53,4.51,,
422442,P,2000-04-16,2569,7,94.16,7.66,,
422443,P,2002-08-20,89452,4,73.93,9.24,,
422444,P,2001-08-27,42222,1,42.51,4.76,,
422445,P,2001-02-28,57281,2,32.54,1.67,,
422446,P,2000-01-12,85915,5,69.26,7.47,,
422447,P,2000-08-13,92100,4,73.86,6.33,,
422448,P,2002-08-30,57218,3,25.11,2.86,,
422449,P,2002-09-01,45571,4,34.06,0.02,,
422450,P,2000-09-20,11091,8,4.08,6.26,,
422451,P,2000-05-03,12974,2,31.25,8.29,,
422452,P,2000-07-13,99970,5,6.57,4.35,,
422453,P,2001-10-20,73268,10,84.92,8.52,,
422454,P,2002-05-24,53244,6,9.70,8.74,,
422455,P,2002-06-14,39341,4,83.81,9.90,,
422456,P,2000-08-19,12177,6,87.75,4.20,,
422457,P,2001-06-29,85289,2,96.13,8.87,,
422458,P,2001-10-02,86374,5,80.61,3.21,,
422459,P,2000-10-09,82544,1,46.52,9.15,,
422460,P,2001-09-24,47434,1,12.21,5.83,,
422461,P,2000-08-21,53990,4,87.87,3.91,,
422462,P,2002-02-27,74309,9,96.48,2.03,,
422463,P,2001-04-16,8328,8,79.23,7.85,,
422464,P,2002-09-13,73509,4,28.29,8.20,,
422465,P,2001-02-11,74644,6,6.74,5.69,,
422466,P,2001-08-02,55823,9,61.71,4.85,,
422467,P,2002-02-18,9840,5,7.55,4.72,,
422468,P,2000-08-24,54724,6,93.44,8.01,,
422469,P,2001-05-12,8068,10,4.03,7.44,,
422470,P,2000-08-21,98810,2,65.45,5.93,,
422471,P,2002-05-01,24378,7,33.24,1.84,,
422472,P,2000-04-16,19512,5,17.38,7.40,,
422473,P,2001-01-23,85048,3,52.27,6.25,,
422474,P,2000-01-06,95743,5,96.56,0.81,,
422475,P,2000-03-05,15090,9,52.33,2.56,,
422476,P,2001-12-10,85799,8,12.86,3.93,,
422477,P,2000-07-09,54648,10,37.73,2.40,,
422478,P,2001-01-25,45502,6,64.34,7.80,,
422479,P,2002-06-17,16733,10,50.13,9.49,,
422480,P,2001-02-15,80410,10,59.17,7.41,,
422481,P,2001-08-08,33036,8,26.74,5.24,,
422482,P,2001-12-28,86531,10,0.60,7.99,,
422483,P,2000-11-01,70583,5,16.39,9.13,,
422484,P,2002-06-27,66265,9,8.49,3.80,,
422485,P,2000-01-26,5101,1,31.55,2.33,,
422486,P,2002-08-13,42518,6,9.94,2.74,,
422487,P,2000-08-27,94044,7,69.09,4.07,,
422488,P,2000-01-25,34670,5,49.37,8.04,,
422489,P,2000-04-26,75887,7,57.47,1.80,,
422490,P,2001-12-16,1308,10,33.34,2.94,,
422491,P,2000-05-16,72180,8,61.57,3.98,,
422492,P,2000-03-26,10786,10,97.62,6.98,,
422493,P,2002-08-02,42456,4,26.92,9.15,,
422494,P,2000-11-07,27282,7,5.34,2.38,,
422495,P,2001-12-31,19079,4,48.43,4.97,,
422496,P,2000-11-09,94726,7,10.53,3.86,,
422497,P,2001-07-27,2777,6,6.77,9.12,,
422498,P,2000-07-12,90615,2,32.52,1.05,,
422499,P,2001-09-25,40542,9,61.70,9.12,,
422500,P,2000-04-03,30955,4,91.89,4.56,,
422501,P,2000-12-15,4498,9,67.70,2.82,,
422502,P,2002-06-14,61759,6,73.68,9.98,,
422503,P,2001-12-31,78869,10,25.87,7.73,,
422504,P,2001-10-06,20283,6,23.57,1.45,,
422505,P,2000-09-26,63867,9,8.27,0.62,,
422506,P,2001-08-30,61446,2,80.07,6.75,,
422507,P,2001-04-22,26194,3,1.74,1.18,,
422508,P,2001-02-16,67600,5,22.17,5.06,,
422509,P,2000-07-07,88361,8,68.49,4.66,,
422510,P,2001-06-17,24840,6,60.34,4.76,,
422511,P,2000-12-01,38461,8,1.41,1.69,,
422512,P,2001-02-26,10195,10,2.04,2.77,,
422513,P,2000-03-09,5942,8,36.50,0.09,,
422514,P,2001-07-19,43152,7,59.56,5.28,,
422515,P,2000-07-18,9339,2,62.40,8.93,,
422516,P,2000-09-01,25583,4,97.72,6.13,,
422517,P,2002-09-09,25008,7,76.93,8.01,,
422518,P,2000-08-16,63461,7,13.00,3.89,,
422519,P,2002-03-02,812,8,97.69,3.12,,
422520,P,2000-05-28,80156,1,38.30,0.43,,
422521,P,2002-05-21,81582,7,69.87,5.72,,
422522,P,2001-10-02,29968,9,62.10,6.52,,
422523,P,2001-03-28,65930,5,87.29,7.22,,
422524,P,2001-02-21,66725,3,4.17,5.83,,
422525,P,2000-09-01,10382,5,62.87,6.83,,
422526,P,2002-08-10,99123,1,70.99,5.19,,
422527,P,2000-11-14,52775,7,50.39,2.59,,
422528,P,2001-09-04,81969,7,46.67,6.21,,
422529,P,2000-03-31,89198,4,94.90,6.70,,
422530,P,2000-01-06,1527,5,29.63,3.24,,
422531,P,2000-12-27,81564,6,87.37,8.30,,
422532,P,2001-03-17,39016,8,80.65,9.44,,
422533,P,2000-10-03,19309,8,83.62,6.63,,
422534,P,2000-10-15,81660,1,78.66,4.69,,
422535,P,2002-07-07,9659,4,31.37,8.65,,
422536,P,2001-09-04,28010,7,49.72,5.81,,
422537,P,2000-02-03,38953,1,22.16,6.61,,
422538,P,2001-06-21,68498,2,20.30,5.94,,
422539,P,2000-04-29,54311,3,74.68,7.39,,
422540,P,2000-08-26,54578,4,70.86,3.32,,
422541,P,2001-02-14,71705,3,21.95,4.20,,
422542,P,2000-06-24,80556,4,77.86,5.49,,
422543,P,2000-09-24,87869,7,66.13,6.13,,
422544,P,2002-08-15,72854,10,96.74,2.61,,
422545,P,2000-12-30,48377,5,84.51,9.74,,
422546,P,2001-11-20,22857,7,13.01,4.57,,
422547,P,2000-05-26,44948,9,68.18,2.81,,
422548,P,2002-06-06,85347,1,31.00,0.38,,
422549,P,2000-01-28,16703,4,42.65,0.86,,
422550,P,2001-01-21,51043,1,66.96,1.68,,
422551,P,2001-11-01,76842,3,26.99,8.57,,
422552,P,2001-08-13,54514,5,67.22,2.04,,
422553,P,2000-06-05,15802,2,81.31,0.84,,
422554,P,2000-10-22,4597,2,30.67,5.94,,
422555,P,2000-02-23,76344,8,0.61,9.14,,
422556,P,2001-01-16,20814,3,80.57,9.33,,
422557,P,2000-08-25,40285,5,55.60,9.31,,
422558,P,2001-06-22,79608,6,92.17,8.63,,
422559,P,2000-07-06,50227,7,43.29,2.77,,
422560,P,2000-06-05,34492,6,80.49,6.40,,
422561,P,2000-06-04,34971,2,11.41,6.49,,
422562,P,2002-07-13,58255,9,95.78,1.63,,
422563,P,2002-08-27,92944,9,96.84,7.95,,
422564,P,2000-03-01,77128,1,1.17,7.33,,
422565,P,2001-11-29,67057,9,68.51,7.10,,
422566,P,2001-12-20,16154,10,81.87,8.10,,
422567,P,2002-06-03,41621,3,24.07,6.11,,
422568,P,2000-06-04,86583,10,23.22,6.43,,
422569,P,2001-07-07,11943,7,4.38,9.07,,
422570,P,2001-02-23,34831,4,9.99,9.07,,
422571,P,2000-07-27,72157,5,9.61,2.27,,
422572,P,2000-02-01,33673,5,53.13,2.13,,
422573,P,2001-04-16,90794,7,72.10,5.43,,
422574,P,2000-01-15,2834,5,45.78,0.80,,
422575,P,2001-03-21,2725,3,31.61,3.83,,
422576,P,2002-09-07,47594,8,70.45,9.74,,
422577,P,2002-01-10,21684,2,88.99,3.67,,
422578,P,2002-08-26,87244,9,37.68,9.29,,
422579,P,2000-01-22,26052,5,32.76,1.15,,
422580,P,2000-11-20,90582,9,28.45,0.66,,
422581,P,2001-05-22,18753,3,43.13,6.14,,
422582,P,2002-03-08,52294,6,46.90,7.27,,
422583,P,2000-07-10,39999,1,2.10,2.54,,
422584,P,2001-11-17,30017,3,10.57,7.50,,
422585,P,2001-04-05,21721,9,9.94,2.45,,
422586,P,2001-08-25,21530,1,72.56,9.71,,
422587,P,2001-04-02,81616,2,57.65,2.39,,
422588,P,2001-04-19,80746,6,14.26,3.53,,
422589,P,2002-04-20,78568,7,69.31,1.40,,
422590,P,2001-02-21,62662,2,57.91,3.89,,
422591,P,2002-09-17,65690,9,97.13,0.58,,
422592,P,2001-10-27,59052,9,17.87,4.00,,
422593,P,2000-07-25,21400,3,18.25,2.48,,
422594,P,2001-05-08,45327,9,46.52,9.57,,
422595,P,2000-12-23,53824,9,81.64,1.83,,
422596,P,2002-05-02,55225,2,51.96,5.43,,
422597,P,2002-05-13,9987,6,82.85,7.89,,
422598,P,2002-02-03,70369,6,65.20,3.00,,
422599,P,2001-04-25,9884,10,81.13,6.83,,
422600,P,2002-08-19,60011,8,25.08,3.85,,
422601,P,2001-01-31,41969,8,90.45,3.47,,
422602,P,2001-03-19,27959,3,56.20,9.15,,
422603,P,2000-10-02,70332,2,9.97,4.25,,
422604,P,2000-06-13,30074,7,94.51,3.99,,
422605,P,2002-06-04,43608,1,12.77,1.61,,
422606,P,2001-01-08,96126,5,78.41,5.01,,
422607,P,2002-04-13,92400,6,17.33,7.63,,
422608,P,2000-12-28,76958,6,61.51,4.49,,
422609,P,2000-04-07,27094,8,94.62,7.56,,
422610,P,2000-09-28,78183,2,39.70,7.64,,
422611,P,2000-12-10,83974,5,3.84,9.31,,
422612,P,2002-04-08,2499,5,54.72,8.15,,
422613,P,2002-02-24,26476,10,28.64,7.78,,
422614,P,2001-12-14,70553,4,44.70,3.52,,
422615,P,2000-10-06,20385,7,0.72,3.54,,
422616,P,2001-09-09,20742,6,60.39,9.66,,
422617,P,2000-05-14,37351,3,20.28,2.11,,
422618,P,2001-09-06,66713,5,41.37,7.75,,
422619,P,2000-03-29,24538,6,84.97,6.23,,
422620,P,2000-06-15,29486,5,69.34,7.99,,
422621,P,2000-07-09,5448,7,9.59,5.88,,
422622,P,2000-08-27,52950,8,47.10,0.14,,
422623,P,2000-02-09,63320,7,52.76,1.92,,
422624,P,2001-04-25,37116,10,47.75,5.98,,
422625,P,2001-08-11,40249,8,36.30,8.15,,
422626,P,2002-06-01,32161,8,88.03,1.06,,
422627,P,2002-01-13,71374,9,7.41,1.93,,
422628,P,2001-11-17,73760,10,48.63,2.54,,
422629,P,2000-02-29,47559,7,13.75,9.68,,
422630,P,2000-08-13,49905,8,90.23,8.56,,
422631,P,2001-08-30,18712,5,61.62,0.53,,
422632,P,2000-02-24,76453,2,24.10,7.01,,
422633,P,2002-02-12,22829,2,9.60,5.67,,
422634,P,2001-06-08,18352,1,11.76,9.18,,
422635,P,2000-09-27,20974,9,98.79,6.44,,
422636,P,2001-10-30,16667,6,87.48,6.47,,
422637,P,2000-11-29,28627,8,98.86,0.84,,
422638,P,2002-01-29,52459,10,26.87,0.88,,
422639,P,2001-02-09,51564,1,26.76,4.40,,
422640,P,2002-09-24,59570,9,79.09,5.69,,
422641,P,2002-09-05,55883,5,94.11,7.24,,
422642,P,2001-12-29,29855,10,43.07,2.16,,
422643,P,2002-05-21,6589,6,11.98,8.66,,
422644,P,2000-03-17,50296,4,0.01,6.95,,
422645,P,2001-07-28,63503,8,49.48,9.86,,
422646,P,2000-06-12,10860,8,85.84,1.22,,
422647,P,2001-10-25,18420,4,93.27,3.15,,
422648,P,2001-08-02,95099,7,42.91,1.87,,
422649,P,2001-06-07,50170,1,69.09,2.00,,
422650,P,2002-01-08,66521,1,8.23,4.94,,
422651,P,2001-01-06,46958,2,70.21,6.42,,
422652,P,2000-09-30,89026,2,57.60,9.28,,
422653,P,2002-06-02,50265,4,12.39,3.08,,
422654,P,2000-02-16,20225,8,77.54,6.64,,
422655,P,2001-06-18,31851,8,14.85,9.60,,
422656,P,2002-03-17,77007,8,43.85,9.82,,
422657,P,2001-08-21,28722,4,6.96,4.23,,
422658,P,2001-02-04,50722,9,57.69,6.52,,
422659,P,2001-05-09,70057,8,1.14,9.23,,
422660,P,2000-06-20,82800,5,82.86,1.97,,
422661,P,2000-07-20,87767,8,80.64,2.61,,
422662,P,2002-05-08,19860,10,62.49,9.21,,
422663,P,2001-10-08,64832,6,7.75,6.33,,
422664,P,2000-08-07,75642,5,33.40,9.67,,
422665,P,2002-03-28,66576,9,0.92,8.37,,
422666,P,2000-11-23,87526,5,30.55,8.94,,
422667,P,2002-03-25,33626,2,98.34,2.83,,
422668,P,2000-03-19,26259,3,95.68,8.08,,
422669,P,2002-06-24,28100,9,75.88,5.68,,
422670,P,2001-12-07,18510,2,84.59,7.37,,
422671,P,2001-11-07,23695,3,35.64,5.77,,
422672,P,2000-12-22,83978,8,5.90,9.58,,
422673,P,2001-02-26,12559,8,85.97,7.32,,
422674,P,2002-01-03,24166,9,51.25,2.25,,
422675,P,2002-08-05,3651,5,33.75,8.55,,
422676,P,2000-10-25,95444,6,68.49,7.40,,
422677,P,2000-11-06,18110,5,24.84,4.86,,
422678,P,2001-07-29,15684,7,25.14,0.50,,
422679,P,2001-10-08,30007,8,65.92,1.51,,
422680,P,2000-06-21,53782,4,9.39,4.90,,
422681,P,2000-09-03,66557,1,34.14,5.57,,
422682,P,2000-04-12,50159,7,85.29,8.55,,
422683,P,2000-07-05,31498,7,43.52,1.13,,
422684,P,2002-07-22,76844,6,34.76,9.84,,
422685,P,2001-10-09,47509,9,16.11,3.43,,
422686,P,2000-03-07,20865,7,81.37,0.93,,
422687,P,2001-06-14,41179,3,88.30,8.40,,
422688,P,2002-05-19,46971,10,94.50,2.76,,
422689,P,2001-05-03,27505,8,78.56,2.49,,
422690,P,2001-01-20,40467,4,22.83,8.15,,
422691,P,2000-05-18,77004,7,41.97,3.74,,
422692,P,2001-05-18,75484,7,83.55,8.00,,
422693,P,2001-02-10,3995,4,61.45,0.88,,
422694,P,2001-04-27,66218,10,17.47,3.43,,
422695,P,2002-07-11,28111,10,49.38,6.95,,
422696,P,2000-12-30,24253,5,70.35,1.35,,
422697,P,2002-03-22,9208,9,81.94,0.02,,
422698,P,2002-09-14,89755,2,1.95,6.38,,
422699,P,2000-11-23,5612,2,6.87,7.47,,
422700,P,2000-12-30,22127,3,68.52,4.32,,
422701,P,2000-12-24,32312,10,14.91,2.24,,
422702,P,2002-06-04,73386,1,22.51,1.49,,
422703,P,2000-06-16,29958,9,6.19,8.78,,
422704,P,2000-09-09,74821,7,81.98,0.04,,
422705,P,2001-01-24,38395,2,96.96,2.09,,
422706,P,2002-01-27,817,5,65.94,4.70,,
422707,P,2001-11-08,74047,8,22.15,1.02,,
422708,P,2002-01-23,822,9,64.14,4.68,,
422709,P,2001-02-08,15173,6,63.21,9.92,,
422710,P,2000-04-01,18268,6,34.59,9.51,,
422711,P,2001-06-03,48853,8,56.03,8.07,,
422712,P,2000-03-09,37986,1,21.96,5.06,,
422713,P,2002-09-19,3493,6,23.81,7.03,,
422714,P,2001-05-16,99001,6,34.36,6.34,,
422715,P,2000-04-15,13276,2,97.69,0.86,,
422716,P,2000-12-28,88678,7,28.19,7.66,,
422717,P,2002-08-26,44269,10,28.41,6.09,,
422718,P,2001-07-21,38493,10,35.88,9.77,,
422719,P,2001-02-20,47501,8,27.16,3.42,,
422720,P,2000-05-27,85529,10,87.81,0.15,,
422721,P,2000-06-22,35275,5,49.42,5.39,,
422722,P,2000-02-29,45410,2,18.53,7.73,,
422723,P,2001-07-09,48768,9,72.52,8.62,,
422724,P,2000-07-04,50676,2,44.96,0.58,,
422725,P,2000-06-06,7569,5,69.51,5.73,,
422726,P,2000-06-08,29600,7,23.21,2.07,,
422727,P,2000-12-24,3399,3,60.99,8.06,,
422728,P,2001-11-25,95800,1,66.56,4.06,,
422729,P,2002-08-31,16602,7,72.73,3.20,,
422730,P,2000-07-31,99535,10,62.63,2.89,,
422731,P,2000-01-21,14201,10,74.42,0.77,,
422732,P,2002-08-29,37291,3,55.38,1.68,,
422733,P,2001-09-21,65033,10,92.54,6.21,,
422734,P,2000-04-21,45810,8,63.45,3.64,,
422735,P,2001-06-02,1157,1,47.12,2.07,,
422736,P,2001-02-13,51802,1,43.80,10.00,,
422737,P,2000-01-16,5291,10,77.68,9.15,,
422738,P,2000-04-22,43957,9,82.67,7.16,,
422739,P,2001-02-03,66316,6,0.45,3.17,,
422740,P,2001-04-27,4569,1,67.87,8.77,,
422741,P,2001-11-02,33919,6,25.87,0.32,,
422742,P,2000-09-26,79479,4,39.53,0.22,,
422743,P,2000-05-28,91831,8,4.09,0.74,,
422744,P,2001-03-14,91979,1,68.69,2.84,,
422745,P,2002-05-31,52905,3,96.69,9.28,,
422746,P,2001-10-09,89714,1,20.12,1.87,,
422747,P,2001-02-02,90069,7,9.33,1.69,,
422748,P,2001-05-07,15764,2,72.91,7.28,,
422749,P,2000-10-22,89134,6,75.32,4.35,,
422750,P,2001-01-21,98741,10,12.90,0.50,,
422751,P,2002-09-24,47272,6,84.80,9.56,,
422752,P,2002-03-10,58549,1,28.03,9.86,,
422753,P,2002-09-04,51308,6,81.82,8.81,,
422754,P,2000-09-01,13151,1,3.73,0.13,,
422755,P,2000-01-29,31001,8,75.27,8.84,,
422756,P,2000-07-22,57504,9,81.11,2.32,,
422757,P,2002-03-23,26982,2,82.22,2.78,,
422758,P,2000-08-14,87539,3,89.12,0.25,,
422759,P,2000-09-28,25082,7,60.37,7.91,,
422760,P,2000-10-01,19030,6,77.77,5.49,,
422761,P,2002-01-10,23596,9,48.33,3.07,,
422762,P,2002-06-15,67168,2,48.82,4.17,,
422763,P,2000-11-21,49638,7,27.04,6.67,,
422764,P,2001-02-16,19053,1,45.72,5.31,,
422765,P,2000-03-24,79473,5,89.76,2.00,,
422766,P,2000-12-04,96365,10,66.37,4.70,,
422767,P,2000-06-20,64953,3,47.84,7.81,,
422768,P,2001-01-19,74563,4,76.91,9.93,,
422769,P,2000-11-26,32989,9,80.10,9.60,,
422770,P,2000-08-03,28524,4,38.46,6.12,,
422771,P,2001-04-05,51293,10,80.49,5.95,,
422772,P,2000-02-09,58064,6,47.90,9.47,,
422773,P,2002-02-03,63418,6,28.10,3.54,,
422774,P,2001-08-15,46435,7,5.91,7.56,,
422775,P,2001-04-09,59546,6,43.73,9.20,,
422776,P,2002-05-30,51654,9,6.21,1.12,,
422777,P,2001-05-19,50398,3,36.07,8.93,,
422778,P,2001-10-03,20393,6,74.66,4.60,,
422779,P,2000-09-18,93790,3,36.61,0.12,,
422780,P,2001-04-15,16237,4,84.27,7.11,,
422781,P,2002-07-24,6919,8,75.93,8.27,,
422782,P,2000-10-21,66466,9,7.02,9.38,,
422783,P,2000-01-15,32818,10,76.98,5.98,,
422784,P,2000-01-24,48936,4,21.29,9.87,,
422785,P,2000-10-03,8672,4,38.45,4.06,,
422786,P,2001-11-09,38530,1,73.26,2.72,,
422787,P,2001-01-07,42490,4,57.73,8.74,,
422788,P,2000-09-06,4200,8,8.17,6.38,,
422789,P,2000-05-15,77232,6,72.64,9.95,,
422790,P,2001-09-03,28004,5,63.87,8.29,,
422791,P,2001-04-16,89274,4,76.00,0.73,,
422792,P,2000-02-05,26043,9,59.08,6.32,,
422793,P,2001-12-22,52629,6,62.95,5.95,,
422794,P,2000-02-28,4796,10,44.49,1.75,,
422795,P,2001-06-13,83205,6,64.85,7.60,,
422796,P,2002-01-22,8227,4,98.74,2.38,,
422797,P,2000-04-07,50271,4,52.69,2.89,,
422798,P,2000-01-20,45122,9,32.10,9.46,,
422799,P,2001-05-19,10866,10,67.71,7.10,,
422800,P,2000-04-26,94804,8,62.24,1.11,,
422801,P,2002-08-14,65870,4,41.19,4.51,,
422802,P,2002-07-04,5398,9,19.70,1.50,,
422803,P,2002-03-27,19484,5,24.98,8.95,,
422804,P,2002-09-24,87156,3,31.90,9.29,,
422805,P,2001-08-20,31145,8,50.46,8.36,,
422806,P,2000-07-28,97690,6,32.97,4.97,,
422807,P,2001-03-18,12429,6,45.56,7.29,,
422808,P,2001-09-02,70456,10,19.73,5.60,,
422809,P,2001-05-14,26621,10,19.80,7.06,,
422810,P,2001-07-15,43452,7,93.73,2.13,,
422811,P,2000-10-27,87028,7,83.58,6.06,,
422812,P,2000-12-01,16248,5,55.86,7.30,,
422813,P,2002-07-07,76105,5,4.24,7.82,,
422814,P,2000-02-24,73214,10,65.03,0.82,,
422815,P,2000-12-16,74520,1,56.86,2.47,,
422816,P,2002-05-03,49589,5,58.93,5.42,,
422817,P,2000-02-10,5178,9,34.33,8.80,,
422818,P,2001-06-26,81880,5,63.71,3.05,,
422819,P,2001-10-11,9224,10,50.71,6.64,,
422820,P,2002-04-03,81261,5,97.07,7.13,,
422821,P,2001-09-26,31773,10,6.83,5.89,,
422822,P,2000-03-21,86879,1,17.22,1.02,,
422823,P,2000-09-29,79617,6,13.70,8.91,,
422824,P,2001-01-06,71018,7,55.22,2.87,,
422825,P,2002-09-09,24883,4,96.56,2.86,,
422826,P,2002-01-01,17389,8,69.80,1.34,,
422827,P,2000-01-15,46829,10,57.46,5.26,,
422828,P,2000-02-06,29924,2,15.83,5.86,,
422829,P,2001-09-03,17692,5,88.86,2.45,,
422830,P,2001-10-14,5011,3,18.23,2.07,,
422831,P,2002-02-18,50486,3,31.71,0.63,,
422832,P,2001-08-16,76149,5,28.51,7.35,,
422833,P,2002-07-06,36380,2,33.57,7.52,,
422834,P,2000-07-05,46290,1,48.21,1.20,,
422835,P,2000-01-21,11401,8,77.08,9.64,,
422836,P,2000-09-14,95241,3,91.65,8.59,,
422837,P,2002-03-25,66168,3,91.70,4.63,,
422838,P,2000-01-14,37788,4,76.46,7.62,,
422839,P,2001-10-08,97903,6,54.46,2.14,,
422840,P,2000-10-06,19999,9,53.11,0.35,,
422841,P,2000-03-01,70948,1,81.07,4.46,,
422842,P,2002-09-06,69564,7,69.43,8.78,,
422843,P,2001-06-16,23475,6,11.16,9.55,,
422844,P,2002-08-08,61076,3,85.67,9.76,,
422845,P,2002-07-09,74480,5,54.67,5.11,,
422846,P,2000-05-15,31462,5,52.97,5.12,,
422847,P,2000-06-24,71971,3,74.50,4.46,,
422848,P,2001-07-28,48567,6,87.26,2.87,,
422849,P,2001-11-29,24985,2,33.02,0.55,,
422850,P,2002-04-08,47082,7,17.68,3.43,,
422851,P,2000-03-22,45505,9,64.58,2.39,,
422852,P,2001-08-18,36066,8,96.15,7.83,,
422853,P,2002-01-23,56424,3,6.92,2.55,,
422854,P,2000-08-17,75581,7,97.22,0.49,,
422855,P,2000-09-20,67392,6,88.44,5.20,,
422856,P,2000-03-03,31245,1,49.81,1.01,,
422857,P,2000-12-02,60441,10,57.24,3.11,,
422858,P,2000-06-01,59114,10,75.47,3.85,,
422859,P,2001-05-03,34499,4,96.76,1.46,,
422860,P,2002-04-26,82085,4,2.74,3.44,,
422861,P,2001-04-04,40265,1,41.67,0.03,,
422862,P,2002-02-16,85170,9,8.17,8.98,,
422863,P,2000-03-02,73045,8,67.61,0.58,,
422864,P,2001-11-30,43505,7,75.31,7.70,,
422865,P,2000-10-19,84626,3,60.74,9.42,,
422866,P,2000-05-17,37107,7,55.46,5.88,,
422867,P,2002-07-13,58388,4,85.79,7.20,,
422868,P,2000-10-29,13756,2,40.24,9.88,,
422869,P,2000-09-03,29594,10,55.55,2.84,,
422870,P,2002-02-27,3876,4,0.65,7.55,,
422871,P,2001-03-02,47311,3,11.58,5.27,,
422872,P,2001-08-10,46150,9,33.43,9.32,,
422873,P,2001-06-09,24796,1,43.31,4.36,,
422874,P,2002-05-05,62939,8,79.07,2.03,,
422875,P,2001-03-18,95471,1,70.54,2.76,,
422876,P,2001-06-29,12666,8,1.38,4.02,,
422877,P,2002-07-06,88696,7,39.85,4.86,,
422878,P,2001-11-09,3353,6,73.38,4.10,,
422879,P,2001-09-26,72613,8,81.89,9.80,,
422880,P,2000-04-14,37280,3,48.79,3.07,,
422881,P,2000-05-16,39148,7,70.89,3.75,,
422882,P,2000-05-05,43785,8,35.59,9.30,,
422883,P,2000-07-18,44373,8,80.50,2.19,,
422884,P,2000-11-27,37713,1,35.27,0.30,,
422885,P,2000-01-14,45171,7,52.57,7.76,,
422886,P,2001-10-02,91646,7,68.24,2.12,,
422887,P,2000-09-18,65013,9,65.81,6.46,,
422888,P,2002-04-12,81242,7,38.29,3.87,,
422889,P,2002-07-04,85817,6,52.40,6.06,,
422890,P,2000-06-28,48876,3,44.06,9.47,,
422891,P,2001-03-25,71657,7,81.48,5.90,,
422892,P,2001-05-07,88473,3,69.85,0.31,,
422893,P,2000-10-05,19040,1,13.97,7.92,,
422894,P,2000-03-30,4586,4,18.48,1.78,,
422895,P,2000-12-26,12897,6,40.23,8.73,,
422896,P,2000-09-29,16021,1,9.71,6.52,,
422897,P,2000-04-30,34078,5,25.78,1.36,,
422898,P,2001-06-19,17076,2,95.71,2.18,,
422899,P,2000-05-27,83703,2,62.01,2.88,,
422900,P,2002-06-17,8223,5,81.69,8.04,,
422901,P,2000-11-14,74973,5,89.98,0.36,,
422902,P,2000-08-10,7569,7,70.77,2.09,,
422903,P,2000-09-25,63468,1,26.56,4.66,,
422904,P,2000-12-05,6972,9,63.56,3.70,,
422905,P,2000-02-17,66230,10,22.30,2.11,,
422906,P,2002-07-10,60506,10,29.08,3.18,,
422907,P,2001-11-04,13807,9,10.28,2.45,,
422908,P,2001-05-06,76728,6,4.60,4.95,,
422909,P,2002-02-28,61552,9,19.41,2.24,,
422910,P,2001-03-08,4274,6,87.11,2.14,,
422911,P,2000-04-27,58416,10,7.60,7.52,,
422912,P,2000-03-28,96352,8,57.66,6.28,,
422913,P,2002-09-03,57449,4,23.24,3.14,,
422914,P,2000-11-04,98139,7,58.46,9.87,,
422915,P,2000-08-18,54457,8,58.87,4.62,,
422916,P,2001-07-06,43042,8,46.93,0.92,,
422917,P,2001-07-09,13787,1,24.67,9.65,,
422918,P,2001-02-10,11947,4,77.70,0.33,,
422919,P,2001-03-17,80016,7,1.91,0.95,,
422920,P,2001-04-25,18126,1,46.90,2.23,,
422921,P,2000-06-21,11671,8,83.51,0.22,,
422922,P,2000-04-01,12404,6,6.85,2.10,,
422923,P,2002-02-08,74281,9,25.78,3.22,,
422924,P,2000-10-07,82193,6,21.98,2.98,,
422925,P,2001-05-15,34703,7,89.44,4.22,,
422926,P,2002-03-04,94939,7,60.72,9.11,,
422927,P,2001-08-15,67112,10,64.85,2.46,,
422928,P,2001-01-26,92259,5,25.06,7.21,,
422929,P,2000-07-28,33924,5,80.71,7.44,,
422930,P,2002-03-12,41255,6,17.37,4.10,,
422931,P,2000-01-03,14054,8,33.60,1.01,,
422932,P,2000-11-20,69529,7,46.67,8.15,,
422933,P,2001-03-13,34872,5,0.05,5.79,,
422934,P,2000-06-26,92669,4,79.34,8.42,,
422935,P,2000-06-24,53608,10,4.55,4.42,,
422936,P,2002-02-10,61184,6,8.64,5.68,,
422937,P,2000-03-08,22657,10,99.63,5.11,,
422938,P,2000-07-02,21229,4,92.19,9.01,,
422939,P,2001-05-08,84701,9,44.05,6.08,,
422940,P,2002-01-19,44291,8,83.16,2.89,,
422941,P,2002-06-23,33945,2,45.96,2.47,,
422942,P,2001-11-18,84224,4,21.46,4.57,,
422943,P,2000-08-31,46716,4,52.55,7.50,,
422944,P,2000-07-20,64429,10,96.34,0.73,,
422945,P,2001-09-12,99448,3,95.88,8.63,,
422946,P,2001-01-24,72311,8,76.67,6.59,,
422947,P,2000-03-29,67932,4,43.38,8.59,,
422948,P,2001-01-01,884,4,6.43,3.47,,
422949,P,2000-02-08,94447,6,41.39,7.45,,
422950,P,2002-01-10,25329,6,80.30,4.25,,
422951,P,2002-02-10,18599,1,91.70,0.22,,
422952,P,2001-05-20,39569,2,84.98,9.95,,
422953,P,2001-10-21,69392,7,91.73,8.90,,
422954,P,2000-11-22,28455,1,90.13,4.90,,
422955,P,2001-08-30,3239,7,84.54,1.67,,
422956,P,2002-04-15,53542,6,83.42,0.50,,
422957,P,2002-01-26,13930,2,93.72,0.13,,
422958,P,2001-06-03,16019,2,74.41,4.19,,
422959,P,2000-06-29,62074,2,14.34,1.28,,
422960,P,2002-04-30,59946,6,62.00,9.06,,
422961,P,2000-07-10,59237,9,71.60,2.02,,
422962,P,2002-05-27,23359,8,67.89,4.09,,
422963,P,2001-04-09,52991,3,81.91,1.72,,
422964,P,2001-08-09,34015,8,10.99,9.28,,
422965,P,2000-11-27,69244,5,17.07,3.24,,
422966,P,2000-02-01,92171,2,87.83,5.30,,
422967,P,2001-05-15,88271,5,13.56,1.78,,
422968,P,2000-06-01,42461,3,83.83,8.98,,
422969,P,2000-05-07,29368,6,46.00,6.65,,
422970,P,2000-05-22,68847,6,47.19,0.98,,
422971,P,2002-07-26,84066,5,49.35,9.35,,
422972,P,2002-09-17,81698,7,55.86,3.82,,
422973,P,2002-04-05,12950,2,88.98,2.91,,
422974,P,2000-02-09,70468,6,4.50,3.60,,
422975,P,2002-02-20,76807,6,79.71,5.21,,
422976,P,2002-04-23,68406,6,51.83,5.32,,
422977,P,2000-11-15,29881,3,51.75,3.71,,
422978,P,2001-11-02,58778,4,21.87,4.19,,
422979,P,2000-05-27,12746,7,61.73,3.59,,
422980,P,2002-02-02,29614,4,82.12,6.18,,
422981,P,2001-10-11,77050,10,90.39,7.59,,
422982,P,2000-10-01,43895,10,21.21,6.85,,
422983,P,2002-07-09,50272,9,2.92,7.94,,
422984,P,2000-02-18,7696,6,0.30,8.80,,
422985,P,2001-10-02,32689,6,84.39,5.20,,
422986,P,2000-10-21,15023,9,77.50,3.43,,
422987,P,2000-07-24,8581,3,4.46,0.72,,
422988,P,2002-08-11,57206,6,39.91,4.96,,
422989,P,2002-01-04,55439,7,15.83,6.04,,
422990,P,2002-08-20,63964,2,49.49,4.68,,
422991,P,2001-12-22,35430,7,71.47,6.73,,
422992,P,2001-08-02,92040,1,94.34,8.62,,
422993,P,2000-07-03,82132,2,85.07,0.11,,
422994,P,2002-01-09,71302,4,73.08,3.62,,
422995,P,2001-11-02,43688,10,59.31,4.82,,
422996,P,2000-02-23,91122,10,91.96,5.97,,
422997,P,2000-03-16,38181,7,6.53,6.20,,
422998,P,2002-04-10,47449,7,72.23,5.50,,
422999,P,2000-07-02,97757,8,52.74,0.48,,
423000,P,2000-09-28,61408,6,34.63,6.00,,
423001,P,2002-04-03,22843,1,76.29,5.98,,
423002,P,2002-05-27,81976,4,95.27,4.41,,
423003,P,2002-05-09,35536,6,57.50,3.02,,
423004,P,2001-09-17,35982,7,6.08,4.12,,
423005,P,2001-05-26,88302,3,48.88,8.81,,
423006,P,2000-01-30,86896,8,92.24,4.61,,
423007,P,2000-05-26,6562,2,34.40,0.54,,
423008,P,2002-03-13,94417,8,76.67,1.47,,
423009,P,2002-04-09,34619,4,91.18,0.28,,
423010,P,2001-10-15,86113,3,43.17,1.07,,
423011,P,2000-07-24,41403,3,64.63,7.51,,
423012,P,2001-06-11,70165,2,60.42,3.72,,
423013,P,2000-12-06,26803,8,85.35,6.97,,
423014,P,2000-10-25,39949,1,42.10,3.30,,
423015,P,2001-07-24,39498,5,81.57,3.50,,
423016,P,2001-10-02,77898,2,92.75,4.59,,
423017,P,2002-05-13,57206,5,10.01,1.52,,
423018,P,2002-06-29,28430,7,40.41,7.40,,
423019,P,2001-07-15,82246,3,56.70,1.93,,
423020,P,2001-10-17,79445,6,99.03,0.95,,
423021,P,2001-01-25,67450,10,11.67,2.92,,
423022,P,2001-11-04,89665,1,39.95,5.60,,
423023,P,2002-04-06,37442,6,91.91,0.63,,
423024,P,2000-04-16,62273,3,58.55,3.06,,
423025,P,2000-06-10,21573,4,38.42,5.71,,
423026,P,2001-12-27,36770,8,83.14,4.77,,
423027,P,2001-07-17,71065,3,4.16,9.13,,
423028,P,2002-04-28,95287,7,95.72,4.04,,
423029,P,2001-02-27,82612,1,2.46,3.00,,
423030,P,2000-07-14,71672,7,8.40,2.98,,
423031,P,2002-03-27,81907,10,61.02,4.93,,
423032,P,2002-01-28,43856,10,4.38,2.86,,
423033,P,2001-04-07,19976,9,91.26,0.94,,
423034,P,2000-03-22,42165,8,24.93,2.65,,
423035,P,2000-12-11,73277,2,89.73,7.54,,
423036,P,2001-01-20,29915,7,15.01,9.06,,
423037,P,2001-01-02,50903,7,69.00,4.19,,
423038,P,2002-05-25,25587,2,24.33,0.84,,
423039,P,2000-08-14,12697,6,23.93,7.17,,
423040,P,2000-06-20,82482,7,90.63,2.56,,
423041,P,2002-07-14,29698,10,65.45,8.67,,
423042,P,2000-08-17,38099,4,84.93,8.80,,
423043,P,2000-01-25,34911,3,7.00,8.69,,
423044,P,2000-07-14,42056,4,43.73,1.81,,
423045,P,2001-10-13,98457,5,6.79,8.01,,
423046,P,2002-03-19,33141,6,48.87,5.37,,
423047,P,2002-05-17,10245,10,17.56,6.40,,
423048,P,2002-05-20,87763,6,56.87,5.50,,
423049,P,2002-01-23,8238,2,18.16,2.01,,
423050,P,2001-10-29,73673,3,21.37,2.80,,
423051,P,2000-12-13,24452,5,11.11,7.72,,
423052,P,2001-06-18,793,7,92.96,6.04,,
423053,P,2000-08-15,88645,3,74.33,5.77,,
423054,P,2001-08-14,12525,9,75.76,4.46,,
423055,P,2001-12-05,48392,8,76.99,4.21,,
423056,P,2001-03-01,5010,8,19.84,3.62,,
423057,P,2002-01-20,2865,3,26.34,5.37,,
423058,P,2001-03-01,64641,6,62.85,5.55,,
423059,P,2002-05-17,61023,6,67.06,4.04,,
423060,P,2000-10-18,44049,10,4.85,7.24,,
423061,P,2002-08-17,6030,5,7.82,5.17,,
423062,P,2002-04-02,22036,8,17.17,7.35,,
423063,P,2002-02-10,92428,2,89.17,6.81,,
423064,P,2000-09-29,31538,6,92.74,3.07,,
423065,P,2001-08-04,70339,10,7.14,5.82,,
423066,P,2001-12-26,9275,2,87.38,2.58,,
423067,P,2000-06-13,75998,7,13.26,2.33,,
423068,P,2000-08-03,11770,4,53.38,6.29,,
423069,P,2000-08-04,78424,9,93.91,3.56,,
423070,P,2001-03-10,55059,8,38.89,2.39,,
423071,P,2001-08-05,53024,1,72.29,1.16,,
423072,P,2000-11-26,77555,7,96.12,8.45,,
423073,P,2000-05-09,40438,5,81.72,8.11,,
423074,P,2001-05-10,91427,5,46.02,7.52,,
423075,P,2000-06-10,86855,2,46.12,5.18,,
423076,P,2001-09-02,85119,6,5.39,5.71,,
423077,P,2002-04-01,6250,2,6.90,7.65,,
423078,P,2001-04-03,93197,4,51.07,1.19,,
423079,P,2001-03-21,94591,2,54.97,4.29,,
423080,P,2001-02-11,38595,4,26.58,5.57,,
423081,P,2000-07-23,63493,1,46.36,3.85,,
423082,P,2001-03-09,39841,3,39.81,0.57,,
423083,P,2000-05-11,93958,8,67.18,4.62,,
423084,P,2002-02-05,93744,1,73.07,7.98,,
423085,P,2002-03-02,2492,5,57.44,7.19,,
423086,P,2000-03-08,15056,7,22.15,7.67,,
423087,P,2001-07-13,91282,1,53.68,7.62,,
423088,P,2001-06-26,57510,10,76.57,7.85,,
423089,P,2001-09-09,41157,6,62.75,8.39,,
423090,P,2001-03-28,85246,5,91.78,2.10,,
423091,P,2002-05-25,20790,4,87.80,9.97,,
423092,P,2000-06-07,45535,5,84.57,7.62,,
423093,P,2002-02-17,20889,2,57.87,2.02,,
423094,P,2001-06-14,95047,2,81.08,6.57,,
423095,P,2001-06-21,91296,4,57.25,3.19,,
423096,P,2001-02-07,64214,6,98.21,1.38,,
423097,P,2000-11-29,46591,1,85.33,7.50,,
423098,P,2001-10-05,67565,2,80.72,8.23,,
423099,P,2000-07-14,38139,10,28.15,7.69,,
423100,P,2001-08-12,93668,3,33.19,8.14,,
423101,P,2001-06-11,3027,10,52.58,1.21,,
423102,P,2001-02-18,16691,1,55.35,4.12,,
423103,P,2000-05-07,62239,10,54.77,3.05,,
423104,P,2001-06-04,35117,3,17.78,7.82,,
423105,P,2001-04-22,98674,7,15.20,2.11,,
423106,P,2001-09-27,1003,4,59.69,5.83,,
423107,P,2002-04-03,52649,2,69.99,5.81,,
423108,P,2001-11-28,23293,10,16.28,9.10,,
423109,P,2002-03-12,57578,6,41.83,1.21,,
423110,P,2002-06-05,39573,10,8.24,3.81,,
423111,P,2000-06-24,61764,7,96.30,8.65,,
423112,P,2002-06-10,32710,3,15.23,0.29,,
423113,P,2000-01-06,11168,6,69.87,0.09,,
423114,P,2002-04-20,65634,1,60.76,6.98,,
423115,P,2001-10-26,38084,4,16.98,3.06,,
423116,P,2001-01-07,53409,8,77.17,8.01,,
423117,P,2001-02-24,11696,2,88.91,5.75,,
423118,P,2002-08-26,3178,6,2.22,4.89,,
