137458,P,2002-04-12,95759,8,39.20,9.26,,
137459,P,2001-06-15,17998,2,41.50,2.02,,
137460,P,2001-03-15,63730,9,2.54,1.44,,
137461,P,2002-03-01,44902,7,77.10,8.11,,
137462,P,2001-02-07,80709,8,31.62,3.84,,
137463,P,2000-06-10,79759,7,42.80,4.07,,
137464,P,2000-10-18,48087,6,14.50,2.58,,
137465,P,2000-11-30,2421,1,68.11,2.30,,
137466,P,2001-11-30,63014,1,26.89,6.64,,
137467,P,2001-11-30,11872,4,46.61,8.10,,
137468,P,2000-06-15,74344,1,75.81,7.18,,
137469,P,2001-02-07,27248,5,67.15,1.28,,
137470,P,2002-06-03,97671,2,61.39,8.73,,
137471,P,2001-09-08,14933,4,80.65,1.50,,
137472,P,2000-08-20,36062,1,64.65,4.67,,
137473,P,2002-04-14,18144,2,17.00,2.51,,
137474,P,2001-12-31,3666,9,80.40,4.71,,
137475,P,2002-07-04,76830,6,75.03,7.04,,
137476,P,2002-02-05,95339,5,41.13,9.65,,
137477,P,2001-04-25,12688,9,18.34,1.39,,
137478,P,2002-09-04,69680,1,60.89,0.89,,
137479,P,2000-06-28,28071,1,50.54,2.79,,
137480,P,2002-03-20,13494,9,81.44,6.66,,
137481,P,2002-09-11,11453,3,74.42,2.32,,
137482,P,2002-01-30,64062,9,8.89,8.64,,
137483,P,2001-11-19,46624,5,23.50,5.66,,
137484,P,2001-11-18,40898,1,74.83,8.95,,
137485,P,2000-02-21,32562,5,53.16,3.18,,
137486,P,2000-06-17,24646,10,6.70,9.49,,
137487,P,2001-01-18,42381,5,60.25,6.27,,
137488,P,2000-09-09,82053,10,14.49,7.46,,
137489,P,2000-06-28,72715,2,63.98,5.60,,
137490,P,2000-10-21,33307,10,50.36,3.66,,
137491,P,2000-04-28,81250,4,19.83,9.02,,
137492,P,2000-03-25,25329,8,0.31,7.48,,
137493,P,2000-05-26,19384,6,27.76,5.93,,
137494,P,2002-09-26,62696,9,61.72,0.20,,
137495,P,2002-05-25,98033,4,47.44,4.66,,
137496,P,2002-07-12,10101,4,42.50,7.24,,
137497,P,2001-02-04,34244,5,51.06,8.86,,
137498,P,2000-03-26,20880,8,26.22,7.07,,
137499,P,2001-12-09,60027,10,14.41,1.46,,
137500,P,2000-12-24,96153,9,70.67,3.80,,
137501,P,2000-07-04,27267,3,21.35,1.74,,
137502,P,2002-01-29,81891,2,96.70,4.28,,
137503,P,2001-02-14,20192,3,57.76,4.54,,
137504,P,2000-07-01,49649,8,60.60,9.57,,
137505,P,2000-03-18,68059,8,70.62,6.39,,
137506,P,2000-04-16,90550,8,83.54,4.55,,
137507,P,2001-07-16,81708,10,22.32,2.88,,
137508,P,2002-03-24,13159,5,0.78,4.37,,
137509,P,2000-05-15,51851,9,99.57,8.74,,
137510,P,2002-09-18,32311,9,77.13,7.97,,
137511,P,2000-02-12,91863,10,76.11,6.96,,
137512,P,2001-07-12,8008,10,53.33,9.89,,
137513,P,2001-06-08,31342,9,95.23,6.81,,
137514,P,2000-07-20,76036,4,27.13,0.59,,
137515,P,2002-07-21,78325,6,52.64,6.58,,
137516,P,2001-09-07,26328,4,71.63,8.47,,
137517,P,2001-11-04,36123,6,23.44,9.25,,
137518,P,2001-03-18,41970,10,31.88,1.45,,
137519,P,2000-08-30,20895,9,84.62,1.79,,
137520,P,2000-11-16,62752,7,12.70,3.71,,
137521,P,2000-04-09,65354,3,69.03,4.95,,
137522,P,2000-05-11,96898,4,9.28,6.56,,
137523,P,2001-02-05,34978,8,88.06,0.79,,
137524,P,2000-07-07,47493,1,70.38,4.83,,
137525,P,2002-03-26,94747,1,70.50,9.68,,
137526,P,2001-04-27,31828,1,27.89,0.71,,
137527,P,2002-07-25,16642,8,32.12,6.80,,
137528,P,2000-04-26,77412,5,8.17,7.84,,
137529,P,2002-08-27,86975,4,40.22,0.16,,
137530,P,2001-11-13,44785,3,12.57,7.48,,
137531,P,2000-03-29,47365,1,27.09,2.41,,
137532,P,2001-04-08,95584,2,98.48,9.50,,
137533,P,2001-04-12,68949,4,26.78,3.72,,
137534,P,2002-06-10,57153,8,50.19,5.24,,
137535,P,2002-09-19,97171,8,33.08,2.68,,
137536,P,2000-11-09,82947,1,27.85,3.51,,
137537,P,2002-09-02,52888,3,39.24,6.98,,
137538,P,2001-08-14,25293,5,12.75,0.00,,
137539,P,2001-06-19,13223,1,70.19,4.32,,
137540,P,2000-12-29,14572,1,98.12,1.13,,
137541,P,2000-10-19,933,6,38.87,1.91,,
137542,P,2002-08-18,13189,5,8.86,7.41,,
137543,P,2000-11-09,51497,4,70.56,6.00,,
137544,P,2001-04-04,49007,10,18.96,9.03,,
137545,P,2002-01-30,1669,4,31.97,4.61,,
137546,P,2000-07-19,55473,10,39.64,3.69,,
137547,P,2001-06-15,94030,6,55.42,6.70,,
137548,P,2001-03-25,33817,4,29.55,9.96,,
137549,P,2000-03-04,97705,1,36.91,5.88,,
137550,P,2001-12-07,72321,10,47.65,8.39,,
137551,P,2002-03-22,14703,5,77.80,3.92,,
137552,P,2002-05-22,15015,9,86.82,0.95,,
137553,P,2000-04-23,46732,3,9.91,8.28,,
137554,P,2000-10-06,72001,5,72.69,6.60,,
137555,P,2001-01-08,93903,3,61.64,8.66,,
137556,P,2000-12-27,77470,8,68.62,3.69,,
137557,P,2000-06-19,31540,2,0.00,1.25,,
137558,P,2000-05-16,40135,8,53.32,5.34,,
137559,P,2001-10-22,71060,9,18.91,2.31,,
137560,P,2000-04-05,67668,2,61.24,1.86,,
137561,P,2002-07-26,25012,3,59.84,9.16,,
137562,P,2001-05-21,7957,3,48.51,4.60,,
137563,P,2000-12-12,4875,2,48.46,6.22,,
137564,P,2000-12-08,19916,9,47.14,7.33,,
137565,P,2002-07-24,17066,6,4.81,9.78,,
137566,P,2001-02-24,51955,5,7.02,0.93,,
137567,P,2001-11-08,71886,5,10.03,1.43,,
137568,P,2000-11-13,63742,4,46.05,4.06,,
137569,P,2002-07-09,39507,5,70.54,1.34,,
137570,P,2001-06-05,88288,6,13.98,9.92,,
137571,P,2000-12-18,71338,8,9.44,1.91,,
137572,P,2000-09-22,72403,3,63.65,6.51,,
137573,P,2002-01-01,89538,1,13.28,6.91,,
137574,P,2001-09-11,86280,8,38.23,8.31,,
137575,P,2000-11-01,26097,9,9.77,7.65,,
137576,P,2001-06-19,43038,8,68.24,5.80,,
137577,P,2001-08-17,56868,2,67.83,8.69,,
137578,P,2001-07-13,91912,2,69.05,3.60,,
137579,P,2001-05-16,12492,2,91.47,8.20,,
137580,P,2000-04-24,17077,10,69.84,3.84,,
137581,P,2000-03-30,91612,2,5.72,6.86,,
137582,P,2000-06-17,62932,3,76.73,0.13,,
137583,P,2000-11-12,92713,7,66.45,9.86,,
137584,P,2001-11-18,62072,3,12.92,6.08,,
137585,P,2001-04-19,64725,1,81.20,4.48,,
137586,P,2000-07-14,86261,1,64.40,6.47,,
137587,P,2001-07-09,10249,6,25.12,9.55,,
137588,P,2001-04-19,96786,7,56.82,7.89,,
137589,P,2001-04-03,10059,5,55.99,0.51,,
137590,P,2000-04-11,17860,1,23.80,9.83,,
137591,P,2002-02-19,61093,2,36.97,7.26,,
137592,P,2002-09-02,17634,3,76.65,4.22,,
137593,P,2000-06-19,3131,4,63.99,5.89,,
137594,P,2001-07-01,31026,6,85.33,8.84,,
137595,P,2002-03-18,49291,3,14.75,4.04,,
137596,P,2002-03-11,92291,6,72.38,5.06,,
137597,P,2000-09-20,29427,1,49.08,5.43,,
137598,P,2000-01-18,65981,9,48.73,7.36,,
137599,P,2001-12-24,61760,6,31.99,7.69,,
137600,P,2001-10-06,7913,7,63.21,1.91,,
137601,P,2000-03-17,70104,7,45.40,0.73,,
137602,P,2001-01-26,91441,7,91.76,5.31,,
137603,P,2001-08-19,65228,1,67.28,0.94,,
137604,P,2002-07-07,58565,5,62.97,7.16,,
137605,P,2002-02-17,15307,6,56.90,0.06,,
137606,P,2001-08-28,14960,5,98.74,6.57,,
137607,P,2000-07-12,23238,10,51.15,8.95,,
137608,P,2000-11-16,53540,4,78.15,8.26,,
137609,P,2001-11-25,58657,2,1.58,3.01,,
137610,P,2000-06-12,38214,10,82.89,5.75,,
137611,P,2000-10-20,11206,10,62.12,2.64,,
137612,P,2001-07-06,58129,4,59.36,2.42,,
137613,P,2001-01-22,77926,9,66.18,0.91,,
137614,P,2000-11-12,64728,6,93.92,1.84,,
137615,P,2000-05-04,20984,4,81.05,9.87,,
137616,P,2002-05-26,80966,10,19.56,0.48,,
137617,P,2001-05-15,11934,9,46.30,5.77,,
137618,P,2000-01-31,5974,9,57.17,7.00,,
137619,P,2001-02-24,44793,2,16.28,5.92,,
137620,P,2000-09-28,95834,10,63.96,7.09,,
137621,P,2000-07-05,32088,4,62.88,8.28,,
137622,P,2000-09-23,62969,1,63.93,4.00,,
137623,P,2000-11-30,13184,10,37.49,4.87,,
137624,P,2001-08-31,84914,5,12.41,3.46,,
137625,P,2000-06-15,3553,4,83.91,8.92,,
137626,P,2001-07-24,86620,7,61.73,6.22,,
137627,P,2000-11-30,80693,10,44.20,8.41,,
137628,P,2000-02-02,76219,4,62.68,0.26,,
137629,P,2001-07-07,40673,4,30.90,3.97,,
137630,P,2001-06-09,69018,2,58.65,4.24,,
137631,P,2002-01-27,4587,7,53.24,7.24,,
137632,P,2001-02-13,98296,5,15.95,0.53,,
137633,P,2000-08-04,31430,6,25.77,7.85,,
137634,P,2002-08-13,46126,7,17.12,3.87,,
137635,P,2002-02-19,44788,8,42.01,7.06,,
137636,P,2000-03-20,17861,9,85.30,8.74,,
137637,P,2000-04-03,60530,3,46.52,7.46,,
137638,P,2001-09-28,8135,8,74.19,7.75,,
137639,P,2000-07-14,54699,7,79.73,2.70,,
137640,P,2002-03-24,97225,8,25.27,4.71,,
137641,P,2000-12-30,28053,7,78.65,6.11,,
137642,P,2002-04-12,37819,6,38.27,1.32,,
137643,P,2001-09-15,40662,6,28.22,6.65,,
137644,P,2000-08-27,60446,1,87.65,2.25,,
137645,P,2000-07-07,11999,1,38.05,4.88,,
137646,P,2000-05-06,98876,4,71.35,5.99,,
137647,P,2001-01-27,92500,9,14.58,0.92,,
137648,P,2000-09-27,23108,2,13.44,3.01,,
137649,P,2000-07-08,30121,2,2.03,7.26,,
137650,P,2000-05-08,77125,3,69.72,3.07,,
137651,P,2001-07-07,36768,7,90.50,7.71,,
137652,P,2001-05-28,5885,6,12.07,5.85,,
137653,P,2000-08-02,51211,4,93.37,4.60,,
137654,P,2002-04-07,41177,9,95.62,6.48,,
137655,P,2001-04-17,88951,6,82.64,8.61,,
137656,P,2000-09-04,56806,1,64.80,7.72,,
137657,P,2002-02-27,7394,9,18.12,4.48,,
137658,P,2001-11-03,80194,2,17.98,3.82,,
137659,P,2000-06-04,66767,2,12.25,0.22,,
137660,P,2000-12-05,77909,8,99.83,9.73,,
137661,P,2001-12-25,12592,2,20.38,0.59,,
137662,P,2001-05-07,99250,1,58.86,1.80,,
137663,P,2001-01-09,54404,4,73.60,9.14,,
137664,P,2000-08-10,36441,10,36.77,2.70,,
137665,P,2000-10-12,21861,5,28.36,6.38,,
137666,P,2001-01-19,51313,1,46.45,2.63,,
137667,P,2000-12-05,64076,5,59.23,2.55,,
137668,P,2000-04-27,60311,1,27.59,7.72,,
137669,P,2000-04-08,71736,7,91.04,9.08,,
137670,P,2001-11-16,86534,4,31.48,0.13,,
137671,P,2001-10-21,58671,8,42.73,6.71,,
137672,P,2001-05-22,66686,9,25.63,1.37,,
137673,P,2002-02-05,75739,1,65.10,6.75,,
137674,P,2001-11-20,65759,4,67.85,6.61,,
137675,P,2001-08-13,96559,9,85.60,4.38,,
137676,P,2000-12-12,6439,7,75.54,2.58,,
137677,P,2001-07-19,78065,1,3.83,9.83,,
137678,P,2000-12-17,88897,4,15.54,4.65,,
137679,P,2001-11-15,52233,4,21.25,9.00,,
137680,P,2001-04-27,6120,4,96.36,0.15,,
137681,P,2002-05-21,74516,2,58.26,2.95,,
137682,P,2000-05-20,28402,3,45.37,3.26,,
137683,P,2000-01-24,70753,1,29.86,0.91,,
137684,P,2000-08-27,17224,8,73.24,8.49,,
137685,P,2001-03-06,52122,5,4.58,8.78,,
137686,P,2001-06-09,51625,9,24.52,4.84,,
137687,P,2002-01-24,12854,8,75.25,9.03,,
137688,P,2000-09-10,87710,9,39.20,9.68,,
137689,P,2002-06-25,86332,3,56.66,1.60,,
137690,P,2000-08-19,21655,3,25.21,7.11,,
137691,P,2001-05-20,4507,3,14.02,3.22,,
137692,P,2001-11-08,31246,5,3.17,5.21,,
137693,P,2000-01-01,72604,8,29.25,8.03,,
137694,P,2002-09-12,16122,10,40.28,6.93,,
137695,P,2001-04-21,61100,6,78.78,2.50,,
137696,P,2001-02-19,56529,1,31.78,1.62,,
137697,P,2000-02-18,71532,5,76.96,5.83,,
137698,P,2002-02-03,20340,10,84.83,1.69,,
137699,P,2002-05-24,40860,8,73.95,7.20,,
137700,P,2000-08-27,91946,10,20.23,2.09,,
137701,P,2001-08-31,8661,9,34.63,3.22,,
137702,P,2002-07-20,41374,4,69.75,4.45,,
137703,P,2002-08-04,22736,9,46.11,4.08,,
137704,P,2000-08-01,52858,8,74.61,5.39,,
137705,P,2002-03-03,38861,5,49.53,3.78,,
137706,P,2002-07-10,80551,9,50.32,0.29,,
137707,P,2001-04-25,39683,7,52.21,1.68,,
137708,P,2001-04-29,24638,8,0.27,9.56,,
137709,P,2000-09-10,61199,7,29.39,2.07,,
137710,P,2000-07-02,24809,4,95.99,5.33,,
137711,P,2002-04-21,42795,2,49.03,3.12,,
137712,P,2002-09-13,49151,4,88.80,7.91,,
137713,P,2001-01-28,34507,10,84.59,7.46,,
137714,P,2001-07-20,41468,5,55.02,4.95,,
137715,P,2001-10-26,98547,5,4.04,4.49,,
137716,P,2000-05-27,4246,1,0.90,4.43,,
137717,P,2000-11-04,53063,7,52.06,8.29,,
137718,P,2001-07-17,49121,5,60.79,9.71,,
137719,P,2000-12-04,15976,3,81.82,4.22,,
137720,P,2002-04-29,55519,6,14.61,3.37,,
137721,P,2001-04-01,16330,9,27.38,4.81,,
137722,P,2001-03-24,46101,3,29.12,0.74,,
137723,P,2002-07-31,71140,5,7.93,5.03,,
137724,P,2001-11-28,83554,10,75.61,9.87,,
137725,P,2001-11-06,34817,10,91.00,3.16,,
137726,P,2002-05-03,23059,5,7.34,7.07,,
137727,P,2001-11-19,21043,2,65.99,1.98,,
137728,P,2000-06-06,49853,9,66.53,4.72,,
137729,P,2001-10-27,44809,2,84.69,9.41,,
137730,P,2000-03-13,3453,9,27.39,8.94,,
137731,P,2001-09-28,61566,3,66.05,8.52,,
137732,P,2000-11-21,21190,10,15.21,6.02,,
137733,P,2001-04-27,36918,9,79.73,3.85,,
137734,P,2002-02-17,49756,6,67.53,0.25,,
137735,P,2000-02-16,15780,3,72.50,9.96,,
137736,P,2000-03-31,73800,4,9.67,7.39,,
137737,P,2002-04-18,26455,4,72.40,4.56,,
137738,P,2000-12-12,7448,10,32.86,0.78,,
137739,P,2001-12-13,52571,9,81.50,8.00,,
137740,P,2002-01-06,72096,2,74.60,0.85,,
137741,P,2002-07-14,75596,9,23.17,8.43,,
137742,P,2001-04-10,12808,8,49.37,9.25,,
137743,P,2000-02-12,41337,10,36.87,7.37,,
137744,P,2001-03-31,4569,4,23.65,2.67,,
137745,P,2002-01-04,20403,4,93.10,3.92,,
137746,P,2000-03-23,65560,1,15.83,3.38,,
137747,P,2001-11-17,78560,2,47.62,2.86,,
137748,P,2000-08-17,98514,8,61.24,1.79,,
137749,P,2002-04-19,13575,7,69.56,6.35,,
137750,P,2001-06-07,5560,4,70.75,2.40,,
137751,P,2001-04-16,73211,6,83.23,0.36,,
137752,P,2000-06-23,96102,2,92.28,2.15,,
137753,P,2000-12-20,3788,10,25.96,1.71,,
137754,P,2002-06-26,47598,6,71.71,2.54,,
137755,P,2002-04-02,64365,9,20.96,6.37,,
137756,P,2002-06-06,89704,5,55.33,9.30,,
137757,P,2000-12-02,61203,8,16.67,0.55,,
137758,P,2001-03-30,71599,5,49.98,9.30,,
137759,P,2001-01-21,30671,4,44.93,0.78,,
137760,P,2000-12-22,44828,1,53.56,2.77,,
137761,P,2000-10-24,66001,9,95.50,3.99,,
137762,P,2001-09-19,25608,5,29.93,8.33,,
137763,P,2001-02-26,50501,1,6.20,4.50,,
137764,P,2002-04-23,75587,5,99.43,1.24,,
137765,P,2000-02-22,40559,6,43.42,8.22,,
137766,P,2000-11-24,57232,6,27.21,4.06,,
137767,P,2001-09-03,89248,7,60.97,5.25,,
137768,P,2000-02-28,30537,7,0.74,9.32,,
137769,P,2001-06-23,30462,10,23.31,0.07,,
137770,P,2000-09-17,35785,8,10.28,3.86,,
137771,P,2002-04-10,14349,4,11.68,7.08,,
137772,P,2001-11-10,45117,6,56.60,6.29,,
137773,P,2001-04-03,34601,5,5.36,4.41,,
137774,P,2001-07-28,2059,10,47.90,0.34,,
137775,P,2001-01-12,82994,5,37.89,1.81,,
137776,P,2001-05-16,56644,3,28.25,7.58,,
137777,P,2000-06-23,20643,6,87.31,8.08,,
137778,P,2001-08-02,77550,10,49.23,0.22,,
137779,P,2001-12-20,11473,9,48.11,6.76,,
137780,P,2001-03-17,6547,2,70.89,1.04,,
137781,P,2002-05-07,67885,3,37.62,5.54,,
137782,P,2001-01-30,30953,7,6.14,7.55,,
137783,P,2002-03-01,53607,8,31.80,6.15,,
137784,P,2002-08-21,79619,6,13.68,5.15,,
137785,P,2000-02-16,36955,4,43.44,3.70,,
137786,P,2002-03-04,84301,2,3.33,8.06,,
137787,P,2000-05-26,82871,1,54.27,9.30,,
137788,P,2002-06-20,48306,3,94.86,1.10,,
137789,P,2001-01-12,18878,3,84.07,0.98,,
137790,P,2001-03-26,30653,9,31.88,8.73,,
137791,P,2002-02-20,22921,8,23.95,4.37,,
137792,P,2000-02-05,62715,2,12.42,4.39,,
137793,P,2001-06-19,72309,3,12.44,6.77,,
137794,P,2002-01-20,50485,1,16.36,7.99,,
137795,P,2002-02-12,61633,1,16.94,1.62,,
137796,P,2002-09-01,10361,10,96.21,7.94,,
137797,P,2002-07-28,28893,1,2.14,8.73,,
137798,P,2001-05-29,733,4,14.69,9.22,,
137799,P,2000-08-20,635,10,18.14,6.67,,
137800,P,2000-06-09,10006,10,28.79,5.89,,
137801,P,2000-06-15,30059,2,56.71,1.38,,
137802,P,2000-08-12,95987,6,87.56,6.58,,
137803,P,2002-07-29,15872,2,35.22,4.84,,
137804,P,2000-08-25,44110,2,58.12,2.33,,
137805,P,2002-08-23,21425,2,71.13,1.53,,
137806,P,2001-12-26,54748,3,18.18,6.77,,
137807,P,2000-10-14,54785,6,51.82,5.15,,
137808,P,2000-08-31,89153,2,15.44,4.78,,
137809,P,2001-12-18,39181,9,36.70,0.60,,
137810,P,2001-04-15,31891,2,1.76,9.08,,
137811,P,2002-05-19,70809,7,78.14,6.12,,
137812,P,2000-02-23,28692,9,81.52,4.73,,
137813,P,2000-12-21,81543,10,32.54,0.03,,
137814,P,2000-09-14,80971,2,51.21,0.61,,
137815,P,2001-07-03,41279,2,44.72,0.81,,
137816,P,2001-07-11,64091,4,0.82,6.03,,
137817,P,2001-06-23,61269,5,89.88,1.75,,
137818,P,2002-04-29,24401,4,95.58,5.84,,
137819,P,2002-08-11,67410,5,48.90,9.06,,
137820,P,2000-10-05,41872,10,83.30,2.66,,
137821,P,2002-07-29,86873,9,24.11,5.88,,
137822,P,2002-04-23,32756,10,96.15,5.91,,
137823,P,2001-08-03,36980,5,92.64,2.03,,
137824,P,2002-01-09,9198,10,97.66,4.62,,
137825,P,2001-11-19,9515,5,2.95,1.37,,
137826,P,2000-06-15,37418,3,7.27,3.60,,
137827,P,2002-04-10,21240,8,42.26,4.85,,
137828,P,2001-04-02,46330,1,46.90,4.68,,
137829,P,2000-02-29,65535,1,7.93,4.07,,
137830,P,2001-03-13,30662,1,85.19,0.66,,
137831,P,2001-09-08,52304,1,17.06,4.84,,
137832,P,2001-09-22,95849,10,35.90,5.81,,
137833,P,2001-07-13,99052,4,17.92,4.48,,
137834,P,2002-03-03,57777,9,77.75,0.88,,
137835,P,2000-10-20,48553,6,59.14,7.01,,
137836,P,2000-02-16,41458,5,6.65,0.88,,
137837,P,2000-11-19,51800,3,25.69,2.47,,
137838,P,2001-05-03,65803,9,18.11,2.59,,
137839,P,2001-10-04,67866,8,81.54,9.20,,
137840,P,2000-12-17,51881,4,35.47,5.17,,
137841,P,2000-12-22,41522,2,55.92,5.04,,
137842,P,2002-05-08,81954,2,43.32,1.25,,
137843,P,2001-08-25,78243,3,28.64,8.48,,
137844,P,2000-02-12,42725,2,15.78,2.83,,
137845,P,2002-04-30,76536,8,79.56,6.72,,
137846,P,2002-07-31,58578,10,62.10,8.08,,
137847,P,2000-05-10,67571,3,59.58,0.78,,
137848,P,2001-10-05,53875,10,60.32,3.16,,
137849,P,2002-01-23,52233,7,19.82,9.62,,
137850,P,2002-06-16,35816,3,4.26,2.18,,
137851,P,2000-08-11,9786,9,94.56,1.04,,
137852,P,2002-05-31,28391,6,22.18,1.73,,
137853,P,2000-02-23,1244,4,72.63,6.69,,
137854,P,2001-11-10,74364,1,28.13,4.20,,
137855,P,2002-01-30,28368,2,21.02,5.75,,
137856,P,2000-10-06,93684,7,89.63,1.28,,
137857,P,2002-03-24,77603,7,98.20,7.91,,
137858,P,2001-04-09,65320,2,98.11,7.26,,
137859,P,2000-01-26,37191,9,23.18,1.67,,
137860,P,2000-09-05,11459,8,24.35,9.90,,
137861,P,2002-08-04,53706,2,47.58,5.18,,
137862,P,2002-05-08,74363,4,99.97,0.27,,
137863,P,2000-11-06,53053,8,34.96,9.72,,
137864,P,2000-09-25,6494,8,71.67,7.58,,
137865,P,2000-04-16,41162,9,26.58,4.72,,
137866,P,2001-05-26,29075,2,96.68,0.35,,
137867,P,2001-01-16,84258,4,80.98,1.30,,
137868,P,2001-02-01,25697,5,37.53,7.26,,
137869,P,2001-08-19,55448,6,17.23,8.50,,
137870,P,2000-05-24,29189,9,53.88,6.44,,
137871,P,2002-01-28,81758,4,66.34,9.18,,
137872,P,2000-08-18,95882,2,64.82,9.88,,
137873,P,2001-10-27,6896,8,17.33,2.50,,
137874,P,2002-03-31,40162,2,76.78,5.97,,
137875,P,2000-01-21,55491,7,11.67,1.83,,
137876,P,2002-09-23,89038,9,51.90,7.71,,
137877,P,2002-04-12,95820,7,87.98,7.93,,
137878,P,2001-02-07,64480,5,31.60,9.04,,
137879,P,2002-07-09,45851,5,0.08,3.42,,
137880,P,2000-02-25,63751,6,30.29,9.69,,
137881,P,2001-06-20,87212,8,54.83,7.25,,
137882,P,2000-01-15,21188,1,37.62,6.05,,
137883,P,2001-06-26,39010,6,21.81,0.32,,
137884,P,2002-07-19,27706,8,21.34,1.53,,
137885,P,2002-03-04,22571,5,63.09,6.40,,
137886,P,2002-05-24,7006,2,17.83,1.62,,
137887,P,2001-05-29,55571,2,80.29,9.37,,
137888,P,2000-06-15,84633,3,91.32,2.70,,
137889,P,2000-01-11,35842,2,79.16,7.72,,
137890,P,2002-04-16,59247,1,49.42,1.06,,
137891,P,2000-08-26,54780,3,0.08,5.72,,
137892,P,2000-01-20,3070,6,6.98,4.51,,
137893,P,2002-08-03,86067,3,74.36,3.80,,
137894,P,2000-02-14,61605,5,18.81,6.92,,
137895,P,2001-11-22,97782,6,47.10,4.91,,
137896,P,2002-01-16,80471,9,1.90,7.83,,
137897,P,2001-09-04,3470,10,39.04,0.19,,
137898,P,2002-02-05,78818,1,75.44,0.17,,
137899,P,2001-01-04,53675,1,13.42,2.71,,
137900,P,2000-02-14,78441,4,41.03,4.49,,
137901,P,2002-05-04,75610,6,74.86,9.97,,
137902,P,2001-02-07,59383,8,22.13,4.52,,
137903,P,2000-01-07,50279,10,46.78,7.16,,
137904,P,2001-06-23,69637,7,75.01,5.95,,
137905,P,2000-09-18,6821,10,39.99,3.33,,
137906,P,2002-05-20,35983,8,77.58,2.47,,
137907,P,2001-06-27,27447,10,48.09,6.39,,
137908,P,2000-09-12,77711,3,31.97,0.27,,
137909,P,2001-02-24,60814,5,43.47,7.99,,
137910,P,2002-05-04,62372,4,65.94,7.39,,
137911,P,2001-03-23,20745,8,17.69,4.90,,
137912,P,2000-08-03,22676,2,12.84,3.54,,
137913,P,2000-02-05,22650,1,77.66,4.03,,
137914,P,2000-02-16,92631,7,93.09,0.49,,
137915,P,2002-08-20,54601,7,45.14,7.39,,
137916,P,2000-04-26,63715,5,73.65,4.57,,
137917,P,2001-04-03,43934,5,72.68,3.37,,
137918,P,2000-01-28,84659,9,9.69,2.48,,
137919,P,2000-11-09,46920,3,38.90,0.60,,
137920,P,2002-08-01,63108,8,80.28,0.38,,
137921,P,2001-12-02,23446,2,47.92,4.75,,
137922,P,2001-05-26,72892,8,98.28,0.70,,
137923,P,2001-07-16,78729,6,58.92,8.58,,
137924,P,2000-01-28,24033,1,57.67,8.28,,
137925,P,2002-04-01,93846,10,17.36,4.75,,
137926,P,2002-01-19,50739,3,39.79,4.70,,
137927,P,2002-07-12,73443,8,61.27,6.36,,
137928,P,2001-01-16,41278,2,59.61,9.37,,
137929,P,2000-01-18,7942,4,10.83,9.68,,
137930,P,2001-11-27,40370,9,27.56,7.88,,
137931,P,2002-08-11,36925,7,54.42,1.65,,
137932,P,2002-04-26,55371,6,84.08,4.84,,
137933,P,2001-06-04,2297,7,23.54,4.30,,
137934,P,2002-06-17,30187,8,8.91,1.32,,
137935,P,2002-06-14,35855,8,53.08,6.12,,
137936,P,2002-03-12,70405,1,23.44,2.10,,
137937,P,2002-03-10,6369,3,55.68,5.93,,
137938,P,2000-05-28,11183,9,43.29,9.92,,
137939,P,2002-04-20,44807,8,31.35,1.93,,
137940,P,2002-07-08,33828,8,67.23,0.27,,
137941,P,2002-05-03,74800,2,72.46,1.92,,
137942,P,2000-01-10,66514,3,66.22,2.95,,
137943,P,2001-04-04,48313,10,29.21,6.36,,
137944,P,2001-09-22,1002,5,62.88,1.24,,
137945,P,2001-01-05,97963,2,96.92,0.67,,
137946,P,2001-01-20,4888,3,57.41,3.94,,
137947,P,2001-06-25,80892,9,8.96,0.26,,
137948,P,2001-03-19,15984,9,18.34,6.08,,
137949,P,2000-11-16,49702,4,20.95,0.43,,
137950,P,2000-01-25,92285,6,93.34,4.11,,
137951,P,2000-01-23,77621,1,33.70,0.79,,
137952,P,2000-03-31,31332,3,1.24,2.14,,
137953,P,2000-03-18,86863,3,97.76,0.36,,
137954,P,2002-02-12,93446,8,62.89,4.19,,
137955,P,2001-08-26,48916,10,3.82,1.73,,
137956,P,2000-02-28,61859,2,12.14,5.30,,
137957,P,2002-07-02,30107,3,58.96,4.84,,
137958,P,2002-09-20,70669,4,73.43,1.29,,
137959,P,2002-04-28,6191,7,89.66,5.88,,
137960,P,2000-11-01,43922,8,60.24,7.97,,
137961,P,2001-01-19,44598,7,91.96,1.58,,
137962,P,2000-10-23,22530,5,33.16,6.96,,
137963,P,2000-03-02,32297,7,43.92,9.51,,
137964,P,2002-03-06,40682,9,44.92,5.10,,
137965,P,2002-05-13,67969,3,14.42,5.18,,
137966,P,2002-03-09,43415,8,60.07,1.15,,
137967,P,2000-07-24,15721,6,82.03,0.51,,
137968,P,2002-05-22,30991,5,93.17,7.34,,
137969,P,2000-04-10,96674,7,33.63,9.52,,
137970,P,2000-05-02,34859,8,74.73,9.18,,
137971,P,2002-09-26,86971,2,77.39,2.15,,
137972,P,2001-08-04,41853,5,41.15,0.96,,
137973,P,2002-07-26,26103,1,41.29,1.65,,
137974,P,2000-10-04,43929,10,37.21,4.52,,
137975,P,2001-04-03,80324,6,70.15,7.03,,
137976,P,2002-06-12,86139,7,71.74,0.24,,
137977,P,2001-09-09,493,4,17.33,6.76,,
137978,P,2000-08-29,55990,9,50.60,7.75,,
137979,P,2001-02-10,72217,3,7.38,8.03,,
137980,P,2001-11-24,50078,10,57.58,3.75,,
137981,P,2000-12-19,3049,7,31.08,8.56,,
137982,P,2002-03-11,26093,6,70.33,2.40,,
137983,P,2001-03-02,44624,1,46.18,2.64,,
137984,P,2001-12-24,8143,4,23.28,9.83,,
137985,P,2001-10-07,70025,3,95.14,2.83,,
137986,P,2001-08-07,61250,1,16.23,2.23,,
137987,P,2000-06-17,45097,9,29.63,2.26,,
137988,P,2000-03-03,3338,1,71.07,0.89,,
137989,P,2001-05-24,66233,9,63.18,3.43,,
137990,P,2000-02-14,11065,4,67.94,1.12,,
137991,P,2001-05-25,59636,7,63.38,6.69,,
137992,P,2000-10-09,90494,9,16.99,1.93,,
137993,P,2001-06-06,32195,2,51.55,9.80,,
137994,P,2002-08-21,4908,4,78.47,4.25,,
137995,P,2000-01-27,14648,4,46.45,8.87,,
137996,P,2001-02-12,59180,2,66.67,3.15,,
137997,P,2002-09-21,80780,5,18.34,7.92,,
137998,P,2001-08-21,10433,9,85.57,5.54,,
137999,P,2001-08-28,85712,6,61.54,5.85,,
138000,P,2002-02-14,18113,1,13.83,4.92,,
138001,P,2000-05-13,7944,2,25.40,1.84,,
138002,P,2001-02-04,98960,1,50.07,2.58,,
138003,P,2002-09-23,74028,5,74.79,2.53,,
138004,P,2001-12-15,58713,5,9.32,8.21,,
138005,P,2000-09-08,13623,1,1.34,9.88,,
138006,P,2002-04-16,36084,10,22.19,9.17,,
138007,P,2002-03-06,7547,9,36.75,0.88,,
138008,P,2000-08-12,67957,5,63.74,2.02,,
138009,P,2001-04-24,8048,6,18.73,2.90,,
138010,P,2001-05-22,24860,2,90.01,5.22,,
138011,P,2000-10-28,53318,4,12.43,1.39,,
138012,P,2001-08-02,51538,7,22.22,9.12,,
138013,P,2002-09-06,2288,6,67.55,3.80,,
138014,P,2000-09-12,47181,3,32.70,1.96,,
138015,P,2001-10-09,80967,7,58.54,9.89,,
138016,P,2001-12-24,29956,5,53.66,7.94,,
138017,P,2002-01-29,74984,3,86.68,8.19,,
138018,P,2002-06-28,1742,10,34.88,1.57,,
138019,P,2002-01-14,88661,10,62.36,4.53,,
138020,P,2002-02-04,92616,1,64.64,7.87,,
138021,P,2002-04-12,41275,7,94.60,8.07,,
138022,P,2002-01-26,93465,3,19.42,3.57,,
138023,P,2001-07-16,9121,5,1.28,2.44,,
138024,P,2001-05-22,68668,6,25.88,7.22,,
138025,P,2002-07-23,89772,1,75.82,7.58,,
138026,P,2001-03-29,8863,5,12.82,7.43,,
138027,P,2002-08-14,71630,3,49.54,5.45,,
138028,P,2002-03-13,33593,5,44.16,8.42,,
138029,P,2000-07-17,90791,2,48.01,9.50,,
138030,P,2002-02-13,35331,5,58.66,3.37,,
138031,P,2000-03-18,96976,10,69.82,6.48,,
138032,P,2000-04-09,76024,10,78.09,6.43,,
138033,P,2002-07-05,84861,10,15.02,5.41,,
138034,P,2002-09-10,371,10,5.73,5.89,,
138035,P,2000-02-26,9442,1,1.85,3.66,,
138036,P,2002-03-29,83473,8,47.05,9.90,,
138037,P,2002-03-13,38219,1,95.40,9.05,,
138038,P,2002-05-15,11167,4,26.89,7.16,,
138039,P,2000-11-24,88380,2,47.73,8.84,,
138040,P,2001-03-10,68950,4,7.04,2.03,,
138041,P,2001-08-19,5159,1,90.26,5.78,,
138042,P,2000-03-22,83315,5,29.07,7.34,,
138043,P,2001-07-14,95052,1,92.82,2.64,,
138044,P,2002-01-25,7266,3,66.02,8.82,,
138045,P,2000-02-23,96561,5,99.36,6.46,,
138046,P,2001-01-03,16579,9,29.66,8.43,,
138047,P,2001-12-15,32856,9,63.26,5.94,,
138048,P,2002-08-29,84914,10,1.44,3.54,,
138049,P,2002-07-19,44340,1,81.47,7.33,,
138050,P,2000-04-26,38123,8,30.48,5.78,,
138051,P,2000-04-27,4600,1,10.73,5.06,,
138052,P,2002-06-21,40993,6,82.70,9.11,,
138053,P,2001-11-30,68086,1,89.06,3.71,,
138054,P,2001-08-14,37225,1,81.27,6.39,,
138055,P,2001-11-18,62112,2,1.53,4.30,,
138056,P,2002-05-04,40519,1,94.66,8.08,,
138057,P,2001-11-09,65988,1,50.55,5.10,,
138058,P,2001-01-07,16192,4,54.32,4.70,,
138059,P,2001-01-26,47535,4,9.29,3.23,,
138060,P,2001-06-27,57409,9,49.65,0.41,,
138061,P,2000-09-22,62563,7,9.62,5.60,,
138062,P,2002-07-07,73434,2,26.30,9.72,,
138063,P,2000-05-04,85580,9,96.43,0.22,,
138064,P,2000-04-07,22150,4,49.68,7.44,,
138065,P,2000-02-13,45805,4,9.67,6.42,,
138066,P,2001-05-01,83957,9,15.56,6.15,,
138067,P,2001-05-17,8095,5,85.62,6.14,,
138068,P,2002-02-16,80330,3,80.03,7.96,,
138069,P,2001-12-14,61110,4,46.70,3.08,,
138070,P,2000-10-05,73663,3,57.42,7.52,,
138071,P,2000-12-23,66489,7,11.57,9.60,,
138072,P,2000-02-22,94304,2,3.37,7.80,,
138073,P,2001-04-17,69278,9,85.85,0.23,,
138074,P,2000-04-16,61959,2,60.67,3.07,,
138075,P,2002-09-21,26969,8,57.72,5.97,,
138076,P,2000-01-19,76152,10,54.91,1.64,,
138077,P,2000-02-25,111,3,2.21,6.94,,
138078,P,2002-01-28,88135,1,77.69,2.84,,
138079,P,2000-07-29,38330,8,56.00,2.99,,
138080,P,2000-04-21,26875,8,27.99,0.80,,
138081,P,2001-03-22,38005,9,3.43,0.70,,
138082,P,2001-01-17,29317,3,46.10,5.59,,
138083,P,2000-05-25,91592,9,50.93,1.19,,
138084,P,2002-07-03,50296,4,37.19,2.33,,
138085,P,2000-07-12,27636,1,8.68,0.81,,
138086,P,2001-07-25,7648,9,20.77,5.28,,
138087,P,2000-12-01,31399,1,65.05,2.18,,
138088,P,2000-04-01,38376,9,24.02,9.25,,
138089,P,2000-06-14,85592,10,87.52,7.01,,
138090,P,2000-11-25,27103,10,60.29,5.18,,
138091,P,2000-02-05,54374,6,9.77,3.05,,
138092,P,2000-10-05,68765,2,8.31,7.79,,
138093,P,2000-12-17,44602,7,37.19,8.35,,
138094,P,2000-03-09,44498,10,33.05,2.65,,
138095,P,2001-09-10,29145,9,31.11,3.01,,
138096,P,2002-06-03,57803,10,77.19,1.68,,
138097,P,2001-04-13,19381,6,46.88,6.44,,
138098,P,2000-05-15,83264,3,11.86,1.65,,
138099,P,2000-06-28,90630,10,44.26,2.17,,
138100,P,2000-11-18,9683,2,75.79,4.99,,
138101,P,2002-05-05,28725,4,13.90,4.92,,
138102,P,2000-04-01,62045,4,73.32,1.84,,
138103,P,2000-01-25,3140,5,46.09,0.18,,
138104,P,2001-01-07,22,5,7.16,2.12,,
138105,P,2001-07-12,9027,1,75.42,0.92,,
138106,P,2001-05-17,91414,5,67.59,0.03,,
138107,P,2002-01-12,42850,7,91.55,8.67,,
138108,P,2001-10-16,28968,3,85.00,8.20,,
138109,P,2001-09-25,61970,2,54.10,8.51,,
138110,P,2001-05-14,44552,8,47.21,0.18,,
138111,P,2002-05-16,89497,9,14.65,7.81,,
138112,P,2001-05-15,22530,9,18.29,2.65,,
138113,P,2000-11-24,34100,8,9.92,3.09,,
138114,P,2000-12-26,23071,6,1.80,4.10,,
138115,P,2000-06-22,92693,3,20.08,2.51,,
138116,P,2000-04-23,94574,5,12.87,7.21,,
138117,P,2002-01-17,48001,3,72.83,0.39,,
138118,P,2001-02-19,88267,7,21.58,2.44,,
138119,P,2000-05-18,54428,2,73.14,9.98,,
138120,P,2002-02-18,36052,4,57.99,9.96,,
138121,P,2001-04-02,77383,8,62.05,3.15,,
138122,P,2002-02-08,60906,3,7.52,0.47,,
138123,P,2001-01-11,83468,9,61.55,8.35,,
138124,P,2002-03-25,75174,6,71.31,9.76,,
138125,P,2001-01-31,89784,8,21.02,5.09,,
138126,P,2000-04-10,61237,1,0.52,0.42,,
138127,P,2001-03-05,48144,3,62.58,1.71,,
138128,P,2000-04-05,31033,9,82.23,1.49,,
138129,P,2002-09-19,37555,4,63.78,0.29,,
138130,P,2000-04-06,7530,4,45.74,7.19,,
138131,P,2002-05-18,43299,5,38.04,1.96,,
138132,P,2001-02-11,57768,8,36.59,0.97,,
138133,P,2002-06-17,69026,7,86.64,1.79,,
138134,P,2000-06-02,63829,6,82.48,1.11,,
138135,P,2000-01-04,63918,1,64.39,0.16,,
138136,P,2002-05-01,98035,7,14.03,7.58,,
138137,P,2002-03-10,43937,7,60.62,6.70,,
138138,P,2000-05-08,28628,2,88.64,9.72,,
138139,P,2001-11-14,66931,7,26.01,6.61,,
138140,P,2001-04-10,10151,10,79.36,3.80,,
138141,P,2001-02-22,50019,5,96.97,1.50,,
138142,P,2000-11-16,22127,7,58.63,8.56,,
138143,P,2000-06-23,77145,5,58.66,9.36,,
138144,P,2000-06-06,57359,7,48.23,6.81,,
138145,P,2001-08-14,15355,4,57.62,0.09,,
138146,P,2001-05-30,10705,6,13.92,6.13,,
138147,P,2001-05-17,83162,5,75.73,9.04,,
138148,P,2002-04-01,86099,10,27.47,0.19,,
138149,P,2002-06-25,76233,5,23.91,2.93,,
138150,P,2001-01-23,35897,3,23.21,5.52,,
138151,P,2002-08-21,7907,4,2.35,3.42,,
138152,P,2000-05-09,9466,3,42.48,8.46,,
138153,P,2001-04-21,81083,3,72.04,0.48,,
138154,P,2001-07-26,93703,3,46.87,0.92,,
138155,P,2001-10-01,25235,4,19.09,0.79,,
138156,P,2002-07-05,68570,10,86.75,5.76,,
138157,P,2002-06-26,90218,6,0.30,4.59,,
138158,P,2001-11-08,41918,4,7.46,5.59,,
138159,P,2002-03-26,30064,1,6.46,9.67,,
138160,P,2002-02-06,72060,2,89.72,0.07,,
138161,P,2002-01-14,48381,9,77.08,3.00,,
138162,P,2001-05-08,33208,3,59.78,0.50,,
138163,P,2002-08-08,59934,4,61.13,2.87,,
138164,P,2000-08-22,70616,10,72.05,6.97,,
138165,P,2002-06-13,35766,4,13.49,3.15,,
138166,P,2000-05-03,34824,10,13.06,0.47,,
138167,P,2001-01-23,94499,7,60.61,1.94,,
138168,P,2001-11-11,48777,3,86.80,6.19,,
138169,P,2001-09-25,31495,8,80.45,5.85,,
138170,P,2002-01-06,8835,10,55.72,9.58,,
138171,P,2002-01-01,71041,2,37.15,2.77,,
138172,P,2001-04-02,56524,3,69.30,2.93,,
138173,P,2002-05-12,65791,8,44.45,9.25,,
138174,P,2000-07-27,86795,1,38.07,2.59,,
138175,P,2000-06-24,79829,10,26.67,3.79,,
138176,P,2002-09-12,47066,1,54.76,9.04,,
138177,P,2001-09-13,30997,9,32.56,2.13,,
138178,P,2001-07-16,4027,9,66.39,1.63,,
138179,P,2000-02-09,7324,2,6.07,6.81,,
138180,P,2001-04-13,2812,2,35.65,9.69,,
138181,P,2001-12-25,82862,10,13.60,0.42,,
138182,P,2000-03-15,51320,8,14.47,4.97,,
138183,P,2001-08-31,33054,6,3.07,6.31,,
138184,P,2000-11-12,19196,6,53.41,8.61,,
138185,P,2000-03-01,50627,4,72.11,1.98,,
138186,P,2002-08-22,30690,1,94.41,7.73,,
138187,P,2001-10-01,25702,4,87.14,1.55,,
138188,P,2001-04-28,40716,10,98.93,5.24,,
138189,P,2000-11-12,37290,3,32.94,2.37,,
138190,P,2000-12-12,91520,4,27.71,6.68,,
138191,P,2002-08-29,71590,10,4.51,3.71,,
138192,P,2000-05-28,46181,7,16.77,5.14,,
138193,P,2001-09-09,43493,10,65.84,9.46,,
138194,P,2002-09-05,55383,6,30.71,8.58,,
138195,P,2000-05-18,99404,7,25.33,8.45,,
138196,P,2001-04-06,69232,3,76.08,5.27,,
138197,P,2002-06-02,47847,2,35.81,3.58,,
138198,P,2000-06-28,46226,4,59.43,6.49,,
138199,P,2001-06-30,90326,5,88.51,8.41,,
138200,P,2000-04-02,36828,5,66.12,0.75,,
138201,P,2001-09-09,65514,9,58.99,3.44,,
138202,P,2000-01-05,69685,7,63.68,1.61,,
138203,P,2001-12-27,55711,10,39.92,3.21,,
138204,P,2002-02-22,86675,1,29.26,0.36,,
138205,P,2000-04-21,2754,3,4.17,5.38,,
138206,P,2000-05-06,64225,3,2.02,8.62,,
138207,P,2000-05-21,94152,8,22.32,3.13,,
138208,P,2000-02-11,72056,4,26.09,7.46,,
138209,P,2001-02-23,13874,8,51.97,9.77,,
138210,P,2002-02-27,90356,1,5.43,1.50,,
138211,P,2002-02-12,54523,4,24.63,3.27,,
138212,P,2001-01-01,83732,8,65.78,5.87,,
138213,P,2001-11-12,65890,4,0.45,6.97,,
138214,P,2002-08-02,37047,5,36.76,0.46,,
138215,P,2002-07-08,38888,5,72.34,8.79,,
138216,P,2000-06-13,2869,6,53.05,3.04,,
138217,P,2001-09-21,86047,9,74.86,3.61,,
138218,P,2001-03-26,49584,5,94.12,5.42,,
138219,P,2001-09-28,78050,5,61.38,3.27,,
138220,P,2002-08-17,67220,5,12.27,3.36,,
138221,P,2000-02-18,48358,1,96.26,4.28,,
138222,P,2000-12-21,37199,9,65.84,6.46,,
138223,P,2001-10-30,12202,5,59.13,3.89,,
138224,P,2001-12-17,27888,2,3.59,2.68,,
138225,P,2002-07-02,65379,3,26.48,3.63,,
138226,P,2000-07-18,91944,8,93.17,8.23,,
138227,P,2001-03-09,45420,2,97.68,6.77,,
138228,P,2001-12-13,67431,1,84.99,8.78,,
138229,P,2002-01-13,28164,8,44.61,0.52,,
138230,P,2001-03-13,55209,3,51.44,8.56,,
138231,P,2002-09-07,8528,5,68.17,1.55,,
138232,P,2001-03-07,60127,9,13.06,7.03,,
138233,P,2000-10-10,68221,8,21.53,0.66,,
138234,P,2001-09-08,86745,4,31.84,3.11,,
138235,P,2000-04-11,16177,5,5.61,8.58,,
138236,P,2001-05-15,97102,6,46.76,1.53,,
138237,P,2000-01-14,21427,2,85.03,8.03,,
138238,P,2001-11-23,9789,10,62.54,7.08,,
138239,P,2001-12-07,29403,10,18.12,7.07,,
138240,P,2000-08-21,43566,3,71.34,8.22,,
138241,P,2000-11-29,71791,10,57.96,2.44,,
138242,P,2000-02-03,37740,1,71.79,9.90,,
138243,P,2000-02-06,48462,5,20.63,9.28,,
138244,P,2000-07-18,71322,10,96.83,4.78,,
138245,P,2002-05-31,45148,8,27.50,7.08,,
138246,P,2001-06-27,67742,8,64.50,5.92,,
138247,P,2000-11-28,17756,2,87.68,0.81,,
138248,P,2001-07-08,9348,6,0.31,3.57,,
138249,P,2000-12-11,84321,9,69.63,6.42,,
138250,P,2002-07-27,46862,10,58.86,6.80,,
138251,P,2000-03-30,94389,9,13.80,9.91,,
138252,P,2001-10-15,91492,6,49.40,3.27,,
138253,P,2000-12-02,49733,3,62.43,7.34,,
138254,P,2001-10-12,86238,3,66.28,7.74,,
138255,P,2002-08-22,18700,3,9.76,3.50,,
138256,P,2001-11-17,35987,4,54.90,7.08,,
138257,P,2001-01-26,23874,4,98.39,6.00,,
138258,P,2002-08-02,16406,1,60.83,7.54,,
138259,P,2000-01-14,82373,9,73.88,2.92,,
138260,P,2001-06-06,57492,1,50.82,2.02,,
138261,P,2001-10-21,41631,5,90.98,9.98,,
138262,P,2001-04-19,62920,5,23.45,4.48,,
138263,P,2001-04-30,22551,9,9.99,8.47,,
138264,P,2002-03-13,11662,6,57.60,2.37,,
138265,P,2001-06-26,31705,1,50.17,7.59,,
138266,P,2001-01-06,85768,2,80.73,5.61,,
138267,P,2001-07-24,42847,3,85.45,2.82,,
138268,P,2001-11-26,60952,3,63.77,1.48,,
138269,P,2002-03-22,75830,4,31.78,5.10,,
138270,P,2000-09-15,32832,2,71.81,4.60,,
138271,P,2000-01-26,96084,2,87.08,0.61,,
138272,P,2002-09-24,18251,9,23.61,8.40,,
138273,P,2001-12-11,43094,5,63.18,9.66,,
138274,P,2001-11-13,75268,4,60.10,9.72,,
138275,P,2001-08-12,10403,6,6.93,9.20,,
138276,P,2000-05-09,95330,4,76.12,2.45,,
138277,P,2002-01-18,38881,10,22.59,7.34,,
138278,P,2000-07-07,16291,1,99.46,9.60,,
138279,P,2001-11-07,21060,8,5.80,4.82,,
138280,P,2000-03-22,16978,1,91.75,2.42,,
138281,P,2000-12-18,64783,3,22.37,0.57,,
138282,P,2002-04-20,33970,7,34.28,6.41,,
138283,P,2000-09-25,50725,2,74.78,6.16,,
138284,P,2001-07-14,8693,8,99.42,3.75,,
138285,P,2002-09-20,14960,2,28.61,4.37,,
138286,P,2001-10-15,868,10,32.92,7.38,,
138287,P,2000-10-04,95200,1,29.02,6.69,,
138288,P,2000-08-27,28686,2,14.31,1.49,,
138289,P,2000-03-15,14852,3,30.60,8.58,,
138290,P,2001-10-05,72097,9,25.17,1.08,,
138291,P,2002-03-09,49902,6,61.40,0.20,,
138292,P,2002-08-23,71038,9,6.86,8.11,,
138293,P,2000-12-21,2837,8,40.43,2.10,,
138294,P,2001-04-03,60565,9,21.29,8.81,,
138295,P,2002-08-18,92635,2,98.78,6.82,,
138296,P,2001-02-28,61818,8,9.30,5.44,,
138297,P,2000-11-25,17179,10,50.61,2.28,,
138298,P,2001-04-09,54869,9,20.10,6.95,,
138299,P,2000-06-30,81740,4,16.90,1.04,,
138300,P,2002-09-07,25489,6,10.76,5.86,,
138301,P,2001-11-27,9489,10,17.50,7.76,,
138302,P,2002-09-04,97381,7,97.16,9.35,,
138303,P,2001-11-22,48138,8,56.69,9.82,,
138304,P,2000-11-15,23047,9,54.42,1.49,,
138305,P,2000-07-15,98648,6,31.73,3.97,,
138306,P,2000-03-11,99239,3,27.40,5.24,,
138307,P,2000-12-21,35504,1,21.51,9.69,,
138308,P,2000-02-11,85494,1,56.19,0.69,,
138309,P,2000-06-12,92399,6,80.19,4.49,,
138310,P,2000-01-21,57512,7,99.15,7.39,,
138311,P,2002-03-06,47379,6,62.83,5.01,,
138312,P,2000-06-09,99700,1,83.98,4.35,,
138313,P,2001-10-23,28694,4,37.31,1.52,,
138314,P,2000-03-04,92461,7,23.71,3.64,,
138315,P,2000-07-28,44653,8,36.27,7.42,,
138316,P,2001-01-31,97099,3,52.67,4.05,,
138317,P,2002-05-09,29625,2,52.37,4.33,,
138318,P,2002-03-16,92315,6,9.76,3.70,,
138319,P,2002-08-12,65859,1,50.87,1.80,,
138320,P,2001-06-25,88247,3,54.11,0.31,,
138321,P,2002-09-24,79279,5,65.27,6.51,,
138322,P,2001-01-25,6715,2,31.41,6.46,,
138323,P,2001-07-14,92234,9,65.37,5.07,,
138324,P,2001-11-14,25053,7,6.94,4.83,,
138325,P,2000-03-14,6657,8,8.49,6.73,,
138326,P,2000-09-28,26320,7,17.76,8.85,,
138327,P,2002-06-09,94264,10,61.43,6.41,,
138328,P,2001-09-12,57024,10,12.81,5.49,,
138329,P,2001-11-17,42028,10,8.69,5.78,,
138330,P,2001-07-30,77571,5,2.43,3.48,,
138331,P,2002-02-11,50247,3,78.83,2.25,,
138332,P,2001-07-03,34149,10,72.93,6.43,,
138333,P,2002-03-17,10433,1,10.65,2.85,,
138334,P,2001-08-24,78143,1,86.45,3.90,,
138335,P,2001-08-30,99275,1,56.87,0.99,,
138336,P,2001-03-11,34380,3,93.24,5.71,,
138337,P,2002-07-21,10865,2,74.36,6.05,,
138338,P,2000-07-18,53232,7,69.95,9.67,,
138339,P,2002-04-23,10462,9,96.55,8.71,,
138340,P,2001-05-28,29060,6,31.02,8.28,,
138341,P,2002-09-23,33564,7,42.58,1.05,,
138342,P,2001-07-14,97443,9,22.33,2.73,,
138343,P,2002-08-08,36667,2,55.70,7.14,,
138344,P,2002-01-24,16055,10,0.72,6.27,,
138345,P,2001-10-06,8657,5,51.83,5.67,,
138346,P,2002-02-20,74579,7,55.82,2.83,,
138347,P,2002-05-08,60010,10,4.50,2.07,,
138348,P,2002-08-26,44840,10,64.74,2.01,,
138349,P,2000-03-31,3752,4,33.29,9.59,,
138350,P,2001-02-07,4026,5,89.99,1.17,,
138351,P,2001-01-20,25630,2,0.76,1.64,,
138352,P,2001-03-06,49055,1,9.34,7.20,,
138353,P,2002-08-06,84895,9,55.76,6.87,,
138354,P,2001-10-26,73796,5,76.51,9.90,,
138355,P,2001-01-07,41477,10,75.41,5.27,,
138356,P,2001-01-01,9866,1,88.77,1.49,,
138357,P,2001-01-27,68256,4,28.08,1.90,,
138358,P,2001-02-25,36017,6,32.42,5.96,,
138359,P,2000-11-09,62981,2,2.55,5.32,,
138360,P,2002-07-10,37933,10,19.99,3.86,,
138361,P,2001-07-20,88919,1,3.05,7.00,,
138362,P,2002-02-16,95513,8,3.47,0.77,,
138363,P,2000-01-18,28595,5,63.74,9.85,,
138364,P,2002-01-11,76883,6,97.65,1.72,,
138365,P,2001-02-22,82192,6,56.58,4.20,,
138366,P,2001-11-02,62169,7,98.93,2.28,,
138367,P,2001-08-06,27527,6,8.83,5.58,,
138368,P,2000-08-31,89738,7,55.54,4.05,,
138369,P,2002-07-11,11683,6,75.87,5.14,,
138370,P,2002-04-20,80782,6,58.71,7.95,,
138371,P,2000-06-11,37259,3,50.40,7.66,,
138372,P,2001-06-15,56434,10,14.75,2.29,,
138373,P,2000-01-28,26347,2,79.29,1.36,,
138374,P,2001-12-20,74190,8,60.67,1.17,,
138375,P,2000-05-28,95130,10,45.13,8.17,,
138376,P,2000-05-26,11202,6,54.89,9.94,,
138377,P,2002-02-17,87367,1,58.50,7.52,,
138378,P,2002-01-14,48819,6,31.21,5.82,,
138379,P,2000-01-18,66592,5,79.90,9.14,,
138380,P,2000-04-24,75563,1,68.21,3.95,,
138381,P,2002-04-21,29356,5,89.17,8.69,,
138382,P,2000-10-02,66679,6,16.69,4.61,,
138383,P,2002-08-05,25233,5,71.07,6.02,,
138384,P,2001-04-09,21992,8,59.33,4.91,,
138385,P,2000-04-20,7555,7,87.05,0.67,,
138386,P,2000-05-12,95527,4,1.95,9.36,,
138387,P,2000-01-07,43325,3,97.91,3.70,,
138388,P,2000-11-05,97811,6,29.02,2.86,,
138389,P,2001-10-20,42963,8,52.29,8.76,,
138390,P,2000-04-11,45492,7,59.00,6.44,,
138391,P,2002-08-11,76025,1,54.58,8.46,,
138392,P,2000-05-07,78194,6,2.64,5.23,,
138393,P,2000-04-22,51821,7,21.65,6.71,,
138394,P,2002-07-25,8758,10,39.72,6.59,,
138395,P,2002-07-27,73895,4,43.50,0.88,,
138396,P,2001-04-23,9004,7,90.41,8.15,,
138397,P,2001-02-23,5480,1,42.28,8.53,,
138398,P,2001-12-16,91721,7,99.02,4.57,,
138399,P,2001-03-01,76756,7,21.18,3.56,,
138400,P,2001-12-19,80362,1,84.88,4.66,,
138401,P,2001-06-25,51932,5,0.67,0.82,,
138402,P,2000-10-22,51610,5,51.20,4.02,,
138403,P,2001-04-28,57663,4,79.46,8.97,,
138404,P,2001-09-16,77333,4,24.47,2.21,,
138405,P,2000-03-21,64338,8,94.15,4.46,,
138406,P,2001-02-20,57681,7,56.77,4.84,,
138407,P,2001-02-02,91624,10,36.67,6.91,,
138408,P,2001-09-03,37439,1,55.61,6.12,,
138409,P,2002-01-17,74512,5,22.71,5.44,,
138410,P,2002-03-03,93553,1,1.60,1.20,,
138411,P,2001-11-14,42922,3,2.00,5.15,,
138412,P,2000-01-06,95409,7,74.65,7.63,,
138413,P,2000-11-11,52,10,37.78,7.92,,
138414,P,2002-03-02,48663,4,73.08,6.73,,
138415,P,2000-09-01,60617,8,21.62,3.89,,
138416,P,2002-02-25,91204,10,65.54,1.90,,
138417,P,2000-11-20,48051,4,35.20,2.58,,
138418,P,2001-08-18,7731,5,52.03,9.74,,
138419,P,2000-02-24,28255,2,30.94,2.79,,
138420,P,2000-02-12,73730,6,72.34,7.50,,
138421,P,2000-03-05,36804,7,59.82,0.05,,
138422,P,2001-04-04,51814,5,78.52,9.06,,
138423,P,2001-07-22,94934,2,70.85,0.52,,
138424,P,2000-12-18,63934,10,88.99,0.31,,
138425,P,2000-12-05,82477,9,51.75,2.22,,
138426,P,2002-08-02,4134,10,63.42,5.13,,
138427,P,2000-09-03,38465,7,62.33,5.03,,
138428,P,2000-11-21,29618,8,20.64,4.11,,
138429,P,2000-04-19,74879,4,77.72,1.83,,
138430,P,2000-05-28,68739,10,13.53,9.24,,
138431,P,2000-12-02,95640,7,55.60,6.94,,
138432,P,2000-01-02,20615,1,92.17,3.28,,
138433,P,2000-06-02,18997,8,21.59,1.82,,
138434,P,2002-05-22,68633,8,48.29,6.72,,
138435,P,2000-01-22,81775,8,16.64,9.54,,
138436,P,2001-04-24,32989,8,2.66,3.72,,
138437,P,2000-01-24,87963,1,32.87,9.94,,
138438,P,2000-06-12,92890,3,68.98,5.81,,
138439,P,2001-09-19,56546,4,86.16,8.88,,
138440,P,2000-09-18,23364,3,23.83,9.50,,
138441,P,2001-04-28,15934,6,39.58,3.81,,
138442,P,2000-04-06,74047,9,31.30,2.55,,
138443,P,2002-04-08,39437,4,71.25,6.50,,
138444,P,2002-04-22,78076,10,85.91,5.43,,
138445,P,2001-05-12,63688,2,82.24,4.63,,
138446,P,2000-02-15,95535,3,73.50,5.24,,
138447,P,2001-05-29,44025,8,94.56,3.27,,
138448,P,2001-06-19,82053,10,63.29,7.91,,
138449,P,2000-07-06,55664,9,91.18,8.81,,
138450,P,2001-05-21,41405,4,60.18,3.35,,
138451,P,2001-12-02,63252,7,95.38,6.14,,
138452,P,2001-06-06,39725,5,79.40,2.72,,
138453,P,2002-09-05,20927,7,41.65,3.63,,
138454,P,2001-02-21,67161,9,15.71,9.12,,
138455,P,2000-02-01,72547,8,87.62,5.60,,
138456,P,2000-04-24,91700,7,76.82,5.49,,
138457,P,2000-05-13,9071,1,61.78,4.14,,
138458,P,2001-09-02,35436,3,11.69,0.32,,
138459,P,2002-02-05,91311,4,9.68,6.71,,
138460,P,2002-05-14,86456,8,47.46,8.90,,
138461,P,2002-01-06,90353,7,67.39,0.75,,
138462,P,2000-10-08,44263,2,5.31,1.62,,
138463,P,2002-06-30,74948,6,95.58,1.85,,
138464,P,2002-05-04,88052,4,61.96,10.00,,
138465,P,2001-04-03,18740,4,90.33,0.05,,
138466,P,2000-06-06,64428,3,11.08,0.56,,
138467,P,2002-09-16,18628,7,91.71,3.17,,
138468,P,2002-05-28,92290,9,97.43,2.42,,
138469,P,2000-02-12,25756,6,63.91,6.48,,
138470,P,2002-01-17,65296,7,5.22,9.34,,
138471,P,2000-08-27,16818,10,60.33,0.40,,
138472,P,2001-01-25,82447,2,95.00,9.63,,
138473,P,2002-03-24,69225,6,12.19,0.07,,
138474,P,2002-01-05,1156,8,79.00,5.33,,
138475,P,2000-01-29,94237,1,8.68,1.41,,
138476,P,2001-02-11,51633,8,63.76,5.32,,
138477,P,2000-07-16,93365,7,60.59,8.33,,
138478,P,2000-06-21,64769,7,11.53,4.97,,
138479,P,2000-09-14,94689,3,16.86,4.08,,
138480,P,2002-05-18,75303,2,30.33,3.18,,
138481,P,2000-10-28,37310,1,20.48,3.47,,
138482,P,2001-02-03,28091,1,95.04,7.41,,
138483,P,2000-06-02,95020,9,11.28,2.51,,
138484,P,2002-03-05,14156,7,94.98,4.40,,
138485,P,2002-05-18,29135,8,94.72,7.35,,
138486,P,2000-06-18,33132,6,87.20,3.02,,
138487,P,2000-03-08,38977,6,99.31,7.15,,
138488,P,2001-12-22,5191,2,5.59,8.64,,
138489,P,2001-09-18,11782,6,59.73,2.96,,
138490,P,2000-09-07,47174,10,60.49,0.36,,
138491,P,2000-08-06,98909,2,76.17,3.47,,
138492,P,2000-05-06,21544,4,65.91,2.56,,
138493,P,2001-06-10,95485,10,38.76,1.53,,
138494,P,2001-01-01,21462,6,46.86,1.03,,
138495,P,2000-01-18,18908,4,69.02,1.02,,
138496,P,2002-07-25,99,2,52.72,1.94,,
138497,P,2001-10-03,6743,1,59.80,2.90,,
138498,P,2000-08-29,49702,10,52.02,4.64,,
138499,P,2001-03-02,86618,9,86.13,0.94,,
138500,P,2000-12-21,98630,2,35.52,4.09,,
138501,P,2000-12-20,51515,6,21.37,4.76,,
138502,P,2002-05-08,21867,6,67.88,8.26,,
138503,P,2000-02-26,85626,4,11.55,7.16,,
138504,P,2002-04-01,8323,2,12.07,7.22,,
138505,P,2001-05-17,8033,2,7.68,5.03,,
138506,P,2000-10-20,14194,6,25.61,9.78,,
138507,P,2002-08-22,77067,5,84.45,3.56,,
138508,P,2000-03-07,82416,6,14.61,6.46,,
138509,P,2001-01-14,92497,8,8.34,9.64,,
138510,P,2002-02-13,68319,8,19.18,8.99,,
138511,P,2002-03-27,61458,7,33.90,2.66,,
138512,P,2001-05-15,59822,9,36.68,5.28,,
138513,P,2000-11-28,85658,4,64.16,0.18,,
138514,P,2001-09-04,93846,2,45.15,0.61,,
138515,P,2002-09-05,46758,3,19.25,4.03,,
138516,P,2000-05-21,83996,4,27.61,2.23,,
138517,P,2002-01-21,340,1,3.98,7.87,,
138518,P,2002-02-20,211,9,7.84,6.30,,
138519,P,2001-09-09,27518,5,63.81,3.20,,
138520,P,2000-01-29,49445,1,90.96,2.96,,
138521,P,2001-02-21,21537,7,4.69,3.76,,
138522,P,2002-03-28,35177,6,27.17,1.18,,
138523,P,2000-11-30,69144,5,44.11,1.74,,
138524,P,2001-06-25,52984,4,63.16,5.32,,
138525,P,2001-05-21,31469,1,31.05,0.01,,
138526,P,2000-10-09,82282,4,68.59,3.60,,
138527,P,2002-04-04,33816,2,78.43,9.58,,
138528,P,2001-03-30,48198,7,48.31,4.18,,
138529,P,2000-04-12,20079,5,83.21,8.65,,
138530,P,2002-03-01,87174,8,80.70,5.61,,
138531,P,2001-01-23,5067,8,43.92,7.64,,
138532,P,2001-09-18,36403,5,34.23,5.76,,
138533,P,2001-12-25,58903,9,1.61,8.92,,
138534,P,2001-01-19,56050,10,91.60,3.48,,
138535,P,2001-04-26,46996,7,93.20,4.89,,
138536,P,2001-05-25,71406,8,63.16,9.36,,
138537,P,2001-07-08,95613,3,29.83,8.29,,
138538,P,2000-02-18,26046,1,22.29,9.83,,
138539,P,2002-02-03,40982,6,85.28,0.23,,
138540,P,2001-08-29,27242,3,92.13,9.26,,
138541,P,2000-09-11,29619,8,53.76,1.24,,
138542,P,2000-05-23,93651,2,55.70,0.71,,
138543,P,2001-12-14,22070,9,88.13,1.48,,
138544,P,2001-08-16,63239,5,84.99,7.12,,
138545,P,2002-05-07,44030,8,79.93,2.16,,
138546,P,2002-04-23,17386,1,20.46,1.75,,
138547,P,2000-03-13,9027,3,73.24,0.73,,
138548,P,2002-02-28,61304,6,31.81,5.13,,
138549,P,2000-09-18,96318,9,35.08,6.78,,
138550,P,2001-01-29,91460,3,5.92,9.88,,
138551,P,2002-05-12,29506,7,87.05,6.89,,
138552,P,2001-04-16,28055,6,37.02,3.13,,
138553,P,2001-06-18,30797,9,36.61,3.05,,
138554,P,2001-09-15,29085,3,47.62,7.08,,
138555,P,2001-11-15,87917,1,44.65,1.11,,
138556,P,2001-03-04,43711,8,55.25,5.71,,
138557,P,2000-05-27,47956,2,50.50,4.70,,
138558,P,2001-11-23,89010,3,71.83,5.06,,
138559,P,2002-04-16,52881,5,90.84,7.88,,
138560,P,2000-09-29,57847,5,10.85,2.08,,
138561,P,2001-03-09,80425,3,25.80,0.37,,
138562,P,2001-03-24,9919,9,40.58,0.51,,
138563,P,2000-07-20,19943,8,56.10,6.25,,
138564,P,2001-10-25,28977,2,12.76,8.11,,
138565,P,2001-12-06,11548,7,63.49,9.54,,
138566,P,2000-11-06,38508,2,41.05,0.67,,
138567,P,2000-09-28,76892,9,11.39,4.22,,
138568,P,2000-10-01,54045,7,96.60,0.15,,
138569,P,2001-05-31,11225,5,27.63,7.10,,
138570,P,2001-05-19,87794,10,63.17,5.55,,
138571,P,2002-01-20,71793,2,29.07,4.23,,
138572,P,2002-01-18,83937,9,90.28,7.41,,
138573,P,2002-09-21,72731,3,27.79,2.83,,
138574,P,2002-08-17,5740,6,9.06,3.19,,
138575,P,2002-06-22,35032,9,99.32,1.04,,
138576,P,2000-01-03,66076,7,32.45,7.12,,
138577,P,2000-03-21,74006,8,32.59,3.22,,
138578,P,2000-06-05,23091,8,79.06,4.51,,
138579,P,2002-03-21,14428,5,54.15,8.00,,
138580,P,2000-04-04,42953,3,15.69,6.90,,
138581,P,2002-07-18,46691,5,8.43,0.67,,
138582,P,2001-01-25,73962,5,47.25,3.14,,
138583,P,2001-07-01,6913,3,79.71,5.74,,
138584,P,2000-06-03,14350,1,35.57,6.21,,
138585,P,2001-02-08,76320,8,42.05,2.62,,
138586,P,2000-09-10,69556,5,70.33,7.85,,
138587,P,2000-06-15,53980,3,62.77,9.32,,
138588,P,2002-02-06,72968,8,72.30,3.98,,
138589,P,2002-04-11,25175,2,30.56,7.29,,
138590,P,2001-10-19,72850,1,70.52,1.07,,
138591,P,2001-08-04,95162,8,16.22,0.47,,
138592,P,2001-08-23,35271,4,69.63,1.97,,
138593,P,2000-05-16,10646,10,47.52,7.32,,
138594,P,2002-04-14,64238,9,21.57,6.20,,
138595,P,2002-01-22,4936,1,23.26,2.64,,
138596,P,2000-11-02,64099,1,69.15,4.67,,
138597,P,2000-02-27,10613,1,66.64,5.58,,
138598,P,2000-12-10,6904,1,96.47,0.63,,
138599,P,2002-07-16,62389,7,69.19,8.20,,
138600,P,2000-05-21,82081,2,72.75,0.34,,
138601,P,2001-03-22,88188,9,49.09,1.00,,
138602,P,2001-09-06,88015,3,67.36,7.07,,
138603,P,2000-03-15,32708,3,96.55,6.10,,
138604,P,2001-04-21,14658,7,4.68,0.20,,
138605,P,2000-09-15,13134,10,13.34,3.47,,
138606,P,2002-01-13,60988,4,15.36,9.63,,
138607,P,2001-02-03,78112,4,32.37,4.61,,
138608,P,2001-08-17,4001,1,26.77,7.40,,
138609,P,2001-02-18,97111,10,90.01,5.99,,
138610,P,2000-08-30,58986,1,21.70,5.22,,
138611,P,2001-05-26,14350,10,15.53,5.37,,
138612,P,2002-01-30,58959,9,39.60,0.34,,
138613,P,2000-12-20,36053,2,67.58,2.43,,
138614,P,2002-05-02,47559,2,86.52,8.47,,
138615,P,2001-07-18,16653,5,4.19,8.26,,
138616,P,2002-05-21,94401,8,12.04,2.35,,
138617,P,2001-09-15,42652,10,85.07,4.43,,
138618,P,2000-06-13,24061,1,78.40,1.34,,
138619,P,2002-02-13,76056,1,86.83,7.91,,
138620,P,2002-09-10,48045,3,7.82,2.76,,
138621,P,2002-06-21,63877,6,31.45,4.07,,
138622,P,2002-05-23,56535,8,43.31,0.54,,
138623,P,2001-08-02,25968,2,37.94,6.95,,
138624,P,2000-09-08,69334,8,86.72,2.55,,
138625,P,2001-10-04,75944,1,27.47,0.63,,
138626,P,2002-03-10,51461,7,58.11,6.47,,
138627,P,2000-12-12,85695,1,8.83,8.55,,
138628,P,2000-05-08,70720,7,19.85,9.81,,
138629,P,2002-03-08,83705,3,44.56,1.26,,
138630,P,2001-04-24,53468,7,54.18,5.63,,
138631,P,2000-01-20,8198,5,66.91,4.82,,
138632,P,2001-01-13,45364,7,17.59,2.69,,
138633,P,2002-03-08,74036,8,27.67,7.47,,
138634,P,2001-12-29,29466,1,63.86,0.14,,
138635,P,2001-03-26,14539,4,5.78,8.13,,
138636,P,2001-07-13,85243,3,42.08,2.43,,
138637,P,2001-08-01,31889,2,54.07,6.75,,
138638,P,2000-03-19,29410,10,48.91,0.15,,
138639,P,2001-01-17,73449,10,34.62,4.32,,
138640,P,2001-04-01,15780,4,35.91,6.13,,
138641,P,2002-02-25,59870,4,62.14,9.06,,
138642,P,2001-01-07,51920,7,45.54,4.18,,
138643,P,2000-03-29,20264,5,28.56,0.67,,
138644,P,2001-07-04,97156,5,84.96,9.73,,
138645,P,2002-01-12,23574,7,84.85,4.67,,
138646,P,2002-07-31,14460,4,62.93,4.20,,
138647,P,2001-02-26,37401,2,89.54,5.58,,
138648,P,2001-07-23,49856,5,21.46,3.21,,
138649,P,2002-09-21,44922,9,96.80,0.42,,
138650,P,2002-07-21,7000,9,47.25,6.21,,
138651,P,2001-08-28,1254,3,70.61,0.13,,
138652,P,2002-08-31,94983,5,78.15,2.70,,
138653,P,2000-03-26,32909,10,57.06,8.47,,
138654,P,2001-04-22,15269,6,11.39,6.30,,
138655,P,2001-08-27,32953,4,74.80,0.17,,
138656,P,2001-08-07,79537,10,18.10,4.94,,
138657,P,2001-08-07,99543,7,90.18,9.75,,
138658,P,2002-06-13,83161,6,37.13,2.08,,
138659,P,2002-07-14,65441,8,40.94,7.61,,
138660,P,2001-06-19,40157,6,42.79,8.52,,
138661,P,2001-09-06,68030,9,90.26,9.04,,
138662,P,2002-09-23,92889,1,46.23,1.35,,
138663,P,2001-02-21,21599,6,44.86,6.75,,
138664,P,2002-05-15,14433,4,23.26,5.35,,
138665,P,2002-03-08,43035,8,32.93,1.37,,
138666,P,2002-06-24,50729,8,90.40,2.73,,
138667,P,2000-08-23,86048,5,44.53,1.46,,
138668,P,2002-09-02,46023,9,37.17,6.07,,
138669,P,2000-11-14,34401,2,67.78,8.58,,
138670,P,2001-01-02,92873,3,62.66,2.20,,
138671,P,2002-07-04,17057,3,52.94,2.33,,
138672,P,2001-04-04,74044,3,68.44,9.60,,
138673,P,2000-01-09,87808,7,17.00,2.99,,
138674,P,2000-09-07,83568,8,15.73,1.42,,
138675,P,2000-04-26,599,10,44.47,8.11,,
138676,P,2002-09-04,37235,7,38.34,1.96,,
138677,P,2000-11-01,68499,8,51.54,0.07,,
138678,P,2001-08-05,13487,4,12.93,7.98,,
138679,P,2001-10-13,32131,7,16.03,7.32,,
138680,P,2001-11-13,45200,1,89.30,6.81,,
138681,P,2001-09-14,28683,10,90.96,8.68,,
138682,P,2000-03-18,9809,4,49.45,8.14,,
138683,P,2002-09-23,2781,8,86.77,4.82,,
138684,P,2001-11-16,21015,4,93.88,6.88,,
138685,P,2002-09-18,81161,8,26.20,0.83,,
138686,P,2001-11-27,24529,6,61.74,3.56,,
138687,P,2000-02-10,1865,5,41.15,3.48,,
138688,P,2000-09-22,75600,3,16.51,9.41,,
138689,P,2001-04-12,70799,8,73.28,2.39,,
138690,P,2002-04-25,35755,6,26.10,2.79,,
138691,P,2000-08-21,62412,1,33.96,6.42,,
138692,P,2002-04-20,76429,1,48.50,4.53,,
138693,P,2000-05-04,59868,3,64.47,1.72,,
138694,P,2000-02-20,89493,6,45.94,4.72,,
138695,P,2002-06-24,22355,2,74.65,8.85,,
138696,P,2001-05-17,55883,8,1.95,6.80,,
138697,P,2000-04-23,24059,4,7.00,0.52,,
138698,P,2000-02-12,48329,4,96.91,6.45,,
138699,P,2002-09-13,54714,8,49.00,9.55,,
138700,P,2001-05-16,73926,3,92.95,3.50,,
138701,P,2000-10-15,86411,2,40.73,1.66,,
138702,P,2000-04-22,29265,4,52.75,6.57,,
138703,P,2000-03-24,96392,10,1.15,1.77,,
138704,P,2002-05-18,2584,10,50.79,0.41,,
138705,P,2000-12-16,54536,1,51.38,9.40,,
138706,P,2001-07-29,39498,5,31.62,1.15,,
138707,P,2001-08-26,96286,4,43.47,9.19,,
138708,P,2001-08-23,86542,10,89.53,2.13,,
138709,P,2000-01-10,88456,6,95.74,7.65,,
138710,P,2000-08-25,69056,1,24.06,1.29,,
138711,P,2002-04-26,23004,9,89.27,1.30,,
138712,P,2001-03-13,33839,1,57.54,4.49,,
138713,P,2002-05-31,35510,1,94.07,1.36,,
138714,P,2000-12-01,234,4,91.49,6.53,,
138715,P,2000-01-01,9041,9,20.57,9.88,,
138716,P,2000-06-30,50420,6,55.25,6.60,,
138717,P,2001-12-13,74950,9,85.24,0.09,,
138718,P,2000-05-10,53460,7,80.52,9.23,,
138719,P,2000-07-20,30665,3,52.42,6.93,,
138720,P,2002-09-08,97267,3,5.12,9.93,,
138721,P,2000-12-04,76521,7,27.43,6.07,,
138722,P,2002-08-30,95372,8,60.40,0.67,,
138723,P,2000-02-18,99379,4,64.10,7.66,,
138724,P,2001-10-13,80426,2,53.52,7.10,,
138725,P,2000-03-08,52773,3,85.19,9.42,,
138726,P,2001-09-27,11766,9,66.05,4.96,,
138727,P,2001-04-24,94657,7,72.19,2.14,,
138728,P,2002-06-27,96302,9,60.61,1.17,,
138729,P,2000-03-30,38506,3,82.61,3.99,,
138730,P,2002-07-02,89901,2,38.12,5.71,,
138731,P,2001-03-17,3880,4,90.82,0.65,,
138732,P,2001-10-12,98578,9,80.58,3.40,,
138733,P,2000-04-24,8229,1,47.08,8.38,,
138734,P,2000-05-14,15265,8,91.82,3.12,,
138735,P,2000-01-11,72730,5,87.07,3.51,,
138736,P,2001-12-04,10295,8,61.45,7.79,,
138737,P,2001-04-20,52992,8,11.20,8.11,,
138738,P,2001-10-23,94064,8,61.00,7.56,,
138739,P,2000-04-15,40407,1,91.61,3.77,,
138740,P,2002-07-26,17552,3,13.99,9.97,,
138741,P,2000-01-17,79465,2,15.72,1.27,,
138742,P,2002-06-18,83185,7,36.95,4.18,,
138743,P,2002-08-19,32899,3,95.69,2.08,,
138744,P,2000-06-23,7628,6,24.73,1.34,,
138745,P,2002-02-19,32038,9,88.34,4.97,,
138746,P,2000-08-19,64076,7,56.43,5.26,,
138747,P,2002-08-05,2797,2,64.99,7.94,,
138748,P,2000-12-09,72531,9,7.64,6.88,,
138749,P,2001-02-05,40133,3,20.32,2.82,,
138750,P,2000-08-21,34884,7,91.40,9.22,,
138751,P,2000-03-21,25213,2,83.29,9.34,,
138752,P,2001-03-15,17297,2,47.02,7.17,,
138753,P,2002-08-06,47992,7,52.42,0.26,,
138754,P,2002-08-05,1535,4,17.40,2.49,,
138755,P,2002-08-23,83521,2,97.34,8.08,,
138756,P,2000-10-29,25850,2,55.91,3.08,,
138757,P,2001-08-05,91560,6,80.96,3.19,,
138758,P,2002-04-17,96010,4,7.39,4.19,,
138759,P,2000-04-21,65250,2,79.49,8.68,,
138760,P,2000-05-20,68161,7,96.40,8.90,,
138761,P,2001-12-20,40910,10,6.96,4.00,,
138762,P,2002-06-04,80557,3,81.18,5.64,,
138763,P,2001-05-02,68552,10,91.13,6.12,,
138764,P,2001-03-13,20434,2,13.66,7.03,,
138765,P,2002-05-06,55366,3,92.52,8.07,,
138766,P,2000-12-28,3537,1,88.44,7.75,,
138767,P,2002-01-12,18058,7,31.31,1.39,,
138768,P,2001-12-27,95145,9,99.00,5.37,,
138769,P,2001-10-30,28813,2,6.78,8.44,,
138770,P,2000-06-19,72866,6,79.18,4.15,,
138771,P,2001-10-05,73811,4,92.48,8.27,,
138772,P,2002-04-27,29154,3,7.57,6.71,,
138773,P,2002-08-07,17408,7,11.54,5.21,,
138774,P,2000-09-01,13993,2,92.58,4.03,,
138775,P,2001-11-16,9174,8,51.77,5.56,,
138776,P,2001-09-27,95823,7,41.46,3.00,,
138777,P,2002-07-28,9010,6,80.43,0.95,,
138778,P,2000-06-25,69385,5,25.94,9.34,,
138779,P,2001-02-10,31180,10,4.04,0.17,,
138780,P,2000-11-02,66217,3,62.76,5.11,,
138781,P,2002-07-17,88409,1,5.70,9.59,,
138782,P,2001-12-09,83907,2,5.40,6.43,,
138783,P,2000-05-27,46411,8,61.87,2.46,,
138784,P,2002-05-25,99903,8,55.07,7.68,,
138785,P,2001-08-25,7287,4,3.82,2.34,,
138786,P,2000-10-14,85622,3,78.73,4.06,,
138787,P,2002-02-08,572,9,47.75,8.19,,
138788,P,2001-02-05,2756,10,88.90,7.95,,
138789,P,2002-05-26,69814,4,75.28,1.57,,
138790,P,2001-09-24,23644,5,50.28,8.24,,
138791,P,2001-08-15,32343,6,45.10,7.97,,
138792,P,2002-05-02,61827,6,89.37,5.92,,
138793,P,2000-02-24,11445,9,65.05,7.12,,
138794,P,2000-09-28,74861,7,60.38,8.42,,
138795,P,2002-02-24,86082,1,3.66,6.37,,
138796,P,2000-09-25,91944,10,98.69,5.19,,
138797,P,2001-06-10,34971,1,88.78,1.76,,
138798,P,2000-04-25,32255,7,92.36,2.05,,
138799,P,2002-09-16,41458,1,63.51,6.92,,
138800,P,2001-10-24,25293,4,8.81,6.34,,
138801,P,2001-02-16,66874,3,59.13,0.41,,
138802,P,2002-06-11,14267,1,27.21,0.92,,
138803,P,2000-10-14,88234,9,0.29,5.75,,
138804,P,2001-10-18,76191,4,81.89,0.16,,
138805,P,2002-02-02,63822,2,6.71,2.34,,
138806,P,2001-08-08,45210,9,90.20,6.62,,
138807,P,2001-12-07,5959,5,15.27,3.25,,
138808,P,2000-01-13,92811,10,94.35,0.01,,
138809,P,2001-05-16,21928,2,13.04,3.36,,
138810,P,2002-02-08,10711,8,91.71,9.07,,
138811,P,2001-07-14,17243,10,72.76,1.04,,
138812,P,2000-12-25,70945,2,4.50,2.17,,
138813,P,2001-12-06,44809,6,62.98,9.75,,
138814,P,2001-09-03,98149,8,87.04,9.50,,
138815,P,2000-10-05,6308,4,14.54,1.05,,
138816,P,2001-09-06,82872,7,33.31,2.66,,
138817,P,2000-01-30,44551,9,68.48,4.28,,
138818,P,2002-08-23,7012,5,74.62,6.05,,
138819,P,2002-02-17,17826,1,89.82,7.71,,
138820,P,2000-06-04,79293,1,81.43,3.40,,
138821,P,2001-07-22,86047,5,42.44,3.10,,
138822,P,2001-06-02,47934,5,32.45,7.23,,
138823,P,2000-03-02,13615,6,98.62,0.86,,
138824,P,2001-12-01,35940,2,85.37,4.06,,
138825,P,2002-06-12,84204,4,15.32,2.52,,
138826,P,2000-01-08,67146,8,67.07,2.49,,
138827,P,2001-05-15,34488,8,92.87,5.22,,
138828,P,2002-07-17,57772,1,94.87,8.19,,
138829,P,2000-06-10,42362,8,78.27,5.54,,
138830,P,2002-05-24,78822,3,84.21,1.67,,
138831,P,2002-06-15,97927,5,30.69,5.84,,
138832,P,2002-06-18,73266,4,17.35,9.43,,
138833,P,2001-10-08,41810,2,40.64,0.99,,
138834,P,2002-01-01,99993,10,58.08,6.99,,
138835,P,2002-08-27,55346,8,20.35,7.13,,
138836,P,2000-08-26,34053,2,59.91,8.22,,
138837,P,2000-07-18,23296,8,51.72,8.42,,
138838,P,2002-06-22,67237,4,13.07,5.17,,
138839,P,2001-10-05,39997,4,78.24,1.12,,
138840,P,2002-05-09,29741,2,6.62,7.46,,
138841,P,2002-03-16,91121,7,69.73,3.55,,
138842,P,2000-10-06,79505,10,74.30,9.49,,
138843,P,2001-11-22,73837,5,18.76,2.46,,
138844,P,2001-11-23,17798,8,60.40,8.32,,
138845,P,2001-07-18,98427,8,34.22,3.78,,
138846,P,2002-02-02,8749,1,75.66,5.09,,
138847,P,2001-01-13,40849,9,62.29,3.71,,
138848,P,2000-11-10,23535,3,6.11,9.68,,
138849,P,2000-05-07,88850,5,30.81,1.61,,
138850,P,2002-08-23,90390,10,48.72,9.98,,
138851,P,2001-12-22,93440,9,64.24,9.03,,
138852,P,2000-08-21,48809,1,27.64,7.98,,
138853,P,2000-02-25,6760,9,82.73,1.33,,
138854,P,2002-01-03,37212,10,59.30,7.95,,
138855,P,2001-11-29,84918,7,85.98,5.80,,
138856,P,2000-09-27,84809,9,32.26,5.70,,
138857,P,2000-04-03,8486,10,27.28,1.17,,
138858,P,2002-01-10,88388,2,61.03,4.08,,
138859,P,2002-05-25,37456,2,57.00,8.55,,
138860,P,2002-08-13,58066,1,59.44,9.65,,
138861,P,2000-03-11,37876,7,39.87,2.11,,
138862,P,2000-02-07,28095,6,29.93,2.39,,
138863,P,2001-01-23,61849,2,30.50,7.37,,
138864,P,2001-07-12,22030,4,45.68,6.92,,
138865,P,2001-12-07,315,6,58.58,8.25,,
138866,P,2000-05-30,92912,8,50.45,4.32,,
138867,P,2000-08-02,52068,3,46.88,8.92,,
138868,P,2002-06-11,82331,1,24.06,0.09,,
138869,P,2000-10-24,17754,2,89.19,1.28,,
138870,P,2000-08-07,25952,5,13.68,4.87,,
138871,P,2002-07-09,39333,8,22.33,4.23,,
138872,P,2002-09-12,91413,8,88.92,7.35,,
138873,P,2001-10-28,79956,7,4.28,6.71,,
138874,P,2002-08-22,61891,3,34.81,1.98,,
138875,P,2002-09-13,65944,5,7.65,2.83,,
138876,P,2000-09-07,64835,3,9.04,4.61,,
138877,P,2002-01-22,57629,9,6.40,2.09,,
138878,P,2001-07-21,65033,4,4.10,8.79,,
138879,P,2002-04-28,90033,4,80.17,4.70,,
138880,P,2000-03-26,96191,10,55.38,9.95,,
138881,P,2000-01-31,69183,1,67.60,9.28,,
138882,P,2000-01-28,8568,7,1.77,3.66,,
138883,P,2002-06-28,22779,9,72.93,6.97,,
138884,P,2001-05-06,8907,1,50.62,9.14,,
138885,P,2001-02-24,26390,4,97.04,8.79,,
138886,P,2000-02-05,50790,4,62.80,1.57,,
138887,P,2001-03-01,45382,7,57.22,6.59,,
138888,P,2002-01-27,1737,3,48.01,1.27,,
138889,P,2001-07-15,64322,8,31.28,2.42,,
138890,P,2001-02-27,65388,6,60.60,8.97,,
138891,P,2000-08-25,10911,6,16.50,9.37,,
138892,P,2002-01-19,18017,4,9.65,6.91,,
138893,P,2000-08-14,52867,5,2.26,2.92,,
138894,P,2000-05-06,34696,1,65.52,4.58,,
138895,P,2001-03-21,97326,3,45.69,5.05,,
138896,P,2000-05-01,97846,8,69.66,6.56,,
138897,P,2000-09-12,25235,10,46.23,1.31,,
138898,P,2002-06-17,58697,1,18.18,5.05,,
138899,P,2001-01-10,81185,3,20.74,9.97,,
138900,P,2000-05-24,44295,5,43.35,7.52,,
138901,P,2000-04-26,33429,9,47.31,7.93,,
138902,P,2001-11-08,22052,4,71.54,2.11,,
138903,P,2000-10-04,59885,9,35.88,4.84,,
138904,P,2001-12-03,76415,4,94.15,4.26,,
138905,P,2002-03-07,27984,7,41.37,8.57,,
138906,P,2000-01-12,40602,7,23.83,7.72,,
138907,P,2002-05-23,68148,4,21.31,4.04,,
138908,P,2000-05-18,87065,4,40.59,4.83,,
138909,P,2000-01-10,66369,4,57.60,9.89,,
138910,P,2000-03-08,9844,8,92.51,7.66,,
138911,P,2000-03-02,15919,7,99.65,4.81,,
138912,P,2001-11-28,11068,7,17.80,1.33,,
138913,P,2001-09-01,88867,10,76.43,1.28,,
138914,P,2002-05-21,20314,6,53.23,7.56,,
138915,P,2001-01-06,39124,4,99.59,4.82,,
138916,P,2000-04-16,11708,6,79.40,7.32,,
138917,P,2002-02-19,95477,5,3.25,6.91,,
138918,P,2001-12-10,86255,8,21.55,0.04,,
138919,P,2000-12-03,30412,8,46.93,7.35,,
138920,P,2001-06-18,34384,6,79.60,6.17,,
138921,P,2000-07-22,55928,9,77.58,1.11,,
138922,P,2002-03-08,88260,3,6.98,6.27,,
138923,P,2001-11-27,2539,10,29.13,3.39,,
138924,P,2002-06-11,929,10,48.95,3.16,,
138925,P,2002-02-19,7769,2,94.23,0.62,,
138926,P,2001-08-09,47848,5,61.23,8.49,,
138927,P,2001-02-01,9306,7,80.25,3.53,,
138928,P,2002-09-13,70891,1,67.24,0.96,,
138929,P,2000-09-26,13658,3,37.03,0.78,,
138930,P,2000-05-21,14840,7,80.29,7.36,,
138931,P,2000-04-25,8137,8,6.17,3.46,,
138932,P,2000-11-11,81322,2,8.22,6.29,,
138933,P,2000-07-30,87693,2,65.19,9.59,,
138934,P,2000-01-02,47847,5,27.39,4.98,,
138935,P,2002-05-13,27699,6,16.61,8.65,,
138936,P,2002-05-23,48525,1,12.07,3.39,,
138937,P,2001-02-07,41708,2,87.34,4.42,,
138938,P,2002-09-19,28172,10,85.47,6.73,,
138939,P,2002-09-24,85143,3,8.85,0.67,,
138940,P,2001-09-14,35812,3,37.73,5.24,,
138941,P,2002-05-25,12420,3,21.56,6.37,,
138942,P,2000-06-27,79303,5,95.27,6.71,,
138943,P,2001-09-25,24004,1,68.35,4.44,,
138944,P,2000-04-30,16292,1,42.06,4.94,,
138945,P,2002-02-19,96964,7,59.90,4.97,,
138946,P,2001-01-10,42149,4,22.43,7.97,,
138947,P,2002-08-18,32342,8,79.20,3.03,,
138948,P,2000-05-17,47784,8,71.27,3.59,,
138949,P,2000-12-18,14981,9,88.91,8.40,,
138950,P,2001-12-08,43608,5,68.40,7.43,,
138951,P,2000-09-10,81954,5,79.23,7.20,,
138952,P,2000-04-02,34197,9,34.85,9.91,,
138953,P,2002-04-11,67985,6,65.23,0.93,,
138954,P,2002-01-27,83113,4,18.79,8.13,,
138955,P,2000-09-19,77111,4,96.94,7.05,,
138956,P,2000-08-17,94218,1,72.60,4.62,,
138957,P,2002-09-10,25931,1,42.24,3.03,,
138958,P,2001-08-18,95956,6,11.61,9.41,,
138959,P,2001-06-12,57997,1,72.93,3.87,,
138960,P,2001-08-10,34973,6,25.62,2.34,,
138961,P,2000-11-12,20897,2,51.17,2.22,,
138962,P,2000-04-02,61815,5,45.50,1.88,,
138963,P,2001-01-15,54914,4,44.11,1.26,,
138964,P,2000-05-15,21438,3,20.07,7.48,,
138965,P,2000-03-21,62319,3,60.11,2.91,,
138966,P,2002-04-30,30360,7,66.86,6.39,,
138967,P,2001-11-18,79040,5,95.98,4.68,,
138968,P,2001-01-13,4518,1,85.81,7.52,,
138969,P,2002-04-08,53498,1,94.44,5.67,,
138970,P,2002-04-24,84974,8,87.41,9.76,,
138971,P,2001-02-27,97027,3,97.51,8.96,,
138972,P,2000-11-24,53699,5,66.81,4.10,,
138973,P,2001-12-30,96199,3,2.96,9.67,,
138974,P,2002-07-26,2066,3,55.86,1.57,,
138975,P,2002-04-29,7851,4,31.51,7.32,,
138976,P,2000-12-20,55979,3,12.21,8.89,,
138977,P,2001-10-31,51790,5,93.13,5.11,,
138978,P,2000-11-22,84799,6,12.27,5.75,,
138979,P,2000-01-13,24763,6,68.18,9.44,,
138980,P,2001-01-05,71706,7,32.14,4.07,,
138981,P,2001-05-25,98887,5,10.23,6.96,,
138982,P,2002-05-30,10048,5,56.20,8.03,,
138983,P,2001-07-10,10844,6,45.92,8.24,,
138984,P,2000-11-11,69407,2,48.82,2.96,,
138985,P,2002-02-03,33792,5,66.35,2.60,,
138986,P,2002-08-24,98402,3,30.20,8.70,,
138987,P,2000-10-14,5282,10,62.16,3.64,,
138988,P,2000-09-02,49658,2,53.56,4.27,,
138989,P,2001-01-23,29138,6,46.47,0.42,,
138990,P,2002-02-04,43503,6,87.62,4.37,,
138991,P,2001-11-16,46753,7,56.80,1.60,,
138992,P,2000-04-03,26513,4,23.00,0.04,,
138993,P,2002-08-19,44474,7,40.73,5.34,,
138994,P,2000-06-15,37219,4,55.75,4.42,,
138995,P,2001-10-01,42626,9,96.31,3.46,,
138996,P,2000-02-10,19066,6,72.30,8.12,,
138997,P,2002-04-02,23868,3,68.99,9.53,,
138998,P,2000-07-28,53063,6,40.23,2.07,,
138999,P,2001-06-22,24675,9,43.00,7.83,,
139000,P,2002-04-16,13824,5,49.09,2.45,,
139001,P,2002-09-16,58810,2,53.17,1.89,,
139002,P,2000-08-23,54035,8,9.16,7.17,,
139003,P,2000-07-12,14121,7,16.83,9.37,,
139004,P,2001-11-02,17387,6,6.12,6.41,,
139005,P,2002-06-09,23523,2,98.83,1.93,,
139006,P,2001-04-07,58559,2,13.32,7.92,,
139007,P,2001-05-21,81752,6,57.56,4.71,,
139008,P,2000-04-21,5243,8,19.71,4.48,,
139009,P,2000-03-21,88286,2,76.66,6.29,,
139010,P,2002-06-02,44613,8,49.33,1.49,,
139011,P,2002-08-20,21839,10,72.78,4.45,,
139012,P,2001-03-26,97248,5,35.22,6.03,,
139013,P,2001-12-11,51181,2,54.03,9.16,,
139014,P,2002-03-09,61227,9,79.74,3.37,,
139015,P,2002-09-02,31863,10,96.70,5.19,,
139016,P,2002-05-02,37832,8,36.63,0.69,,
139017,P,2001-11-03,16527,4,46.78,4.56,,
139018,P,2002-08-06,45154,3,31.95,2.22,,
139019,P,2002-06-20,62615,6,18.11,2.04,,
139020,P,2000-04-18,67127,7,30.55,9.36,,
139021,P,2001-07-05,87858,3,80.71,7.89,,
139022,P,2000-08-16,67191,10,57.11,0.50,,
139023,P,2001-09-03,53734,2,50.36,8.20,,
139024,P,2002-01-18,65547,1,94.74,6.99,,
139025,P,2000-12-07,99084,4,88.62,5.52,,
139026,P,2001-06-17,56655,4,77.38,2.49,,
139027,P,2001-09-02,53143,3,96.05,1.17,,
139028,P,2002-09-14,27963,7,82.25,9.94,,
139029,P,2002-02-22,95625,7,3.50,6.41,,
139030,P,2002-04-22,30430,4,32.20,2.85,,
139031,P,2001-08-18,77788,8,58.23,6.33,,
139032,P,2002-03-09,82893,9,72.69,4.21,,
139033,P,2001-09-25,63943,4,86.26,1.46,,
139034,P,2000-10-11,32942,6,34.78,3.80,,
139035,P,2001-02-27,65246,10,19.12,9.24,,
139036,P,2001-02-26,15334,5,18.23,8.52,,
139037,P,2001-03-01,32416,4,66.82,0.53,,
139038,P,2000-09-30,62615,5,9.10,3.37,,
139039,P,2000-01-31,9004,1,90.20,7.08,,
139040,P,2002-03-09,72365,1,12.80,5.05,,
139041,P,2001-08-04,60850,7,9.30,4.69,,
139042,P,2001-10-28,91444,8,26.55,0.15,,
139043,P,2000-06-27,2611,7,23.53,6.21,,
139044,P,2000-12-03,15083,6,17.86,9.60,,
139045,P,2001-05-23,89265,2,36.57,8.33,,
139046,P,2000-08-20,1160,2,50.67,7.54,,
139047,P,2001-12-06,98133,3,54.40,4.93,,
139048,P,2002-03-22,25912,10,22.08,7.29,,
139049,P,2001-10-12,17193,4,0.02,6.70,,
139050,P,2000-11-25,28831,8,13.43,3.92,,
139051,P,2002-09-09,85507,10,77.20,6.45,,
139052,P,2000-11-22,32630,7,44.68,4.51,,
139053,P,2001-03-06,58184,5,23.21,7.31,,
139054,P,2000-01-04,91691,2,17.98,8.98,,
139055,P,2002-09-20,57939,4,21.53,9.16,,
139056,P,2000-10-03,28323,6,64.93,8.93,,
139057,P,2002-06-03,62975,6,27.96,7.14,,
139058,P,2000-02-18,54611,10,37.14,4.87,,
139059,P,2002-07-17,22026,5,1.56,5.52,,
139060,P,2001-03-15,95138,4,78.05,0.98,,
139061,P,2000-09-26,62619,9,22.41,5.88,,
139062,P,2001-08-06,35288,3,83.93,0.74,,
139063,P,2002-08-23,62457,9,62.09,8.26,,
139064,P,2002-04-05,79291,2,47.65,3.96,,
139065,P,2002-01-15,77307,9,97.02,0.04,,
139066,P,2001-05-26,45311,5,45.55,6.96,,
139067,P,2001-08-28,42572,2,89.12,0.08,,
139068,P,2001-05-20,74595,1,14.17,6.79,,
139069,P,2002-01-19,63708,3,86.83,0.99,,
139070,P,2002-08-22,57498,5,20.70,4.44,,
139071,P,2002-01-15,72019,1,65.39,5.00,,
139072,P,2002-09-15,85462,7,12.73,8.90,,
139073,P,2000-12-05,16768,4,46.61,0.28,,
139074,P,2001-11-23,3525,4,15.52,5.52,,
139075,P,2001-09-05,95752,1,40.42,1.75,,
139076,P,2001-12-21,45917,7,86.78,9.65,,
139077,P,2002-04-16,20967,4,15.30,2.13,,
139078,P,2000-01-23,26177,1,58.72,0.20,,
139079,P,2002-08-13,38927,2,2.04,4.89,,
139080,P,2002-05-13,23063,6,89.85,4.46,,
139081,P,2000-10-03,89087,9,64.15,1.63,,
139082,P,2000-05-07,74921,10,66.39,6.75,,
139083,P,2001-11-28,36994,3,84.88,5.19,,
139084,P,2001-04-18,2324,5,95.68,6.26,,
139085,P,2000-11-08,64536,1,64.49,8.22,,
139086,P,2002-08-02,28053,4,56.07,4.03,,
139087,P,2001-03-04,14885,3,14.82,0.78,,
139088,P,2001-05-28,18197,6,84.22,4.76,,
139089,P,2000-09-02,32035,5,79.72,5.33,,
139090,P,2002-05-15,48545,9,36.73,0.95,,
139091,P,2000-09-23,78843,8,31.56,5.59,,
139092,P,2001-07-26,94085,2,17.38,0.11,,
139093,P,2000-03-19,78850,10,39.66,2.02,,
139094,P,2001-03-05,86076,4,17.23,5.12,,
139095,P,2000-04-30,67072,6,24.21,7.65,,
139096,P,2001-09-29,77384,7,5.55,7.57,,
139097,P,2001-04-17,35948,7,4.77,7.00,,
139098,P,2000-06-28,51398,5,78.23,1.34,,
139099,P,2001-08-14,92762,5,9.03,5.27,,
139100,P,2002-08-27,5781,3,39.53,9.89,,
139101,P,2000-10-20,94239,4,13.05,8.61,,
139102,P,2002-06-07,77105,3,85.23,1.36,,
139103,P,2001-04-10,1225,4,23.43,1.87,,
139104,P,2001-10-28,73485,8,91.44,6.23,,
139105,P,2000-01-04,99638,9,62.76,1.75,,
139106,P,2000-10-04,23846,8,81.54,8.96,,
139107,P,2000-02-02,18323,4,7.11,3.68,,
139108,P,2000-03-22,54595,5,76.45,8.53,,
139109,P,2000-10-10,54113,3,31.36,8.38,,
139110,P,2001-07-15,1383,10,16.95,7.33,,
139111,P,2000-10-10,2436,8,14.18,1.51,,
139112,P,2001-09-04,37329,10,96.96,5.18,,
139113,P,2001-09-14,72375,1,24.79,7.32,,
139114,P,2001-01-15,29518,5,99.03,5.25,,
139115,P,2000-03-06,83363,6,9.79,3.62,,
139116,P,2000-11-24,2118,2,34.29,2.15,,
139117,P,2000-12-09,89023,5,31.39,9.98,,
139118,P,2002-05-23,80348,6,71.56,8.63,,
139119,P,2002-04-19,73952,7,87.69,9.85,,
139120,P,2001-07-21,19116,6,39.25,4.91,,
139121,P,2000-07-19,70082,3,65.86,1.91,,
139122,P,2002-08-11,8661,10,47.23,4.99,,
139123,P,2001-04-07,79787,7,29.30,7.36,,
139124,P,2000-07-04,93011,7,85.15,5.54,,
139125,P,2001-06-21,37229,3,67.34,5.83,,
139126,P,2002-06-11,32006,2,66.70,5.20,,
139127,P,2000-02-26,63597,10,1.91,4.99,,
139128,P,2001-09-19,91592,7,36.28,1.58,,
139129,P,2002-03-19,22937,3,13.79,0.28,,
139130,P,2001-07-03,84112,9,99.74,5.17,,
139131,P,2001-06-02,38219,2,56.02,9.35,,
139132,P,2000-04-24,68923,10,53.04,8.95,,
139133,P,2002-01-24,15278,10,77.52,8.18,,
139134,P,2000-11-10,19640,1,11.34,1.35,,
139135,P,2000-03-23,13786,5,80.47,6.46,,
139136,P,2001-09-17,17845,2,33.79,1.36,,
139137,P,2000-09-07,92234,9,41.16,3.70,,
139138,P,2000-12-05,65234,2,41.39,8.56,,
139139,P,2001-09-19,31656,8,83.64,8.11,,
139140,P,2000-09-26,79807,10,17.68,1.98,,
139141,P,2000-11-05,3203,8,18.77,6.94,,
139142,P,2000-01-17,1565,3,58.48,0.86,,
139143,P,2001-08-10,39569,10,59.48,4.61,,
139144,P,2000-11-30,45455,3,7.32,8.13,,
139145,P,2000-07-03,30027,1,16.58,0.34,,
139146,P,2001-02-24,36235,3,14.56,8.15,,
139147,P,2002-09-23,37601,2,9.64,0.91,,
139148,P,2002-08-23,23631,6,60.69,2.36,,
139149,P,2000-01-04,12338,9,79.04,4.23,,
139150,P,2000-12-10,59114,4,89.79,6.06,,
139151,P,2002-03-12,95876,8,40.30,5.92,,
139152,P,2001-08-24,61321,5,64.25,0.81,,
139153,P,2001-07-09,2637,10,95.79,1.90,,
139154,P,2001-09-20,54073,9,10.06,1.01,,
139155,P,2001-01-24,72174,3,22.56,9.57,,
139156,P,2001-10-11,51245,1,78.65,1.94,,
139157,P,2000-06-28,61108,5,54.64,8.23,,
139158,P,2002-06-12,61794,3,65.27,7.97,,
139159,P,2002-09-25,87971,6,92.71,8.55,,
139160,P,2001-05-04,98365,5,72.58,8.16,,
139161,P,2000-12-10,87978,9,78.87,9.89,,
139162,P,2001-07-15,4920,1,41.39,3.49,,
139163,P,2002-05-03,65547,3,32.82,8.81,,
139164,P,2001-11-12,93159,10,90.36,0.73,,
139165,P,2002-09-18,89114,4,28.07,7.89,,
139166,P,2001-08-19,88206,9,79.34,6.13,,
139167,P,2000-07-29,77410,6,16.65,3.98,,
139168,P,2000-02-19,40111,4,65.73,4.37,,
139169,P,2001-01-26,29943,3,0.14,8.19,,
139170,P,2000-10-30,6876,3,66.11,9.36,,
139171,P,2001-04-06,55592,7,39.61,6.90,,
139172,P,2001-09-09,79410,7,56.96,4.16,,
139173,P,2000-05-19,92160,8,90.30,2.10,,
139174,P,2000-02-25,68357,9,0.52,4.20,,
139175,P,2001-02-17,20173,4,97.25,0.28,,
139176,P,2000-12-16,58761,7,65.54,2.48,,
139177,P,2001-07-25,95420,10,46.58,8.96,,
139178,P,2000-12-18,22240,8,13.78,4.94,,
139179,P,2000-01-05,85059,9,10.03,0.72,,
139180,P,2000-01-27,79487,4,32.05,8.39,,
139181,P,2001-02-07,2120,2,44.33,1.68,,
139182,P,2000-04-07,80612,10,53.76,4.77,,
139183,P,2002-05-03,93994,3,1.52,6.84,,
139184,P,2000-02-08,37329,4,80.08,8.53,,
139185,P,2000-01-08,92959,5,48.63,6.15,,
139186,P,2000-04-04,56016,9,9.79,6.34,,
139187,P,2000-04-14,48078,5,14.01,1.29,,
139188,P,2000-08-18,92096,4,3.72,1.24,,
139189,P,2000-09-04,46925,3,8.76,3.46,,
139190,P,2002-06-15,78667,9,89.03,5.97,,
139191,P,2000-04-06,6856,4,97.50,8.29,,
139192,P,2002-07-14,84879,6,97.83,9.28,,
139193,P,2001-12-04,75458,9,62.30,4.86,,
139194,P,2002-09-11,96907,4,86.79,3.36,,
139195,P,2000-09-19,37754,2,36.70,1.10,,
139196,P,2001-03-04,59548,8,97.09,6.72,,
139197,P,2000-08-28,4668,6,21.41,0.45,,
139198,P,2002-07-01,50470,6,64.24,8.33,,
139199,P,2002-04-05,92864,1,27.58,5.65,,
139200,P,2000-09-27,93519,4,38.45,0.86,,
139201,P,2000-01-22,40207,7,28.12,4.91,,
139202,P,2001-10-19,45412,1,49.94,9.54,,
139203,P,2001-03-03,13461,8,16.07,7.57,,
139204,P,2001-03-20,92785,10,40.10,6.84,,
139205,P,2002-07-25,99205,9,61.14,1.87,,
139206,P,2000-03-08,70314,2,87.56,7.55,,
139207,P,2000-04-26,99500,3,11.58,6.70,,
139208,P,2002-09-01,94745,2,15.25,2.48,,
139209,P,2000-07-03,8794,8,55.85,9.84,,
139210,P,2002-05-08,3468,4,24.07,3.20,,
139211,P,2000-07-28,11966,6,1.92,3.37,,
139212,P,2001-06-26,78535,7,4.51,8.56,,
139213,P,2001-04-18,34157,2,38.92,4.84,,
139214,P,2001-02-28,96214,6,55.79,3.33,,
139215,P,2001-06-04,33007,6,56.43,0.91,,
139216,P,2000-08-19,37588,8,20.01,5.26,,
139217,P,2000-01-09,35045,9,92.45,4.66,,
139218,P,2000-03-05,83863,9,89.11,5.08,,
139219,P,2002-04-19,52794,3,30.82,6.57,,
139220,P,2001-02-11,16612,1,48.49,6.67,,
139221,P,2001-08-19,62394,6,23.64,3.44,,
139222,P,2000-10-03,24296,2,50.01,3.56,,
139223,P,2002-06-24,8777,2,12.29,5.21,,
139224,P,2001-04-30,87166,7,59.64,7.73,,
139225,P,2001-11-22,97405,8,88.15,5.64,,
139226,P,2000-11-26,98847,2,55.97,7.79,,
139227,P,2002-02-14,88889,2,26.79,5.87,,
139228,P,2002-04-29,42349,6,33.52,9.70,,
139229,P,2000-05-05,18566,1,6.80,8.11,,
139230,P,2000-09-28,19110,7,29.10,1.20,,
139231,P,2000-12-27,34424,8,68.33,4.41,,
139232,P,2000-05-08,57584,4,39.16,1.87,,
139233,P,2000-11-04,15870,6,27.04,9.36,,
139234,P,2001-06-02,71819,9,4.88,1.50,,
139235,P,2001-12-13,6055,4,87.10,2.07,,
139236,P,2000-09-13,99063,4,18.19,7.35,,
139237,P,2001-10-26,84772,9,49.74,3.55,,
139238,P,2000-05-30,18229,4,47.15,3.02,,
139239,P,2002-08-12,61511,10,97.69,0.99,,
139240,P,2001-11-13,15589,3,78.81,2.47,,
139241,P,2002-06-04,86974,10,89.68,7.22,,
139242,P,2002-08-05,93069,8,92.59,9.24,,
139243,P,2002-03-24,14092,10,16.78,4.80,,
139244,P,2001-03-18,96970,10,3.10,5.04,,
139245,P,2002-01-17,99540,9,56.31,1.82,,
139246,P,2000-12-17,77459,4,38.13,9.44,,
139247,P,2001-10-03,23939,2,3.26,8.03,,
139248,P,2002-01-25,23895,2,36.07,8.60,,
139249,P,2002-03-19,54774,2,42.48,7.07,,
139250,P,2000-03-25,62008,9,98.14,5.59,,
139251,P,2001-01-14,42955,8,53.01,0.04,,
139252,P,2001-06-20,53309,10,3.07,4.61,,
139253,P,2000-12-26,17739,6,71.82,5.85,,
139254,P,2001-03-26,15544,9,85.96,1.47,,
139255,P,2001-05-20,92904,4,66.06,1.32,,
139256,P,2001-12-02,1296,8,18.42,6.03,,
139257,P,2000-06-11,59299,5,18.12,7.60,,
139258,P,2002-01-08,29999,4,86.61,8.61,,
139259,P,2002-05-30,46560,7,43.64,0.26,,
139260,P,2002-09-26,52149,4,43.97,2.92,,
139261,P,2001-05-10,88691,5,12.59,4.29,,
139262,P,2000-08-08,99188,3,36.72,1.54,,
139263,P,2002-06-17,56419,10,47.32,6.09,,
139264,P,2002-05-21,99355,10,82.45,4.53,,
139265,P,2002-09-10,82727,10,8.40,5.56,,
139266,P,2002-07-05,71343,3,83.59,7.12,,
139267,P,2000-02-18,34834,10,26.73,8.22,,
139268,P,2000-11-16,7459,4,39.10,4.28,,
139269,P,2002-09-14,27004,7,11.97,2.19,,
139270,P,2002-08-17,39947,9,14.01,2.30,,
139271,P,2000-06-22,91230,3,77.70,1.12,,
139272,P,2001-09-11,8151,10,41.68,1.13,,
139273,P,2001-06-05,32030,7,51.21,5.35,,
139274,P,2001-07-01,65320,8,88.93,0.78,,
139275,P,2001-11-26,25495,6,50.39,8.41,,
139276,P,2002-01-09,12116,4,42.45,5.63,,
139277,P,2000-12-31,42904,10,35.64,3.23,,
139278,P,2001-01-28,53318,5,9.60,1.58,,
139279,P,2000-12-12,4895,3,19.55,3.01,,
139280,P,2002-09-15,79554,6,18.19,1.07,,
139281,P,2000-08-18,80797,9,37.67,8.48,,
139282,P,2001-08-29,72406,5,32.55,4.49,,
139283,P,2002-02-21,92677,10,59.27,3.61,,
139284,P,2001-12-07,83501,5,9.02,9.92,,
139285,P,2001-09-24,61623,7,44.51,3.77,,
139286,P,2001-02-22,47852,4,31.26,9.46,,
139287,P,2000-04-27,9075,10,95.92,2.59,,
139288,P,2000-01-15,46395,6,5.05,9.68,,
139289,P,2000-02-19,41578,4,74.04,8.45,,
139290,P,2000-03-31,50982,1,12.13,5.31,,
139291,P,2000-10-11,33626,10,69.20,0.83,,
139292,P,2002-01-08,76292,2,74.74,4.10,,
139293,P,2002-05-08,18171,8,89.21,4.63,,
139294,P,2000-09-19,60136,6,35.47,3.06,,
139295,P,2000-06-18,87479,10,90.86,0.11,,
139296,P,2001-07-06,48512,9,69.86,8.18,,
139297,P,2001-06-16,11885,4,55.50,4.06,,
139298,P,2002-09-15,30151,3,25.23,2.77,,
139299,P,2000-10-04,43002,8,61.58,0.63,,
139300,P,2002-02-01,12761,1,57.00,2.27,,
139301,P,2000-09-12,49674,7,85.01,3.33,,
139302,P,2001-04-16,11443,9,49.60,8.54,,
139303,P,2002-03-09,67748,9,74.18,7.70,,
139304,P,2000-12-31,98926,5,43.63,2.96,,
139305,P,2002-02-16,98197,8,82.83,5.82,,
139306,P,2000-06-02,28541,7,64.65,3.03,,
139307,P,2002-09-22,85316,10,86.08,5.71,,
139308,P,2000-03-31,8402,6,8.38,1.40,,
139309,P,2000-10-13,75050,1,72.77,6.84,,
139310,P,2001-05-24,40372,3,73.77,8.39,,
139311,P,2002-04-27,66778,3,65.68,3.57,,
139312,P,2002-09-04,59338,5,16.53,1.10,,
139313,P,2001-08-25,13008,6,49.14,0.22,,
139314,P,2000-10-24,6476,1,81.03,5.96,,
139315,P,2001-12-07,19683,9,41.98,4.83,,
139316,P,2002-03-25,21359,2,96.76,7.41,,
139317,P,2000-10-01,6657,9,59.95,0.53,,
139318,P,2000-04-08,46232,6,28.15,5.32,,
139319,P,2001-02-15,54433,4,32.64,6.12,,
139320,P,2001-04-06,78478,1,33.66,0.64,,
139321,P,2000-02-01,23597,5,17.58,9.97,,
139322,P,2000-01-18,12197,6,34.24,4.12,,
139323,P,2001-04-17,76310,10,41.46,3.50,,
139324,P,2001-09-04,84009,2,81.83,9.73,,
139325,P,2000-03-15,78376,1,25.34,5.50,,
139326,P,2001-10-18,26560,7,4.80,9.28,,
139327,P,2002-01-22,82390,7,9.14,3.82,,
139328,P,2001-01-15,46081,9,0.13,7.48,,
139329,P,2001-03-07,85872,3,85.93,9.13,,
139330,P,2000-08-03,52859,4,93.33,2.51,,
139331,P,2002-02-04,68441,7,77.63,3.08,,
139332,P,2000-01-07,82942,4,98.64,5.68,,
139333,P,2000-10-20,92192,10,86.98,4.42,,
139334,P,2000-01-18,55727,1,18.52,5.66,,
139335,P,2001-07-21,35678,2,31.06,7.81,,
139336,P,2002-06-04,97777,9,42.25,5.53,,
139337,P,2000-12-22,7896,6,12.12,9.46,,
139338,P,2000-05-09,19080,4,91.03,9.61,,
139339,P,2001-09-12,47630,5,99.44,3.46,,
139340,P,2002-03-10,19510,8,3.11,8.35,,
139341,P,2001-10-21,26794,6,29.17,6.70,,
139342,P,2002-02-15,79784,10,74.94,2.93,,
139343,P,2001-12-29,10461,9,4.75,6.36,,
139344,P,2001-10-21,86834,5,48.77,5.72,,
139345,P,2002-09-22,7390,4,62.47,9.03,,
139346,P,2002-07-24,12400,8,41.53,8.88,,
139347,P,2002-03-02,10547,5,5.68,4.15,,
139348,P,2000-04-24,24453,8,3.75,5.70,,
139349,P,2001-08-22,72095,8,28.66,0.34,,
139350,P,2000-11-20,40501,5,34.69,4.72,,
139351,P,2000-09-18,96124,3,75.64,5.82,,
139352,P,2002-08-04,13821,10,29.13,7.06,,
139353,P,2000-01-24,61760,7,91.02,7.02,,
139354,P,2000-06-07,35789,2,15.75,2.50,,
139355,P,2001-11-20,93841,9,70.93,2.46,,
139356,P,2001-11-14,13842,7,89.59,4.41,,
139357,P,2000-03-26,29572,5,10.20,0.35,,
139358,P,2001-06-28,13034,3,8.68,4.04,,
139359,P,2000-04-03,63330,4,80.77,7.99,,
139360,P,2002-08-28,13561,4,74.29,7.50,,
139361,P,2001-11-15,61060,3,93.95,6.20,,
139362,P,2002-05-30,34505,7,3.55,8.49,,
139363,P,2002-09-02,80434,4,59.06,2.47,,
139364,P,2000-08-30,68335,2,84.31,9.59,,
139365,P,2000-12-09,60193,7,42.78,6.16,,
139366,P,2002-03-28,60739,6,29.95,7.34,,
139367,P,2000-01-23,97489,7,5.52,5.57,,
139368,P,2000-10-24,41826,6,74.87,4.83,,
139369,P,2000-06-18,36324,5,21.03,5.89,,
139370,P,2001-12-26,96839,8,6.11,7.05,,
139371,P,2001-01-29,77137,4,86.31,5.68,,
139372,P,2000-11-28,41671,5,67.18,6.41,,
139373,P,2000-11-18,24649,10,3.15,3.16,,
139374,P,2001-05-11,63637,10,60.46,7.85,,
139375,P,2000-12-13,38704,6,77.98,1.49,,
139376,P,2001-06-27,46975,10,49.57,6.56,,
139377,P,2000-07-07,28187,8,15.87,8.52,,
139378,P,2002-04-03,62597,1,16.24,7.76,,
139379,P,2000-06-03,89975,6,61.24,1.32,,
139380,P,2002-07-07,66855,6,76.25,1.77,,
139381,P,2002-08-31,76597,7,53.94,1.42,,
139382,P,2001-09-28,89044,10,36.91,9.90,,
139383,P,2000-12-30,75192,4,71.80,9.55,,
139384,P,2000-12-27,67620,5,69.30,3.04,,
139385,P,2001-10-27,63119,6,6.33,2.33,,
139386,P,2002-07-30,97263,1,44.57,4.42,,
139387,P,2001-08-30,99278,8,71.64,6.39,,
139388,P,2002-08-12,13108,3,45.80,7.34,,
139389,P,2002-03-25,61501,9,78.43,1.78,,
139390,P,2001-04-29,98053,7,26.24,7.34,,
139391,P,2000-11-21,4099,9,44.26,4.68,,
139392,P,2000-02-05,23855,10,78.68,9.89,,
139393,P,2001-01-12,2922,7,35.42,3.60,,
139394,P,2001-02-07,84684,10,95.62,0.43,,
139395,P,2001-05-14,42507,2,21.02,9.56,,
139396,P,2002-01-07,91660,4,78.93,2.11,,
139397,P,2002-06-18,68322,3,85.99,7.08,,
139398,P,2002-04-11,81393,2,56.65,8.92,,
139399,P,2000-01-15,21598,4,37.90,5.12,,
139400,P,2002-06-30,40106,1,32.52,9.72,,
139401,P,2000-03-21,61400,6,12.52,9.65,,
139402,P,2002-07-24,22294,3,92.38,6.31,,
139403,P,2001-10-28,47836,9,20.32,0.09,,
139404,P,2000-01-31,17158,10,86.70,7.89,,
139405,P,2001-01-09,25999,9,27.35,8.90,,
139406,P,2000-02-21,99858,3,58.02,7.21,,
139407,P,2001-03-17,7100,4,87.09,2.91,,
139408,P,2002-08-19,19943,5,14.85,1.48,,
139409,P,2000-03-19,92797,10,39.06,6.99,,
139410,P,2001-04-23,52450,5,60.39,3.76,,
139411,P,2002-04-12,6433,6,95.49,1.49,,
139412,P,2002-01-06,27423,1,87.40,8.85,,
139413,P,2001-01-22,49356,6,22.73,8.05,,
139414,P,2002-01-06,64823,7,43.59,9.07,,
139415,P,2001-03-26,45563,10,65.59,9.27,,
139416,P,2000-12-28,88000,8,39.08,2.39,,
139417,P,2000-03-26,36929,8,32.13,8.01,,
139418,P,2001-01-09,17947,4,75.50,7.59,,
139419,P,2000-06-23,40472,8,96.27,7.68,,
139420,P,2001-12-08,41016,1,42.66,5.34,,
139421,P,2001-11-29,60389,4,46.38,5.47,,
139422,P,2001-01-03,92310,5,62.54,6.85,,
139423,P,2002-01-24,97831,6,52.57,7.56,,
139424,P,2000-12-19,62022,6,8.98,8.62,,
139425,P,2002-09-23,533,8,54.76,2.11,,
139426,P,2000-07-01,38541,6,1.35,9.04,,
139427,P,2001-01-21,94773,6,72.62,8.10,,
139428,P,2001-08-02,88337,9,83.86,0.23,,
139429,P,2001-04-18,13625,7,26.49,8.82,,
139430,P,2002-06-16,37374,5,96.31,8.24,,
139431,P,2000-05-15,5605,5,77.51,0.32,,
139432,P,2000-11-08,25871,2,68.18,5.99,,
139433,P,2000-03-22,39299,1,66.11,2.44,,
139434,P,2002-07-01,54859,10,26.55,8.50,,
139435,P,2000-07-26,85812,9,84.16,5.62,,
139436,P,2000-09-09,85236,2,87.36,0.45,,
139437,P,2001-12-24,47871,4,91.45,6.85,,
139438,P,2000-05-18,29149,9,81.70,3.22,,
139439,P,2001-07-06,12325,3,76.82,6.09,,
139440,P,2000-07-28,12896,3,83.25,2.64,,
139441,P,2002-03-29,61743,10,3.25,9.08,,
139442,P,2002-06-25,49828,2,46.48,7.21,,
139443,P,2000-06-19,62370,10,82.53,6.81,,
139444,P,2002-05-18,95531,8,55.61,6.30,,
139445,P,2001-11-27,90420,2,3.09,8.74,,
139446,P,2001-07-10,87625,7,66.42,7.75,,
139447,P,2001-01-06,18307,2,26.92,1.87,,
139448,P,2001-11-11,99093,8,67.23,8.64,,
139449,P,2002-02-08,71032,8,47.38,3.73,,
139450,P,2001-12-03,21747,3,12.11,1.33,,
139451,P,2000-11-11,74119,4,77.55,3.18,,
139452,P,2000-06-07,16353,2,1.32,0.58,,
139453,P,2002-07-08,5805,10,26.25,9.15,,
139454,P,2000-10-18,361,9,99.42,2.56,,
139455,P,2001-05-27,42257,10,41.27,8.09,,
139456,P,2002-06-19,4162,3,98.89,6.68,,
139457,P,2002-05-04,57503,4,30.89,9.19,,
139458,P,2002-04-08,91585,1,29.62,3.78,,
139459,P,2000-11-19,7593,5,89.29,8.19,,
139460,P,2001-02-28,25447,8,15.66,2.89,,
139461,P,2001-04-30,28204,9,75.15,9.19,,
139462,P,2002-03-18,45762,3,71.57,5.74,,
139463,P,2000-04-02,91325,6,40.83,3.81,,
139464,P,2001-05-31,44430,3,91.07,2.08,,
139465,P,2001-05-10,99517,2,95.26,5.21,,
139466,P,2002-09-07,32109,6,81.73,1.57,,
139467,P,2000-01-21,78389,5,57.36,5.93,,
139468,P,2002-01-01,64828,1,67.57,7.66,,
139469,P,2001-09-16,50373,8,69.31,4.67,,
139470,P,2000-08-24,63800,4,91.70,1.66,,
139471,P,2000-12-16,10876,7,0.01,0.82,,
139472,P,2001-01-20,94354,4,78.49,7.28,,
139473,P,2002-04-18,44627,10,57.63,5.62,,
139474,P,2001-10-08,14827,4,85.05,7.46,,
139475,P,2000-04-29,41258,4,74.63,9.02,,
139476,P,2000-02-11,39403,8,35.52,6.07,,
139477,P,2000-05-16,87495,7,88.91,4.51,,
139478,P,2000-03-21,43259,7,32.36,4.57,,
139479,P,2001-08-27,65638,5,9.75,4.55,,
139480,P,2000-11-14,99246,7,94.67,4.23,,
139481,P,2000-06-19,33641,4,81.44,3.14,,
139482,P,2001-04-02,57838,6,79.81,7.61,,
139483,P,2000-10-18,8652,6,79.35,7.11,,
139484,P,2000-08-10,47566,9,99.82,9.28,,
139485,P,2002-03-04,24759,2,30.71,7.18,,
139486,P,2001-07-31,31224,5,23.03,0.96,,
139487,P,2002-07-16,13688,2,46.32,9.78,,
139488,P,2002-08-27,84592,7,3.50,0.93,,
139489,P,2000-03-31,17954,2,97.13,1.49,,
139490,P,2001-09-26,71887,10,26.75,8.04,,
139491,P,2001-06-17,78893,10,76.20,0.50,,
139492,P,2001-03-06,49598,6,55.51,8.91,,
139493,P,2001-03-23,35848,7,21.89,0.46,,
139494,P,2000-04-05,29499,8,94.77,3.63,,
139495,P,2001-08-03,17073,4,58.67,9.10,,
139496,P,2001-04-09,88947,1,57.01,6.41,,
139497,P,2002-02-24,11446,2,77.59,2.90,,
139498,P,2001-06-12,88612,6,27.18,3.16,,
139499,P,2001-10-09,18098,1,61.16,9.73,,
139500,P,2001-04-16,95999,10,80.54,8.70,,
139501,P,2001-03-03,46198,6,67.65,8.47,,
139502,P,2002-03-09,95068,10,39.40,5.65,,
139503,P,2002-08-06,52725,10,85.09,3.26,,
139504,P,2002-07-01,92784,10,25.30,0.37,,
139505,P,2001-03-16,13283,9,40.05,8.56,,
139506,P,2000-08-24,45380,9,9.74,6.86,,
139507,P,2002-05-24,55062,4,18.80,0.68,,
139508,P,2000-08-04,44282,10,5.48,5.23,,
139509,P,2000-11-28,90899,7,79.57,0.75,,
139510,P,2002-06-24,83788,10,38.59,3.39,,
139511,P,2002-06-27,91416,3,13.11,3.99,,
139512,P,2001-01-31,86550,10,42.23,9.14,,
139513,P,2000-05-06,82755,9,52.75,5.14,,
139514,P,2001-03-30,4014,9,0.33,3.76,,
139515,P,2002-05-15,57619,6,78.89,4.77,,
139516,P,2000-08-26,66372,8,33.15,3.48,,
139517,P,2002-05-21,52776,7,44.35,3.22,,
139518,P,2002-07-29,8478,2,13.44,3.56,,
139519,P,2002-02-03,37480,4,28.60,2.65,,
139520,P,2002-03-19,3721,8,6.41,5.98,,
139521,P,2000-06-20,70337,10,62.35,4.57,,
139522,P,2001-12-12,70841,9,3.92,7.07,,
139523,P,2001-07-04,82055,1,64.44,6.76,,
139524,P,2000-02-04,72600,2,38.85,8.87,,
139525,P,2001-03-12,33460,3,20.82,5.61,,
139526,P,2002-07-11,80611,5,65.79,8.30,,
139527,P,2001-05-19,80570,1,97.31,4.23,,
139528,P,2000-09-03,63950,1,39.09,7.54,,
139529,P,2000-10-19,9172,3,26.66,3.27,,
139530,P,2001-02-25,616,2,41.81,8.09,,
139531,P,2002-05-30,72802,4,45.24,5.09,,
139532,P,2000-10-30,36105,9,1.07,2.04,,
139533,P,2000-10-16,96561,8,25.30,6.03,,
139534,P,2001-07-07,49928,8,12.26,7.08,,
139535,P,2002-01-28,44656,5,69.03,0.26,,
139536,P,2001-04-23,97953,1,60.95,1.54,,
139537,P,2000-01-17,70672,5,72.93,9.84,,
139538,P,2002-08-06,37995,10,73.40,4.47,,
139539,P,2001-10-29,64369,4,84.80,1.81,,
139540,P,2000-12-20,16377,8,90.21,8.74,,
139541,P,2002-06-21,24527,1,84.99,6.74,,
139542,P,2002-04-18,56106,8,15.18,6.31,,
139543,P,2000-09-26,11488,1,17.75,7.26,,
139544,P,2002-06-12,23922,10,77.53,5.95,,
139545,P,2001-07-10,45828,1,18.74,9.66,,
139546,P,2001-10-28,75985,8,51.51,3.85,,
139547,P,2000-12-28,72195,5,7.12,7.57,,
139548,P,2001-06-14,15217,6,81.69,1.91,,
139549,P,2000-05-11,94229,5,70.61,2.69,,
139550,P,2002-04-13,96016,9,77.65,7.98,,
139551,P,2001-05-18,46180,4,46.29,7.92,,
139552,P,2002-01-01,87598,10,46.01,2.82,,
139553,P,2001-09-16,29048,2,42.37,8.02,,
139554,P,2002-06-13,47983,8,88.85,7.23,,
139555,P,2002-02-24,20557,6,55.61,5.67,,
139556,P,2000-05-18,75329,4,86.65,5.69,,
139557,P,2001-03-24,65777,3,15.66,1.53,,
139558,P,2001-06-15,45733,10,66.16,8.39,,
139559,P,2000-08-12,10231,2,96.95,4.69,,
139560,P,2000-07-06,75363,1,68.72,9.33,,
139561,P,2000-10-11,33159,10,80.93,9.82,,
139562,P,2002-06-05,39983,9,93.22,5.52,,
139563,P,2001-03-13,42358,3,66.89,8.07,,
139564,P,2000-01-30,64481,7,20.23,3.69,,
139565,P,2001-05-03,8362,1,37.43,4.39,,
139566,P,2002-01-06,76946,8,29.03,1.18,,
139567,P,2001-04-19,36440,2,24.79,8.71,,
139568,P,2002-04-21,29020,7,31.29,0.63,,
139569,P,2002-03-22,85871,1,72.64,1.64,,
139570,P,2001-06-01,90601,3,96.01,9.51,,
139571,P,2000-11-18,28182,6,36.92,9.90,,
139572,P,2000-07-03,60094,2,25.25,6.36,,
139573,P,2001-12-03,24217,2,55.74,8.74,,
139574,P,2001-08-02,70803,3,39.51,5.93,,
139575,P,2001-12-24,44427,2,30.27,3.54,,
139576,P,2000-11-12,25954,9,92.24,5.08,,
139577,P,2001-02-14,1873,7,66.42,8.22,,
139578,P,2002-08-29,53305,1,34.85,9.58,,
139579,P,2001-01-21,74020,10,88.00,8.75,,
139580,P,2001-01-02,24748,5,14.13,9.40,,
139581,P,2000-07-08,55318,5,66.85,2.08,,
139582,P,2001-02-23,58368,4,64.04,3.53,,
139583,P,2002-05-25,74740,5,59.50,7.93,,
139584,P,2001-05-30,68289,3,69.60,5.49,,
139585,P,2000-01-12,81739,3,38.14,3.73,,
139586,P,2001-03-05,74496,2,65.50,6.94,,
139587,P,2001-07-27,49110,8,59.75,5.33,,
139588,P,2001-06-09,81662,10,91.36,5.88,,
139589,P,2000-08-26,87943,1,99.34,1.60,,
139590,P,2002-01-28,20315,7,1.01,4.94,,
139591,P,2001-01-13,86386,2,6.85,6.58,,
139592,P,2001-03-12,85479,5,11.43,0.91,,
139593,P,2002-07-01,68288,7,97.53,6.27,,
139594,P,2000-04-20,90318,8,58.81,7.94,,
139595,P,2000-11-22,80770,7,30.99,9.12,,
139596,P,2000-11-14,92302,6,52.07,7.04,,
139597,P,2000-02-21,84923,9,33.56,0.24,,
139598,P,2002-05-04,19842,7,38.29,2.37,,
139599,P,2001-02-05,35582,3,64.85,5.33,,
139600,P,2000-02-01,4531,5,77.22,2.30,,
139601,P,2002-09-19,64026,9,29.59,7.92,,
139602,P,2001-08-16,86470,3,3.54,9.16,,
139603,P,2001-09-14,21774,3,10.08,2.61,,
139604,P,2000-05-22,14038,7,30.23,0.56,,
139605,P,2002-08-02,82990,10,30.59,8.39,,
139606,P,2002-07-09,44663,9,14.42,9.28,,
139607,P,2000-07-16,77576,2,53.42,5.90,,
139608,P,2000-03-14,34382,8,46.82,9.37,,
139609,P,2001-11-22,87424,7,23.62,7.51,,
139610,P,2001-12-08,82199,4,57.20,9.85,,
139611,P,2001-10-19,13114,2,24.76,5.16,,
139612,P,2000-07-24,5398,1,99.85,6.33,,
139613,P,2000-07-29,57149,1,30.26,2.36,,
139614,P,2001-11-24,74002,7,97.62,9.11,,
139615,P,2000-02-11,41220,9,11.51,6.28,,
139616,P,2000-11-16,76030,3,99.58,6.71,,
139617,P,2000-03-31,95929,2,21.77,1.51,,
139618,P,2002-06-23,72209,9,16.08,7.09,,
139619,P,2000-09-13,15560,1,12.94,4.61,,
139620,P,2002-03-06,32310,9,20.94,9.91,,
139621,P,2000-07-25,26093,1,48.48,3.39,,
139622,P,2001-06-22,81615,5,63.57,2.32,,
139623,P,2001-10-30,42850,6,65.76,6.90,,
139624,P,2001-10-05,64431,1,1.98,3.35,,
139625,P,2000-09-10,71343,3,37.87,2.02,,
139626,P,2001-06-23,8734,9,88.00,4.06,,
139627,P,2001-01-29,92539,6,41.11,8.33,,
139628,P,2002-09-09,7532,8,7.41,6.03,,
139629,P,2002-01-27,15805,3,83.11,5.84,,
139630,P,2002-07-28,64791,4,35.62,7.24,,
139631,P,2000-06-13,27335,3,7.76,6.45,,
139632,P,2002-04-10,89822,2,53.64,6.54,,
139633,P,2000-07-13,22423,1,94.61,1.50,,
139634,P,2001-06-22,67452,8,35.99,4.75,,
139635,P,2002-02-13,29327,1,14.75,9.72,,
139636,P,2000-01-01,69454,1,54.23,8.05,,
139637,P,2001-07-21,96844,10,39.36,1.77,,
139638,P,2001-08-05,92834,4,64.63,4.54,,
139639,P,2001-02-02,42934,5,66.43,5.24,,
139640,P,2002-09-04,36229,6,82.77,4.57,,
139641,P,2000-02-28,85516,5,1.93,3.20,,
139642,P,2001-02-11,12880,4,48.40,3.44,,
139643,P,2002-02-22,18127,8,2.76,0.06,,
139644,P,2000-10-13,94895,6,66.31,2.11,,
139645,P,2001-01-24,99964,4,78.57,9.59,,
139646,P,2000-12-13,85302,7,37.09,9.63,,
139647,P,2002-06-01,66229,8,84.81,0.72,,
139648,P,2000-03-07,99343,9,34.23,7.08,,
139649,P,2000-11-25,82462,9,39.96,8.06,,
139650,P,2000-02-16,85133,7,3.21,1.04,,
139651,P,2001-04-14,53845,2,98.69,4.98,,
139652,P,2002-05-09,35795,4,91.04,2.41,,
139653,P,2000-03-16,77667,10,6.42,2.99,,
139654,P,2000-04-12,47592,4,65.15,7.31,,
139655,P,2001-01-01,4464,3,90.99,7.04,,
139656,P,2000-05-04,36343,9,86.07,6.28,,
139657,P,2002-03-10,26443,10,57.98,0.88,,
139658,P,2002-05-16,50876,6,87.04,6.78,,
139659,P,2002-08-21,52320,7,90.95,3.97,,
139660,P,2001-06-19,44891,6,8.13,6.35,,
139661,P,2001-11-10,8271,8,33.53,0.18,,
139662,P,2002-03-05,1948,2,68.84,5.44,,
139663,P,2000-05-09,27763,4,29.80,7.99,,
139664,P,2000-05-12,24827,3,48.29,4.46,,
139665,P,2002-08-21,11188,5,84.53,2.37,,
139666,P,2000-05-01,9827,8,38.19,8.41,,
139667,P,2000-07-20,57751,2,66.31,3.80,,
139668,P,2000-01-09,81765,2,77.05,1.93,,
139669,P,2000-05-07,23506,10,33.83,7.30,,
139670,P,2000-03-30,31381,9,73.07,2.72,,
139671,P,2001-11-15,46211,5,0.02,1.73,,
139672,P,2000-12-30,80806,10,76.34,9.27,,
139673,P,2001-05-26,38162,2,35.63,7.68,,
139674,P,2001-10-03,93740,1,73.48,2.23,,
139675,P,2001-08-17,96430,3,75.28,5.54,,
139676,P,2002-06-02,79066,5,67.96,8.90,,
139677,P,2002-02-17,79308,6,11.99,3.82,,
139678,P,2002-05-19,38605,9,71.09,9.78,,
139679,P,2000-11-27,64096,3,3.85,2.45,,
139680,P,2001-08-23,51409,8,8.56,6.59,,
139681,P,2002-05-14,56124,4,80.53,6.25,,
139682,P,2002-08-28,82141,2,22.09,3.20,,
139683,P,2000-03-27,64479,9,3.13,7.18,,
139684,P,2002-04-26,58016,9,75.66,5.76,,
139685,P,2002-05-26,58452,2,5.60,5.70,,
139686,P,2002-06-22,50223,5,90.33,2.09,,
139687,P,2000-07-19,55952,1,72.17,8.96,,
139688,P,2001-03-16,30901,3,9.67,6.73,,
139689,P,2001-11-06,99666,5,41.88,5.48,,
139690,P,2002-07-08,6193,1,67.93,1.18,,
139691,P,2001-02-15,25745,6,40.13,3.80,,
139692,P,2002-01-03,68934,1,78.37,2.68,,
139693,P,2002-09-14,97808,4,32.76,5.71,,
139694,P,2001-06-04,89008,5,75.83,3.01,,
139695,P,2000-04-18,97828,4,0.15,2.88,,
139696,P,2000-07-10,92844,7,32.09,8.98,,
139697,P,2000-01-31,62534,5,63.08,2.71,,
139698,P,2000-01-04,60811,10,89.05,4.75,,
139699,P,2002-01-13,62579,2,57.42,6.64,,
139700,P,2001-04-24,76349,7,71.51,9.58,,
139701,P,2000-06-06,26100,5,18.55,0.70,,
139702,P,2002-09-15,10498,10,29.06,6.74,,
139703,P,2001-12-14,61988,6,90.40,7.70,,
139704,P,2000-05-31,7970,4,55.05,6.49,,
139705,P,2002-07-21,76037,4,62.45,0.11,,
139706,P,2001-10-04,85733,5,32.82,2.85,,
139707,P,2001-05-30,99548,10,26.85,8.75,,
139708,P,2001-08-28,85804,4,6.29,2.91,,
139709,P,2000-08-16,87491,2,32.95,5.43,,
139710,P,2000-10-09,32955,3,47.57,1.43,,
139711,P,2001-10-07,32052,2,20.03,4.99,,
139712,P,2002-06-20,62526,4,42.07,7.13,,
139713,P,2000-04-11,59321,10,94.47,4.90,,
139714,P,2000-06-06,7071,6,30.26,2.17,,
139715,P,2001-10-14,29334,3,77.50,7.64,,
139716,P,2002-02-17,20617,3,48.77,6.79,,
139717,P,2001-09-19,21230,8,21.60,6.92,,
139718,P,2000-08-21,90067,3,86.97,8.89,,
139719,P,2001-09-05,94800,5,89.18,4.56,,
139720,P,2000-11-20,21521,7,85.00,6.61,,
139721,P,2001-04-05,52151,3,24.43,4.15,,
139722,P,2002-03-31,1872,6,27.86,6.43,,
139723,P,2002-03-31,80855,10,10.28,1.22,,
139724,P,2000-05-16,24023,5,80.32,1.56,,
139725,P,2002-03-25,64739,3,68.40,7.91,,
139726,P,2001-01-22,95907,5,86.92,2.68,,
139727,P,2000-11-26,89374,4,92.70,9.64,,
139728,P,2002-08-05,83371,7,52.88,7.80,,
139729,P,2001-08-24,98499,1,31.31,9.00,,
139730,P,2001-08-12,8876,3,38.07,8.45,,
139731,P,2000-12-28,10847,6,21.59,6.48,,
139732,P,2000-04-26,70812,2,69.97,3.99,,
139733,P,2000-08-26,68629,8,75.80,9.85,,
139734,P,2002-04-09,82071,5,1.08,8.12,,
139735,P,2001-03-11,44027,8,47.92,1.50,,
139736,P,2002-09-20,68907,8,24.28,7.84,,
139737,P,2000-11-08,76540,7,74.67,1.30,,
139738,P,2000-09-04,7638,3,44.76,2.30,,
139739,P,2000-06-20,43091,3,54.41,4.12,,
139740,P,2000-11-28,62258,8,42.33,0.43,,
139741,P,2001-07-25,41934,1,15.65,4.07,,
139742,P,2002-07-31,48944,7,97.73,4.87,,
139743,P,2001-08-29,78762,5,93.97,6.77,,
139744,P,2000-08-12,98057,9,97.83,4.48,,
139745,P,2000-07-24,48232,3,59.71,5.81,,
139746,P,2001-08-18,15050,1,12.18,4.88,,
139747,P,2000-08-07,53539,4,84.27,9.41,,
139748,P,2002-08-16,71467,3,89.96,9.42,,
139749,P,2000-09-16,18347,10,22.25,1.12,,
139750,P,2000-07-15,63100,4,95.46,7.23,,
139751,P,2000-12-19,55317,7,86.67,6.45,,
139752,P,2000-08-17,30762,6,68.75,0.54,,
139753,P,2001-10-17,53763,10,60.94,1.94,,
139754,P,2001-01-01,552,8,32.32,0.51,,
139755,P,2001-04-16,23443,9,56.55,6.16,,
139756,P,2000-06-14,79804,1,39.69,2.03,,
139757,P,2001-03-09,17966,3,90.92,1.30,,
139758,P,2001-11-05,72246,4,85.19,2.77,,
139759,P,2001-03-07,23421,7,89.72,0.92,,
139760,P,2002-09-12,66049,3,93.47,1.78,,
139761,P,2000-09-28,19930,2,7.67,3.70,,
139762,P,2001-04-07,66819,6,79.03,9.63,,
139763,P,2002-03-23,5776,3,86.88,7.04,,
139764,P,2000-02-02,49485,9,4.66,8.25,,
139765,P,2002-01-07,38814,1,3.73,8.31,,
139766,P,2000-08-25,89238,5,14.66,0.12,,
139767,P,2000-03-27,47570,7,41.56,2.37,,
139768,P,2000-09-16,67573,3,48.92,9.48,,
139769,P,2002-06-22,5646,10,36.64,7.76,,
139770,P,2002-01-12,63251,4,74.59,9.17,,
139771,P,2000-01-01,44602,5,18.72,5.90,,
139772,P,2001-06-06,23015,2,34.72,0.36,,
139773,P,2002-05-31,56504,6,36.47,8.78,,
139774,P,2000-04-11,99543,10,68.56,1.43,,
139775,P,2000-04-27,85428,8,49.02,0.79,,
139776,P,2001-10-12,4459,10,62.33,2.68,,
139777,P,2002-08-27,65046,1,90.92,0.84,,
139778,P,2001-12-04,11984,9,99.23,3.79,,
139779,P,2002-04-27,2796,9,61.40,3.99,,
139780,P,2002-04-17,80861,9,80.96,8.61,,
139781,P,2002-06-06,53334,5,73.43,5.82,,
139782,P,2001-06-01,26277,10,67.59,4.13,,
139783,P,2000-06-23,48567,9,74.49,5.60,,
139784,P,2002-09-27,86198,7,93.20,4.17,,
139785,P,2001-07-17,26617,10,81.95,3.92,,
139786,P,2002-06-07,57486,4,66.42,4.69,,
139787,P,2002-06-05,42290,3,62.13,9.37,,
139788,P,2000-02-27,81798,2,45.62,8.59,,
139789,P,2001-12-02,83694,10,70.70,3.15,,
139790,P,2002-01-08,55466,8,52.33,1.04,,
139791,P,2002-08-10,81722,8,56.62,2.53,,
139792,P,2002-03-14,84543,1,39.81,2.72,,
139793,P,2002-01-05,64257,1,21.34,0.64,,
139794,P,2001-03-28,11607,10,75.62,9.53,,
139795,P,2001-09-25,58606,2,28.88,6.40,,
139796,P,2000-09-17,38418,1,96.25,3.61,,
139797,P,2001-10-14,14940,4,41.90,4.99,,
139798,P,2002-02-18,97873,2,87.90,0.06,,
139799,P,2000-02-05,77130,6,15.98,0.61,,
139800,P,2002-02-01,9075,4,99.54,4.97,,
139801,P,2000-03-13,55541,7,47.56,7.76,,
139802,P,2001-04-20,16882,4,43.90,8.47,,
139803,P,2000-10-03,56964,8,78.46,8.49,,
139804,P,2001-11-15,14002,9,76.77,3.05,,
139805,P,2002-08-14,72598,3,67.19,8.68,,
139806,P,2001-04-21,97133,7,82.78,7.02,,
139807,P,2000-07-18,37242,8,71.57,8.01,,
139808,P,2000-12-22,56982,9,54.11,5.94,,
139809,P,2000-12-21,50972,6,38.26,7.74,,
139810,P,2002-03-22,27532,2,86.92,3.76,,
139811,P,2000-04-29,42879,9,48.69,2.90,,
139812,P,2002-08-14,88729,10,84.84,6.61,,
139813,P,2001-04-13,3636,3,8.78,2.00,,
139814,P,2000-02-02,5956,4,19.59,9.72,,
139815,P,2002-03-05,9956,1,22.71,4.27,,
139816,P,2000-10-04,95294,3,28.05,6.62,,
139817,P,2002-08-04,41347,9,88.00,6.62,,
139818,P,2002-08-08,94781,3,69.07,6.89,,
139819,P,2001-05-26,57902,5,37.15,7.71,,
139820,P,2001-05-28,12804,5,94.75,7.87,,
139821,P,2002-05-29,92519,9,95.34,7.38,,
139822,P,2001-07-29,94626,9,26.73,1.36,,
139823,P,2000-10-16,76099,9,30.86,0.08,,
139824,P,2001-12-07,75968,6,16.89,3.61,,
139825,P,2001-03-17,79857,1,96.22,8.76,,
139826,P,2002-05-27,68474,7,42.48,5.95,,
139827,P,2001-12-12,86562,1,12.89,8.15,,
139828,P,2000-07-13,6830,1,50.77,7.28,,
139829,P,2002-03-17,89,1,51.39,0.22,,
139830,P,2000-09-21,22080,6,41.47,6.45,,
139831,P,2000-06-21,94146,10,11.18,4.79,,
139832,P,2002-02-23,33238,8,41.46,2.49,,
139833,P,2001-06-04,4206,9,30.81,8.70,,
139834,P,2000-08-24,46370,6,60.80,3.36,,
139835,P,2001-11-28,53649,6,19.43,6.10,,
139836,P,2001-12-11,31228,2,63.10,2.61,,
139837,P,2000-08-09,64298,6,77.37,7.12,,
139838,P,2002-06-16,31949,8,39.00,3.26,,
139839,P,2001-04-23,19548,7,70.25,0.25,,
139840,P,2000-06-08,8290,5,93.27,6.38,,
139841,P,2000-04-21,10494,9,38.45,9.70,,
139842,P,2000-09-22,47057,3,11.90,2.03,,
139843,P,2001-06-21,7178,3,43.71,8.15,,
139844,P,2001-05-18,31289,10,74.13,2.29,,
139845,P,2000-10-13,81411,1,11.95,4.90,,
139846,P,2001-01-20,28186,8,51.82,6.11,,
139847,P,2001-07-07,9758,6,70.16,9.28,,
139848,P,2002-08-16,21450,10,93.42,0.40,,
139849,P,2000-12-14,19120,1,59.09,7.38,,
139850,P,2002-09-27,87474,10,92.68,2.82,,
139851,P,2001-04-30,74848,8,12.26,4.93,,
139852,P,2001-02-27,44747,7,12.26,2.69,,
