227449,P,2000-02-08,69905,7,99.40,0.12,,
227450,P,2000-02-04,81474,6,30.20,6.89,,
227451,P,2000-05-20,30488,8,55.12,1.23,,
227452,P,2000-10-30,40677,10,86.28,0.36,,
227453,P,2002-09-02,72394,5,69.95,5.71,,
227454,P,2000-09-15,87152,9,5.93,8.57,,
227455,P,2000-03-24,28836,9,84.46,7.94,,
227456,P,2002-07-29,36667,5,89.58,3.22,,
227457,P,2001-04-05,60152,5,9.84,9.13,,
227458,P,2000-09-22,29318,4,71.54,2.54,,
227459,P,2000-06-30,1549,10,12.13,3.02,,
227460,P,2002-01-29,90686,7,0.17,4.22,,
227461,P,2001-07-14,11512,9,55.92,8.03,,
227462,P,2000-05-31,57505,2,73.68,0.73,,
227463,P,2000-10-04,50111,1,30.22,7.09,,
227464,P,2000-01-17,28923,8,2.17,7.94,,
227465,P,2002-06-23,24498,7,10.44,0.88,,
227466,P,2000-01-13,36096,6,42.73,2.21,,
227467,P,2001-04-19,57623,8,36.98,3.09,,
227468,P,2001-10-28,69138,10,47.99,1.28,,
227469,P,2001-05-21,28050,1,12.43,7.64,,
227470,P,2002-04-08,33420,2,1.86,3.33,,
227471,P,2000-12-02,25168,8,89.56,7.20,,
227472,P,2000-02-21,72807,6,61.21,5.38,,
227473,P,2002-07-14,8219,9,18.57,8.83,,
227474,P,2001-01-30,72720,7,93.00,6.67,,
227475,P,2001-08-14,71964,2,2.37,1.84,,
227476,P,2001-06-20,61853,3,52.57,8.52,,
227477,P,2000-11-28,57538,3,38.81,6.16,,
227478,P,2002-05-05,49680,2,65.15,1.10,,
227479,P,2002-09-27,66332,9,95.50,8.90,,
227480,P,2001-02-09,29072,8,17.54,3.03,,
227481,P,2002-01-29,80173,5,4.46,1.60,,
227482,P,2000-03-08,4049,8,85.07,8.36,,
227483,P,2001-04-12,95838,10,91.74,4.67,,
227484,P,2000-08-28,20589,3,16.20,5.03,,
227485,P,2002-08-10,14640,7,37.16,4.04,,
227486,P,2001-01-30,37637,8,78.95,6.98,,
227487,P,2002-07-10,88217,5,54.71,6.02,,
227488,P,2002-09-03,27598,8,35.43,7.50,,
227489,P,2000-09-11,96955,6,92.78,5.42,,
227490,P,2002-01-15,42921,6,60.34,6.63,,
227491,P,2002-01-15,66966,3,96.41,1.50,,
227492,P,2001-04-07,37293,6,9.21,2.94,,
227493,P,2000-01-18,40248,3,83.76,1.18,,
227494,P,2000-10-16,43757,7,25.17,4.67,,
227495,P,2002-02-05,31561,2,53.57,8.77,,
227496,P,2002-04-07,55905,5,39.76,6.74,,
227497,P,2001-09-22,47486,5,78.06,5.89,,
227498,P,2002-05-26,6316,9,37.99,5.42,,
227499,P,2000-07-29,41567,5,39.44,0.11,,
227500,P,2001-10-27,96607,8,41.08,0.35,,
227501,P,2000-02-14,70172,1,43.21,0.40,,
227502,P,2000-08-04,11311,9,26.39,3.82,,
227503,P,2002-01-10,2650,2,39.13,7.80,,
227504,P,2000-03-10,28397,6,64.97,3.70,,
227505,P,2001-11-06,23150,10,73.30,2.50,,
227506,P,2001-11-13,46745,2,68.38,0.55,,
227507,P,2002-07-31,20691,3,92.47,5.94,,
227508,P,2000-02-08,30901,1,36.99,5.06,,
227509,P,2000-04-06,98256,3,62.75,2.44,,
227510,P,2001-03-25,74299,9,12.93,5.15,,
227511,P,2002-03-16,98631,9,4.16,6.19,,
227512,P,2002-03-31,51139,6,41.03,4.07,,
227513,P,2000-01-05,28428,4,13.18,5.27,,
227514,P,2001-08-03,96192,10,79.24,9.78,,
227515,P,2000-10-12,83732,7,51.26,0.30,,
227516,P,2002-07-29,27169,5,25.51,9.04,,
227517,P,2001-12-02,84185,5,82.44,6.65,,
227518,P,2002-08-04,22969,7,67.32,9.89,,
227519,P,2002-01-06,17003,10,59.88,1.55,,
227520,P,2000-06-11,60370,4,69.32,8.18,,
227521,P,2000-06-29,43915,3,3.71,2.13,,
227522,P,2002-07-01,18941,7,29.83,9.98,,
227523,P,2002-06-19,11281,2,88.49,0.72,,
227524,P,2000-02-16,89889,10,16.05,8.37,,
227525,P,2001-04-12,60322,10,93.85,1.82,,
227526,P,2001-11-21,19393,4,2.79,8.96,,
227527,P,2000-07-25,18671,2,59.08,2.32,,
227528,P,2002-02-11,58714,3,89.00,3.55,,
227529,P,2000-05-21,18587,8,24.62,7.23,,
227530,P,2002-01-11,25641,1,35.19,8.02,,
227531,P,2002-08-10,19085,10,71.50,7.88,,
227532,P,2000-01-31,88274,5,97.17,4.53,,
227533,P,2001-11-17,99862,8,84.05,7.03,,
227534,P,2001-06-02,91131,4,56.47,1.76,,
227535,P,2000-03-09,95740,1,14.95,4.62,,
227536,P,2002-08-15,74588,9,94.29,1.77,,
227537,P,2000-02-27,25836,10,76.24,4.44,,
227538,P,2001-06-18,11971,4,47.96,7.23,,
227539,P,2002-04-13,70941,2,50.68,0.40,,
227540,P,2002-03-01,58801,10,17.59,7.31,,
227541,P,2002-09-11,40238,8,27.49,3.86,,
227542,P,2000-09-15,96453,10,85.91,6.52,,
227543,P,2001-11-24,90262,9,59.19,8.67,,
227544,P,2001-04-29,16037,8,60.28,7.73,,
227545,P,2001-10-27,59219,7,48.07,1.00,,
227546,P,2000-04-01,82668,10,1.99,7.36,,
227547,P,2001-05-07,73085,6,35.42,1.55,,
227548,P,2002-07-09,12286,8,8.51,1.13,,
227549,P,2001-12-19,70069,9,55.71,1.38,,
227550,P,2001-09-20,26206,6,86.76,0.07,,
227551,P,2001-10-30,86976,9,78.31,9.12,,
227552,P,2001-04-14,40851,9,97.96,3.80,,
227553,P,2000-04-22,92692,9,14.35,3.17,,
227554,P,2002-04-07,95606,6,67.92,0.95,,
227555,P,2002-01-25,89655,5,75.50,0.29,,
227556,P,2002-08-01,53319,1,60.68,5.53,,
227557,P,2001-12-03,31511,1,49.48,0.13,,
227558,P,2001-11-18,22999,6,5.98,6.74,,
227559,P,2001-09-14,81866,6,53.04,0.53,,
227560,P,2002-09-26,78020,4,99.35,3.06,,
227561,P,2002-01-25,32746,4,93.37,6.58,,
227562,P,2001-10-10,19927,4,79.64,5.13,,
227563,P,2000-03-17,98200,10,40.15,4.59,,
227564,P,2002-03-13,72473,9,20.22,8.98,,
227565,P,2001-11-17,11111,10,40.41,5.71,,
227566,P,2001-02-19,98988,2,43.03,4.36,,
227567,P,2000-07-09,57476,5,51.47,1.01,,
227568,P,2001-11-26,23295,9,79.89,5.42,,
227569,P,2000-03-09,99637,7,90.26,5.30,,
227570,P,2000-08-21,10350,1,29.37,3.97,,
227571,P,2000-04-02,37234,3,73.45,3.34,,
227572,P,2002-04-09,84344,6,39.94,2.17,,
227573,P,2000-01-08,85991,8,58.31,2.88,,
227574,P,2001-06-15,84379,7,33.47,4.20,,
227575,P,2001-05-08,19554,5,81.32,9.66,,
227576,P,2001-02-03,69638,5,64.31,4.70,,
227577,P,2002-05-29,77349,2,95.41,4.55,,
227578,P,2001-05-07,19017,9,78.40,6.71,,
227579,P,2001-10-15,85196,9,84.95,8.74,,
227580,P,2000-03-11,15743,1,45.64,3.69,,
227581,P,2002-04-02,93827,6,23.36,9.69,,
227582,P,2000-07-02,93210,3,85.97,1.20,,
227583,P,2001-01-24,36108,8,73.09,0.33,,
227584,P,2002-02-19,91266,4,6.00,6.82,,
227585,P,2001-01-22,20461,1,45.20,8.37,,
227586,P,2000-10-03,9511,4,49.17,4.93,,
227587,P,2001-10-12,13471,2,35.76,2.56,,
227588,P,2001-07-28,93252,4,86.93,6.14,,
227589,P,2000-03-29,59318,8,67.79,8.98,,
227590,P,2001-11-07,27705,6,85.25,0.02,,
227591,P,2002-03-11,19769,1,98.49,8.97,,
227592,P,2001-10-27,22977,5,22.68,7.00,,
227593,P,2002-08-22,94600,6,41.89,9.24,,
227594,P,2000-08-05,86468,10,97.63,9.69,,
227595,P,2001-10-06,32289,1,32.84,1.86,,
227596,P,2000-03-22,82394,8,60.67,7.23,,
227597,P,2000-05-30,83164,3,15.01,5.02,,
227598,P,2001-06-06,45041,2,84.50,3.40,,
227599,P,2000-03-27,54060,4,15.99,2.78,,
227600,P,2001-10-23,85299,7,60.33,8.28,,
227601,P,2000-03-17,8048,8,89.90,4.31,,
227602,P,2001-04-07,63189,8,9.35,0.20,,
227603,P,2001-07-27,71960,5,63.03,2.75,,
227604,P,2001-06-13,74545,4,58.46,9.57,,
227605,P,2000-05-02,68212,8,8.03,7.89,,
227606,P,2000-06-07,55314,4,57.08,4.16,,
227607,P,2000-12-13,99558,2,0.14,4.74,,
227608,P,2001-06-07,14546,7,80.28,5.32,,
227609,P,2000-03-07,7307,10,39.23,9.27,,
227610,P,2002-03-11,55737,8,70.01,9.85,,
227611,P,2001-10-18,48935,7,65.70,1.67,,
227612,P,2000-06-29,61252,8,47.08,9.24,,
227613,P,2001-09-04,65862,2,46.12,3.03,,
227614,P,2001-04-30,78057,3,66.24,6.16,,
227615,P,2001-02-26,50429,6,55.38,1.23,,
227616,P,2002-09-04,4388,3,89.99,8.13,,
227617,P,2001-06-07,14235,2,36.56,3.18,,
227618,P,2001-07-24,49158,1,79.01,2.28,,
227619,P,2000-01-28,29916,6,77.83,1.56,,
227620,P,2002-08-14,22488,1,71.43,3.15,,
227621,P,2000-11-05,47462,2,38.67,4.74,,
227622,P,2000-02-17,46257,7,67.60,2.68,,
227623,P,2001-01-30,34671,6,55.95,1.75,,
227624,P,2002-08-11,3420,9,76.44,5.78,,
227625,P,2002-06-24,64081,3,30.90,7.72,,
227626,P,2002-02-12,95589,2,99.45,6.52,,
227627,P,2002-04-20,39519,5,69.10,5.26,,
227628,P,2002-07-19,47197,10,14.59,7.35,,
227629,P,2000-03-06,81545,2,81.18,1.13,,
227630,P,2000-03-22,58988,2,33.37,2.49,,
227631,P,2000-09-15,10169,10,72.85,3.73,,
227632,P,2000-02-01,18112,1,37.76,6.37,,
227633,P,2000-04-26,94535,3,42.09,8.28,,
227634,P,2002-09-11,94971,8,39.56,2.34,,
227635,P,2000-01-17,67928,6,4.00,5.39,,
227636,P,2000-06-20,6465,10,69.68,1.62,,
227637,P,2001-05-05,48155,6,71.30,5.78,,
227638,P,2001-03-13,4185,1,68.54,6.22,,
227639,P,2000-09-15,41573,5,19.70,6.40,,
227640,P,2001-02-25,77310,4,8.86,9.20,,
227641,P,2001-04-19,55480,10,99.62,0.02,,
227642,P,2002-09-23,93837,9,72.36,9.59,,
227643,P,2001-06-09,62264,2,66.18,3.87,,
227644,P,2000-06-04,4813,1,63.44,8.56,,
227645,P,2000-01-20,58322,2,96.50,2.69,,
227646,P,2001-11-22,69207,9,55.90,6.61,,
227647,P,2000-09-22,96784,5,94.48,5.45,,
227648,P,2000-12-22,6718,8,65.22,8.21,,
227649,P,2002-05-18,97397,8,31.01,5.97,,
227650,P,2001-01-19,91058,5,82.79,5.76,,
227651,P,2000-04-14,32192,6,58.44,2.50,,
227652,P,2001-04-28,19376,7,60.67,6.69,,
227653,P,2002-03-12,34123,8,31.93,3.11,,
227654,P,2002-07-04,3802,8,94.01,0.67,,
227655,P,2001-10-15,48,10,33.16,9.11,,
227656,P,2002-08-07,56877,3,96.39,2.34,,
227657,P,2002-02-10,89038,2,18.88,1.74,,
227658,P,2001-10-19,3217,9,90.94,0.77,,
227659,P,2000-10-24,48830,8,14.28,7.95,,
227660,P,2001-02-11,15782,3,44.49,8.51,,
227661,P,2002-03-16,24741,8,30.73,3.10,,
227662,P,2001-02-04,10062,6,13.74,5.64,,
227663,P,2000-04-14,8095,1,3.51,9.66,,
227664,P,2000-04-03,16088,9,41.86,0.60,,
227665,P,2000-05-19,21862,4,94.44,8.34,,
227666,P,2000-05-24,32664,4,42.03,8.41,,
227667,P,2001-08-03,68002,5,25.72,4.74,,
227668,P,2002-07-09,52500,2,77.63,8.79,,
227669,P,2000-10-10,96973,2,44.57,0.88,,
227670,P,2002-08-12,9571,3,41.51,0.39,,
227671,P,2000-04-05,96345,2,53.05,2.92,,
227672,P,2000-11-21,71177,4,66.88,6.13,,
227673,P,2000-11-01,94049,4,44.35,8.54,,
227674,P,2000-02-29,52976,1,86.20,8.27,,
227675,P,2001-05-01,76992,10,90.54,4.91,,
227676,P,2000-05-12,53775,4,59.26,8.75,,
227677,P,2000-05-16,77989,10,37.38,8.12,,
227678,P,2000-06-09,79252,10,47.16,9.86,,
227679,P,2001-07-12,44421,9,90.17,9.31,,
227680,P,2000-01-07,414,8,74.10,0.04,,
227681,P,2000-01-13,29739,6,73.78,7.50,,
227682,P,2002-08-23,17369,1,96.39,0.89,,
227683,P,2002-08-09,10565,8,47.89,3.34,,
227684,P,2002-07-30,73511,8,90.13,4.40,,
227685,P,2000-08-14,18696,10,9.31,2.26,,
227686,P,2001-07-26,23876,6,71.15,1.52,,
227687,P,2000-02-22,39059,9,51.23,0.64,,
227688,P,2001-10-03,12286,2,11.29,5.33,,
227689,P,2001-03-05,61423,3,86.75,2.69,,
227690,P,2001-07-17,6046,6,81.44,4.16,,
227691,P,2000-05-16,49376,9,19.09,4.57,,
227692,P,2001-10-15,17041,2,98.49,5.62,,
227693,P,2000-03-30,33265,5,0.42,8.34,,
227694,P,2001-04-02,50526,8,75.35,7.62,,
227695,P,2000-07-01,82333,7,0.88,2.05,,
227696,P,2001-12-10,49844,4,45.17,4.05,,
227697,P,2001-04-27,85947,6,97.08,6.22,,
227698,P,2000-04-15,26176,10,42.45,9.05,,
227699,P,2001-09-21,42337,3,99.61,1.05,,
227700,P,2002-04-21,43428,10,36.38,1.63,,
227701,P,2000-10-24,86650,8,24.45,2.70,,
227702,P,2001-07-26,75224,3,78.28,1.29,,
227703,P,2001-03-15,1394,4,69.74,2.86,,
227704,P,2002-06-11,96049,8,93.16,6.44,,
227705,P,2001-12-22,40061,6,51.29,5.17,,
227706,P,2000-11-01,3224,10,72.11,5.82,,
227707,P,2001-01-27,29488,8,78.52,1.28,,
227708,P,2000-07-10,58926,8,83.60,3.78,,
227709,P,2001-08-25,84912,9,40.39,1.79,,
227710,P,2002-07-26,19247,10,45.33,3.23,,
227711,P,2000-05-17,14812,6,12.75,2.39,,
227712,P,2002-07-12,45567,6,19.70,5.02,,
227713,P,2000-04-21,78318,10,6.38,6.16,,
227714,P,2000-04-25,12376,10,10.96,7.44,,
227715,P,2000-12-25,14385,3,1.30,3.53,,
227716,P,2000-09-07,87306,9,32.45,5.13,,
227717,P,2002-05-20,33076,2,68.35,9.44,,
227718,P,2000-02-02,91048,10,61.26,9.88,,
227719,P,2000-05-17,82242,5,22.80,8.42,,
227720,P,2001-11-20,12492,2,10.46,6.37,,
227721,P,2002-02-17,1413,5,45.04,1.97,,
227722,P,2002-09-26,73037,7,12.59,6.84,,
227723,P,2000-09-04,26157,3,43.28,3.24,,
227724,P,2000-07-22,91242,6,34.21,2.55,,
227725,P,2000-07-30,50508,2,88.75,2.66,,
227726,P,2000-06-04,10140,2,46.74,0.47,,
227727,P,2000-03-01,93394,5,80.28,2.60,,
227728,P,2000-07-12,86057,6,81.29,3.00,,
227729,P,2000-05-01,9060,3,69.35,3.06,,
227730,P,2002-03-25,6314,3,67.02,1.79,,
227731,P,2001-08-01,40352,6,75.41,5.12,,
227732,P,2002-01-28,22037,3,71.96,6.56,,
227733,P,2001-08-13,81387,4,18.36,8.08,,
227734,P,2002-04-04,4054,5,8.07,6.89,,
227735,P,2001-06-11,97066,10,49.04,8.65,,
227736,P,2000-07-11,43966,3,88.99,7.18,,
227737,P,2000-01-10,83992,9,44.17,3.44,,
227738,P,2001-04-16,59788,3,43.52,3.55,,
227739,P,2000-03-27,37309,7,0.97,1.95,,
227740,P,2000-06-22,12127,10,40.91,7.48,,
227741,P,2001-08-27,91383,7,33.03,2.07,,
227742,P,2000-05-20,69329,1,46.72,3.29,,
227743,P,2001-07-15,13972,6,24.03,1.86,,
227744,P,2001-03-19,9284,8,60.34,8.57,,
227745,P,2001-03-11,83728,6,70.67,6.40,,
227746,P,2000-06-25,73357,2,56.57,7.31,,
227747,P,2000-03-23,4529,9,89.49,5.71,,
227748,P,2001-12-20,36012,1,84.38,1.46,,
227749,P,2001-11-29,6056,9,53.45,6.12,,
227750,P,2000-10-07,50477,7,67.79,2.39,,
227751,P,2000-04-25,56564,10,82.07,8.85,,
227752,P,2002-05-01,90898,6,17.01,8.28,,
227753,P,2000-03-31,92614,2,98.52,1.84,,
227754,P,2002-05-21,86556,2,42.78,3.51,,
227755,P,2002-08-17,91806,3,72.24,5.68,,
227756,P,2001-04-17,51795,8,63.17,8.27,,
227757,P,2000-03-26,90965,10,2.34,7.79,,
227758,P,2002-07-02,92165,7,53.31,2.92,,
227759,P,2000-05-14,22254,4,26.94,0.96,,
227760,P,2001-07-20,59757,7,93.59,2.90,,
227761,P,2000-08-12,41277,8,15.08,1.89,,
227762,P,2002-04-28,78809,8,87.37,6.15,,
227763,P,2001-07-05,76383,1,56.61,3.03,,
227764,P,2002-09-05,76603,2,31.81,9.83,,
227765,P,2000-01-30,63295,3,14.70,9.32,,
227766,P,2002-05-14,47881,6,10.80,9.63,,
227767,P,2000-11-04,37419,6,73.20,9.54,,
227768,P,2001-04-26,46553,2,27.54,3.14,,
227769,P,2000-10-27,1220,5,13.71,2.30,,
227770,P,2002-06-25,76366,1,25.51,7.43,,
227771,P,2001-07-16,45749,5,5.65,7.35,,
227772,P,2001-06-07,81220,8,14.46,9.96,,
227773,P,2001-06-25,66928,8,60.22,7.09,,
227774,P,2001-09-03,22057,2,74.88,4.67,,
227775,P,2001-07-09,59702,8,46.64,2.44,,
227776,P,2000-01-05,52840,3,73.61,0.07,,
227777,P,2000-10-18,40507,4,15.79,6.91,,
227778,P,2000-02-20,8040,6,32.57,4.60,,
227779,P,2002-06-10,76366,5,78.28,7.53,,
227780,P,2002-09-18,89958,3,96.56,2.39,,
227781,P,2000-10-08,26543,8,97.40,2.69,,
227782,P,2001-04-19,82900,3,80.38,3.98,,
227783,P,2001-04-09,47571,6,83.06,0.78,,
227784,P,2002-03-28,7568,10,5.72,4.30,,
227785,P,2002-02-16,53147,4,13.46,4.74,,
227786,P,2000-08-18,29275,6,45.48,2.15,,
227787,P,2001-11-20,54695,2,54.46,5.26,,
227788,P,2001-04-30,92720,5,68.63,6.00,,
227789,P,2002-07-13,83117,7,1.46,5.07,,
227790,P,2001-01-04,26692,9,89.69,9.77,,
227791,P,2002-07-18,82737,3,9.72,7.92,,
227792,P,2002-08-20,78611,1,82.75,2.77,,
227793,P,2002-05-21,89032,1,15.33,1.57,,
227794,P,2002-02-03,5487,5,71.78,5.70,,
227795,P,2002-08-17,50480,1,95.12,8.17,,
227796,P,2000-11-03,12730,2,36.25,4.33,,
227797,P,2000-01-26,23012,3,1.14,9.99,,
227798,P,2000-09-17,36988,5,56.42,1.02,,
227799,P,2001-07-31,80724,1,65.84,1.83,,
227800,P,2002-09-19,74681,5,78.03,0.25,,
227801,P,2002-01-14,56898,10,93.61,1.23,,
227802,P,2000-03-03,57160,7,71.72,5.85,,
227803,P,2001-08-11,39453,3,89.54,5.44,,
227804,P,2001-08-30,31307,9,21.78,0.67,,
227805,P,2001-09-24,97559,2,40.74,6.47,,
227806,P,2000-08-01,26910,6,98.20,9.84,,
227807,P,2002-08-13,22729,8,68.31,5.40,,
227808,P,2000-01-16,44869,9,8.35,6.00,,
227809,P,2000-04-07,54849,5,56.67,5.20,,
227810,P,2001-06-25,62091,10,39.08,0.95,,
227811,P,2002-08-26,761,4,80.91,1.28,,
227812,P,2001-03-21,36925,9,57.09,0.98,,
227813,P,2001-06-30,80624,7,28.68,0.55,,
227814,P,2001-07-19,37538,8,47.85,8.88,,
227815,P,2002-01-13,22999,2,33.15,8.21,,
227816,P,2001-09-17,96755,4,93.53,2.29,,
227817,P,2001-03-26,97316,2,29.77,8.22,,
227818,P,2002-05-31,71342,9,17.06,2.98,,
227819,P,2000-09-15,61752,9,80.98,1.72,,
227820,P,2001-06-13,54720,7,68.29,6.95,,
227821,P,2001-03-23,74416,9,20.86,4.25,,
227822,P,2001-12-15,35258,8,46.57,8.68,,
227823,P,2000-12-20,2454,9,27.97,0.42,,
227824,P,2000-05-11,13661,6,88.90,7.69,,
227825,P,2002-03-16,15398,8,13.17,3.63,,
227826,P,2000-10-07,98945,7,96.43,3.52,,
227827,P,2000-04-07,35970,6,1.37,7.14,,
227828,P,2002-06-01,39377,2,80.44,8.13,,
227829,P,2001-09-28,20992,6,43.48,0.16,,
227830,P,2002-08-29,86094,4,50.60,6.83,,
227831,P,2001-03-07,32042,10,43.17,8.73,,
227832,P,2001-06-19,97756,5,95.66,1.03,,
227833,P,2001-12-13,11409,4,98.09,2.51,,
227834,P,2000-02-27,12679,9,32.35,0.12,,
227835,P,2001-08-31,87481,1,53.39,1.09,,
227836,P,2002-03-23,15883,9,39.41,7.87,,
227837,P,2000-01-04,6199,7,72.96,6.41,,
227838,P,2001-03-19,71707,4,32.09,7.71,,
227839,P,2002-02-27,57657,5,33.56,4.02,,
227840,P,2000-05-20,58169,9,74.36,8.54,,
227841,P,2000-12-24,89490,1,11.02,6.97,,
227842,P,2001-01-17,35849,8,39.82,9.05,,
227843,P,2001-07-09,32882,9,73.89,9.01,,
227844,P,2001-10-26,96090,5,75.03,0.22,,
227845,P,2001-07-23,55376,10,10.72,4.46,,
227846,P,2000-09-19,79837,7,99.18,8.32,,
227847,P,2001-02-02,88696,1,1.66,9.77,,
227848,P,2000-05-28,9467,5,45.51,2.93,,
227849,P,2002-08-15,87434,6,56.02,0.58,,
227850,P,2001-02-08,48340,9,92.95,7.18,,
227851,P,2002-03-04,91390,8,72.44,0.92,,
227852,P,2001-04-12,64053,4,15.58,9.56,,
227853,P,2001-12-07,7791,7,66.36,2.01,,
227854,P,2002-01-10,75823,4,60.25,0.07,,
227855,P,2002-06-18,36241,10,59.04,4.95,,
227856,P,2002-08-21,64801,5,8.36,8.37,,
227857,P,2000-11-30,1070,1,27.58,1.65,,
227858,P,2002-08-23,3144,10,52.74,1.90,,
227859,P,2001-11-27,23819,7,60.50,7.13,,
227860,P,2001-01-29,30327,3,28.76,9.75,,
227861,P,2001-08-31,76220,8,24.22,7.42,,
227862,P,2001-10-27,25580,5,82.82,9.08,,
227863,P,2000-01-31,83407,1,61.85,5.52,,
227864,P,2002-04-23,62375,2,49.32,7.25,,
227865,P,2000-02-25,34085,7,39.23,1.46,,
227866,P,2001-09-08,81963,6,2.48,8.87,,
227867,P,2000-04-26,91417,8,97.11,4.95,,
227868,P,2002-09-23,55352,6,84.97,3.18,,
227869,P,2002-07-05,96306,5,71.74,9.68,,
227870,P,2000-04-01,38854,6,35.44,6.00,,
227871,P,2002-08-21,92317,6,18.11,6.29,,
227872,P,2002-08-12,27066,9,95.88,8.15,,
227873,P,2002-09-17,67761,6,44.71,7.97,,
227874,P,2002-01-06,79508,3,37.30,1.58,,
227875,P,2002-06-22,25957,2,3.07,2.41,,
227876,P,2002-09-01,65541,4,27.37,8.35,,
227877,P,2001-07-25,72174,4,86.06,6.16,,
227878,P,2001-12-26,31256,7,65.99,1.18,,
227879,P,2001-04-27,75806,7,26.49,7.02,,
227880,P,2000-07-10,50386,1,9.50,2.02,,
227881,P,2001-11-16,73215,7,20.29,4.86,,
227882,P,2001-02-23,20819,5,88.05,4.99,,
227883,P,2000-06-05,30377,3,20.37,9.24,,
227884,P,2000-08-01,73219,7,83.39,5.17,,
227885,P,2001-06-04,64476,3,32.54,0.47,,
227886,P,2000-12-08,53558,9,47.67,1.47,,
227887,P,2001-07-16,82321,1,21.02,4.89,,
227888,P,2001-08-23,76987,3,2.19,0.28,,
227889,P,2002-05-02,58169,6,13.60,1.04,,
227890,P,2002-04-25,5455,9,88.82,1.77,,
227891,P,2001-08-05,92226,6,16.63,2.44,,
227892,P,2001-12-14,44001,4,44.73,9.92,,
227893,P,2000-08-07,37747,6,5.90,9.94,,
227894,P,2000-06-19,65686,2,21.46,6.07,,
227895,P,2002-05-03,4517,8,99.98,4.73,,
227896,P,2000-09-02,76181,8,62.04,7.22,,
227897,P,2000-09-10,75382,7,60.22,5.93,,
227898,P,2001-04-29,2342,8,82.57,9.40,,
227899,P,2001-11-15,38155,8,45.73,2.37,,
227900,P,2001-10-26,34127,4,5.28,3.17,,
227901,P,2002-03-20,4783,7,9.65,4.89,,
227902,P,2002-02-11,39522,7,14.06,0.22,,
227903,P,2000-07-02,53234,5,4.51,7.66,,
227904,P,2002-06-23,51046,1,46.66,5.94,,
227905,P,2002-04-24,66108,8,47.10,1.63,,
227906,P,2001-03-23,46809,7,12.87,0.17,,
227907,P,2001-06-16,55475,3,33.08,9.66,,
227908,P,2001-01-21,14387,3,27.09,0.30,,
227909,P,2002-03-18,27150,7,81.87,9.22,,
227910,P,2000-06-01,97783,9,6.05,6.70,,
227911,P,2000-02-29,45142,4,20.52,7.97,,
227912,P,2000-09-16,83220,2,36.30,2.97,,
227913,P,2001-11-20,7072,4,60.08,6.95,,
227914,P,2001-09-18,61901,3,69.48,2.44,,
227915,P,2001-12-30,43038,6,81.57,6.02,,
227916,P,2000-10-18,94613,2,61.62,3.79,,
227917,P,2000-11-30,83011,4,38.63,9.56,,
227918,P,2001-11-25,24139,4,37.80,8.77,,
227919,P,2002-08-07,30011,1,61.33,8.49,,
227920,P,2002-07-10,84973,7,10.06,9.30,,
227921,P,2001-07-22,74545,3,45.55,4.70,,
227922,P,2000-01-17,14890,3,55.24,8.93,,
227923,P,2001-04-23,87364,6,53.24,4.26,,
227924,P,2001-12-05,7236,3,11.35,0.53,,
227925,P,2001-07-19,82146,2,78.06,5.67,,
227926,P,2001-07-06,63657,2,22.79,1.67,,
227927,P,2002-01-31,86213,7,65.84,2.33,,
227928,P,2001-01-06,60302,3,87.39,2.79,,
227929,P,2000-03-22,21558,4,60.03,2.48,,
227930,P,2001-03-24,97635,5,65.38,8.32,,
227931,P,2002-01-09,41432,4,7.93,4.95,,
227932,P,2001-10-29,6216,9,71.31,3.62,,
227933,P,2001-01-19,67322,8,15.99,8.16,,
227934,P,2000-02-13,85525,9,29.09,7.23,,
227935,P,2001-07-14,2215,3,65.23,3.17,,
227936,P,2000-11-22,42877,10,22.92,8.86,,
227937,P,2002-04-24,65940,1,62.90,1.96,,
227938,P,2000-01-12,75681,6,38.73,9.31,,
227939,P,2000-10-07,49620,5,93.05,0.96,,
227940,P,2002-05-25,43231,8,78.77,3.97,,
227941,P,2002-01-14,6269,4,87.96,6.50,,
227942,P,2002-04-18,4968,6,60.08,1.02,,
227943,P,2000-08-09,67559,1,84.31,4.69,,
227944,P,2002-08-31,41412,8,4.67,4.60,,
227945,P,2001-03-07,22194,6,10.96,4.58,,
227946,P,2002-01-05,78258,6,22.26,0.98,,
227947,P,2002-09-12,53222,5,4.75,5.05,,
227948,P,2002-08-18,88118,1,84.31,7.54,,
227949,P,2000-07-14,98667,4,53.37,2.04,,
227950,P,2002-06-22,45701,1,39.84,8.27,,
227951,P,2000-09-28,98196,9,48.78,5.38,,
227952,P,2000-11-20,55753,2,23.66,2.51,,
227953,P,2000-04-26,26042,4,60.15,0.85,,
227954,P,2001-04-18,74415,5,52.88,1.29,,
227955,P,2000-11-08,62742,6,80.57,9.09,,
227956,P,2002-09-17,1959,8,75.41,4.37,,
227957,P,2002-03-10,52296,1,52.73,0.65,,
227958,P,2002-01-25,8961,10,30.96,3.17,,
227959,P,2001-11-07,95290,5,52.36,4.88,,
227960,P,2002-07-02,66855,9,3.75,4.49,,
227961,P,2001-07-15,56495,7,86.44,9.12,,
227962,P,2000-11-09,13249,7,53.14,0.18,,
227963,P,2001-10-07,35246,2,45.51,6.44,,
227964,P,2000-11-24,29755,3,50.74,3.53,,
227965,P,2001-04-02,49052,7,66.99,5.95,,
227966,P,2000-08-15,7133,3,82.15,9.40,,
227967,P,2000-02-27,55525,5,23.64,3.27,,
227968,P,2001-12-27,98596,10,54.67,1.30,,
227969,P,2000-09-26,82587,10,38.66,7.25,,
227970,P,2002-03-27,48393,8,67.40,9.73,,
227971,P,2000-01-30,17217,9,92.64,2.14,,
227972,P,2001-01-16,88216,5,17.98,6.06,,
227973,P,2002-06-02,87557,9,48.66,3.35,,
227974,P,2001-12-11,42605,1,32.87,7.99,,
227975,P,2002-02-16,8381,4,38.81,9.85,,
227976,P,2000-09-07,17066,6,48.04,7.12,,
227977,P,2001-12-01,19074,3,33.34,3.53,,
227978,P,2000-02-19,12876,10,18.51,8.07,,
227979,P,2001-12-01,10531,9,7.72,7.66,,
227980,P,2001-06-14,77421,1,90.02,2.79,,
227981,P,2001-07-23,534,7,6.86,7.03,,
227982,P,2001-02-18,3389,8,92.80,1.19,,
227983,P,2000-08-15,28343,8,57.77,7.22,,
227984,P,2000-03-04,23981,4,59.53,3.31,,
227985,P,2001-04-04,7400,1,3.23,9.22,,
227986,P,2001-05-14,76794,4,9.58,6.38,,
227987,P,2000-08-30,52676,5,96.16,3.24,,
227988,P,2000-05-22,24979,1,42.97,6.01,,
227989,P,2001-12-05,84426,4,61.26,3.23,,
227990,P,2001-08-22,1064,9,81.92,6.49,,
227991,P,2000-01-23,34389,5,48.63,9.95,,
227992,P,2000-09-27,99303,3,63.35,8.19,,
227993,P,2002-01-29,68287,3,27.50,8.14,,
227994,P,2000-02-23,70045,6,25.02,3.91,,
227995,P,2001-01-02,35950,9,65.12,3.62,,
227996,P,2001-09-16,19606,3,35.47,0.06,,
227997,P,2002-01-13,19092,5,94.57,3.05,,
227998,P,2001-05-19,78379,3,47.61,2.73,,
227999,P,2001-02-08,47812,7,94.71,4.53,,
228000,P,2002-06-21,48404,5,69.90,1.22,,
228001,P,2001-12-19,65931,6,0.19,4.74,,
228002,P,2000-06-16,27356,3,49.41,0.22,,
228003,P,2002-03-07,4623,7,77.84,7.62,,
228004,P,2001-02-11,53969,10,17.84,8.89,,
228005,P,2000-02-29,77586,7,64.83,2.48,,
228006,P,2000-09-07,14338,4,45.19,8.86,,
228007,P,2000-11-19,54442,6,75.77,2.69,,
228008,P,2001-12-11,12343,6,90.83,7.52,,
228009,P,2002-07-10,77821,8,85.76,7.08,,
228010,P,2001-01-04,92365,5,33.57,5.13,,
228011,P,2000-04-18,12054,3,25.86,8.14,,
228012,P,2000-11-19,81780,5,11.07,7.39,,
228013,P,2000-12-06,85133,9,90.05,5.64,,
228014,P,2000-05-29,2373,9,47.09,7.11,,
228015,P,2001-04-13,12740,3,79.43,8.41,,
228016,P,2002-04-26,53153,7,56.06,3.23,,
228017,P,2002-02-25,79109,2,70.26,2.84,,
228018,P,2000-09-29,11303,4,30.86,2.28,,
228019,P,2000-11-06,72891,7,8.55,7.42,,
228020,P,2000-02-12,99342,1,64.55,9.02,,
228021,P,2000-06-16,87640,9,19.72,2.72,,
228022,P,2001-07-27,54135,1,72.80,3.11,,
228023,P,2000-04-30,79099,10,58.87,5.33,,
228024,P,2000-05-10,8906,10,23.41,1.10,,
228025,P,2001-09-23,37623,1,84.54,8.55,,
228026,P,2001-05-22,32167,3,61.28,2.74,,
228027,P,2000-03-25,24486,10,84.05,9.07,,
228028,P,2002-03-22,6863,8,10.42,1.77,,
228029,P,2000-02-16,23149,3,50.60,9.89,,
228030,P,2000-04-08,21904,6,98.39,3.96,,
228031,P,2000-04-24,98866,10,9.78,1.89,,
228032,P,2001-12-28,91693,6,81.33,2.74,,
228033,P,2000-02-26,59992,3,29.84,7.46,,
228034,P,2001-10-19,4162,3,8.77,6.84,,
228035,P,2002-03-09,68140,10,66.00,3.58,,
228036,P,2000-06-18,13939,8,42.30,4.56,,
228037,P,2000-05-17,21268,10,62.19,2.16,,
228038,P,2000-11-01,97020,7,96.52,3.02,,
228039,P,2001-09-27,20048,10,79.47,9.92,,
228040,P,2000-12-12,79615,7,2.29,9.84,,
228041,P,2001-10-23,53234,1,68.85,0.39,,
228042,P,2000-05-07,49321,7,60.43,3.96,,
228043,P,2000-09-27,60509,6,1.14,4.94,,
228044,P,2000-07-09,45685,10,35.44,6.24,,
228045,P,2002-07-01,73594,4,28.15,1.99,,
228046,P,2001-10-03,73293,6,95.17,9.93,,
228047,P,2001-07-21,38320,10,29.79,2.71,,
228048,P,2002-06-11,74275,5,16.70,5.07,,
228049,P,2000-09-16,32362,2,98.02,8.72,,
228050,P,2000-09-04,19749,5,53.53,5.53,,
228051,P,2002-07-18,13013,3,98.70,7.32,,
228052,P,2002-01-17,25740,6,75.63,8.89,,
228053,P,2000-08-29,48082,7,79.46,5.18,,
228054,P,2000-08-02,45493,8,19.29,7.18,,
228055,P,2002-08-19,16678,10,18.72,9.92,,
228056,P,2001-05-18,36208,3,89.01,0.17,,
228057,P,2000-01-09,71594,5,1.93,6.05,,
228058,P,2002-09-19,32042,8,80.48,2.82,,
228059,P,2000-06-12,35329,5,79.86,7.66,,
228060,P,2002-08-05,33688,6,58.00,5.03,,
228061,P,2001-01-21,20044,9,62.39,9.25,,
228062,P,2000-05-09,58029,7,18.66,3.73,,
228063,P,2000-03-07,51790,2,51.10,1.98,,
228064,P,2001-06-28,59500,3,76.00,5.19,,
228065,P,2000-10-10,17221,10,71.10,5.37,,
228066,P,2000-02-24,70077,8,45.38,5.03,,
228067,P,2002-01-02,9808,8,21.07,5.35,,
228068,P,2001-10-10,34695,8,24.79,1.43,,
228069,P,2000-12-27,70271,3,70.93,8.14,,
228070,P,2000-04-08,79266,3,35.02,4.23,,
228071,P,2000-03-03,80361,2,94.16,2.85,,
228072,P,2000-11-23,3192,10,26.79,6.16,,
228073,P,2000-09-15,83124,7,65.78,1.77,,
228074,P,2001-08-02,79019,10,85.20,6.32,,
228075,P,2000-12-02,46860,8,32.35,7.00,,
228076,P,2001-08-03,49373,2,35.56,9.20,,
228077,P,2001-06-13,8091,4,92.78,2.51,,
228078,P,2002-01-01,65033,10,87.04,3.55,,
228079,P,2001-04-21,49858,1,78.01,7.39,,
228080,P,2002-03-22,51937,9,45.52,8.53,,
228081,P,2000-09-28,89134,3,63.98,5.35,,
228082,P,2000-09-02,80057,5,80.93,4.91,,
228083,P,2002-01-30,58141,2,40.11,9.83,,
228084,P,2001-12-03,16926,6,66.99,4.82,,
228085,P,2002-08-30,17835,9,79.43,5.57,,
228086,P,2000-01-12,41457,7,41.81,0.59,,
228087,P,2000-05-22,19874,4,55.31,8.92,,
228088,P,2001-01-08,86874,7,16.43,3.47,,
228089,P,2000-12-03,19540,5,26.77,0.88,,
228090,P,2002-02-20,48081,10,40.57,3.53,,
228091,P,2000-02-06,51251,1,44.96,1.66,,
228092,P,2002-01-23,10911,9,72.07,0.49,,
228093,P,2001-09-22,97038,4,18.09,0.67,,
228094,P,2001-01-04,81315,8,96.80,6.85,,
228095,P,2002-07-23,62318,7,11.81,3.69,,
228096,P,2000-04-25,22155,1,65.00,6.50,,
228097,P,2001-05-05,48107,3,26.79,6.30,,
228098,P,2000-04-17,17202,2,63.10,1.56,,
228099,P,2001-02-14,17849,9,98.66,8.86,,
228100,P,2001-02-12,59632,10,3.97,1.67,,
228101,P,2001-07-11,50357,2,15.01,1.03,,
228102,P,2000-04-23,9866,3,13.71,7.09,,
228103,P,2000-07-22,62255,10,34.26,1.71,,
228104,P,2001-06-20,42121,9,74.60,9.85,,
228105,P,2000-09-28,75923,7,54.34,2.45,,
228106,P,2000-08-18,91405,1,11.91,8.07,,
228107,P,2000-05-21,98865,7,50.51,5.82,,
228108,P,2002-05-23,60897,7,22.60,0.20,,
228109,P,2000-10-16,84464,2,12.80,9.16,,
228110,P,2002-05-12,12095,6,10.07,0.73,,
228111,P,2001-11-20,86202,2,77.80,8.60,,
228112,P,2002-03-20,28399,3,17.14,5.39,,
228113,P,2000-06-16,22953,6,82.61,3.44,,
228114,P,2000-12-16,76902,7,31.19,2.03,,
228115,P,2001-12-15,55826,1,98.64,4.76,,
228116,P,2001-09-24,84639,10,26.16,9.79,,
228117,P,2002-01-10,95860,1,24.77,4.15,,
228118,P,2000-08-02,92595,5,3.81,8.57,,
228119,P,2000-02-28,5753,4,63.44,4.34,,
228120,P,2001-01-13,74857,1,2.02,9.54,,
228121,P,2000-10-06,96737,5,79.92,0.91,,
228122,P,2001-09-22,44927,6,47.72,8.14,,
228123,P,2000-05-12,74603,1,84.72,6.46,,
228124,P,2002-03-02,21076,3,95.91,8.01,,
228125,P,2002-08-24,38090,3,66.44,0.63,,
228126,P,2000-11-30,72815,2,12.94,4.17,,
228127,P,2000-09-16,57984,6,96.09,8.97,,
228128,P,2002-09-04,73032,6,34.88,0.31,,
228129,P,2000-02-20,24636,10,20.28,7.75,,
228130,P,2002-09-25,38076,2,81.40,2.61,,
228131,P,2002-03-01,81986,5,47.84,4.95,,
228132,P,2001-06-08,75437,7,42.10,8.81,,
228133,P,2002-08-24,20246,6,42.17,4.79,,
228134,P,2000-08-21,59959,6,69.76,5.48,,
228135,P,2001-06-16,54081,8,48.67,0.75,,
228136,P,2002-04-01,26609,4,83.67,0.51,,
228137,P,2001-08-20,21041,6,96.40,9.50,,
228138,P,2000-05-05,91024,9,11.39,3.71,,
228139,P,2001-10-31,31802,5,72.28,8.71,,
228140,P,2000-10-27,80289,10,66.44,0.02,,
228141,P,2002-09-04,49202,4,14.22,8.20,,
228142,P,2001-09-26,31068,7,17.59,2.12,,
228143,P,2001-10-14,19488,1,27.05,8.70,,
228144,P,2002-08-01,43803,4,74.68,5.16,,
228145,P,2001-09-04,99281,8,13.47,7.92,,
228146,P,2000-11-27,60986,1,97.03,6.98,,
228147,P,2001-06-22,29255,4,47.45,3.28,,
228148,P,2000-05-23,19650,2,40.16,6.22,,
228149,P,2002-02-19,47667,4,22.02,1.72,,
228150,P,2000-12-09,66894,8,18.56,4.36,,
228151,P,2002-06-07,46304,3,7.60,7.96,,
228152,P,2001-04-19,29163,3,8.73,1.43,,
228153,P,2000-10-18,87553,4,14.07,3.02,,
228154,P,2002-09-08,8833,10,67.86,4.31,,
228155,P,2000-01-20,75063,4,33.70,0.82,,
228156,P,2000-06-16,55344,7,95.25,7.53,,
228157,P,2000-03-03,23182,9,28.77,4.53,,
228158,P,2001-04-20,76290,5,31.43,3.01,,
228159,P,2001-04-15,99527,3,80.19,5.53,,
228160,P,2000-08-14,16444,2,23.96,1.83,,
228161,P,2002-07-12,12732,6,98.43,1.81,,
228162,P,2000-12-10,54261,10,19.61,0.95,,
228163,P,2002-02-24,5460,9,94.32,4.46,,
228164,P,2001-02-14,92388,5,66.04,8.36,,
228165,P,2001-02-16,41913,2,73.95,9.02,,
228166,P,2001-12-30,67835,9,91.53,7.45,,
228167,P,2001-10-17,23420,7,46.93,10.00,,
228168,P,2002-03-02,74066,7,79.04,5.75,,
228169,P,2000-07-18,277,1,0.47,2.64,,
228170,P,2002-02-15,45967,1,35.59,7.05,,
228171,P,2001-08-07,85959,4,15.60,0.10,,
228172,P,2002-03-06,19499,7,3.67,9.40,,
228173,P,2001-02-03,46796,1,96.65,6.44,,
228174,P,2001-12-20,20081,6,89.69,6.86,,
228175,P,2001-07-09,67547,4,11.53,4.91,,
228176,P,2000-02-26,83415,9,78.85,7.28,,
228177,P,2000-04-04,94454,1,22.66,6.10,,
228178,P,2000-02-14,3907,2,59.54,3.80,,
228179,P,2001-05-09,21512,5,81.14,8.44,,
228180,P,2000-08-20,59339,8,23.13,8.76,,
228181,P,2000-09-30,41989,5,26.49,5.75,,
228182,P,2000-11-28,58346,6,18.25,6.94,,
228183,P,2000-10-12,30788,10,2.70,8.09,,
228184,P,2000-06-10,90414,5,20.20,8.68,,
228185,P,2001-04-16,44274,5,56.52,5.36,,
228186,P,2001-06-17,78830,1,24.15,3.12,,
228187,P,2001-02-18,12198,10,54.30,3.96,,
228188,P,2001-10-13,21608,7,52.34,9.28,,
228189,P,2002-04-21,17840,9,32.60,5.74,,
228190,P,2002-01-03,25120,2,55.18,2.34,,
228191,P,2000-09-16,27415,1,39.38,9.86,,
228192,P,2001-06-28,47116,9,76.33,0.99,,
228193,P,2001-08-19,82380,8,34.02,7.09,,
228194,P,2002-03-13,63591,5,0.23,9.78,,
228195,P,2002-03-09,86887,10,4.48,0.82,,
228196,P,2002-02-07,12719,7,9.63,5.22,,
228197,P,2002-08-18,16999,6,41.74,6.26,,
228198,P,2002-01-07,24747,6,20.28,1.18,,
228199,P,2000-09-24,47318,10,35.72,1.28,,
228200,P,2001-08-29,44107,9,55.91,5.45,,
228201,P,2000-11-25,36881,1,25.06,0.37,,
228202,P,2002-03-29,20974,5,13.79,6.38,,
228203,P,2001-02-02,24699,4,93.37,3.76,,
228204,P,2001-08-14,53015,1,49.85,3.07,,
228205,P,2001-06-15,23285,6,77.32,9.73,,
228206,P,2000-02-21,37299,10,35.69,2.85,,
228207,P,2001-02-20,52154,8,80.85,4.73,,
228208,P,2001-12-22,59896,7,92.02,0.57,,
228209,P,2002-09-10,22444,1,47.58,2.30,,
228210,P,2000-02-19,38492,1,2.34,5.06,,
228211,P,2000-10-10,72168,5,67.25,1.09,,
228212,P,2002-04-20,68175,9,93.07,3.10,,
228213,P,2001-08-13,34408,1,55.46,0.58,,
228214,P,2000-05-10,19356,9,21.45,8.87,,
228215,P,2001-11-22,88463,10,28.06,0.69,,
228216,P,2000-12-28,13808,2,49.05,2.60,,
228217,P,2001-08-22,15134,10,12.09,5.67,,
228218,P,2002-06-12,50259,8,25.89,8.79,,
228219,P,2002-07-09,15468,1,9.17,2.81,,
228220,P,2000-06-13,94650,6,58.63,7.60,,
228221,P,2001-10-22,70711,8,39.88,2.18,,
228222,P,2002-02-18,70253,7,34.49,4.95,,
228223,P,2000-02-15,13339,8,4.70,7.65,,
228224,P,2000-11-25,6627,1,8.32,1.42,,
228225,P,2002-03-20,21354,7,84.95,6.76,,
228226,P,2001-03-27,88803,10,0.53,0.60,,
228227,P,2001-03-25,36822,3,57.33,7.37,,
228228,P,2001-10-05,29295,1,32.68,7.31,,
228229,P,2000-01-10,3319,6,82.16,5.56,,
228230,P,2002-02-12,14477,4,61.22,7.86,,
228231,P,2002-03-17,11606,8,70.69,9.88,,
228232,P,2000-11-08,6775,5,0.53,7.53,,
228233,P,2000-08-23,38458,2,37.15,3.15,,
228234,P,2000-06-14,22209,3,57.03,8.05,,
228235,P,2001-11-04,93636,3,68.06,3.20,,
228236,P,2002-05-27,83135,10,75.81,7.41,,
228237,P,2000-04-06,93521,7,86.56,4.39,,
228238,P,2001-04-15,46753,9,85.48,9.91,,
228239,P,2001-07-18,757,2,34.95,5.49,,
228240,P,2002-06-08,2327,3,57.70,5.45,,
228241,P,2001-09-16,16813,9,89.60,8.81,,
228242,P,2000-05-18,27268,10,22.15,2.06,,
228243,P,2001-10-04,13603,1,20.96,2.70,,
228244,P,2000-03-11,3434,1,20.41,6.89,,
228245,P,2001-08-02,37305,10,79.97,2.95,,
228246,P,2001-09-26,36866,10,3.12,5.14,,
228247,P,2002-05-04,24442,9,31.92,3.09,,
228248,P,2001-12-01,83374,1,1.81,4.61,,
228249,P,2000-12-10,56427,9,21.35,1.34,,
228250,P,2001-09-26,75141,8,7.49,5.92,,
228251,P,2001-03-30,70427,4,33.34,1.03,,
228252,P,2001-01-08,3936,7,48.15,2.18,,
228253,P,2000-02-22,21328,4,3.11,5.46,,
228254,P,2002-05-07,23740,4,73.71,9.71,,
228255,P,2000-12-14,43144,3,47.79,4.17,,
228256,P,2001-03-31,95172,5,48.05,0.86,,
228257,P,2002-03-30,41758,9,73.42,8.14,,
228258,P,2002-07-17,25213,7,91.67,2.53,,
228259,P,2001-12-04,57792,7,35.62,2.30,,
228260,P,2002-07-28,92471,6,57.57,0.81,,
228261,P,2000-09-27,70187,6,25.93,5.47,,
228262,P,2000-12-20,37616,4,82.06,6.02,,
228263,P,2000-02-18,18191,1,46.16,6.75,,
228264,P,2000-09-25,9505,5,26.25,4.37,,
228265,P,2000-02-03,66390,3,45.44,5.54,,
228266,P,2001-03-17,43210,7,66.92,5.25,,
228267,P,2002-09-11,72441,3,93.46,7.86,,
228268,P,2000-05-03,48533,4,7.77,9.74,,
228269,P,2001-01-14,10541,2,57.44,0.84,,
228270,P,2002-08-11,45963,5,22.80,4.72,,
228271,P,2001-07-17,8960,5,36.10,5.24,,
228272,P,2000-05-11,25220,7,4.72,6.33,,
228273,P,2000-05-29,95064,8,63.11,6.12,,
228274,P,2000-01-17,2430,1,93.62,1.03,,
228275,P,2000-07-20,18207,9,40.28,7.42,,
228276,P,2001-01-10,78112,6,38.27,9.63,,
228277,P,2001-09-14,89590,1,91.88,2.09,,
228278,P,2002-06-06,83550,2,74.94,1.11,,
228279,P,2002-04-22,1609,4,54.00,7.91,,
228280,P,2000-08-12,98906,1,48.09,5.20,,
228281,P,2000-03-09,72655,10,65.79,0.70,,
228282,P,2002-03-29,56129,9,17.04,1.38,,
228283,P,2001-06-03,24823,9,61.47,1.30,,
228284,P,2001-10-27,38452,3,86.72,8.93,,
228285,P,2000-02-13,97875,6,94.23,5.59,,
228286,P,2002-03-08,77914,2,77.79,7.76,,
228287,P,2001-05-04,18873,10,54.69,7.44,,
228288,P,2000-01-04,83700,4,97.71,7.91,,
228289,P,2002-02-14,3988,1,70.49,5.11,,
228290,P,2000-04-10,27042,4,40.58,4.13,,
228291,P,2000-09-28,43686,4,7.42,2.62,,
228292,P,2002-06-04,47953,1,58.53,0.02,,
228293,P,2000-09-29,27953,6,54.59,8.84,,
228294,P,2002-01-18,58921,9,24.53,6.14,,
228295,P,2000-04-24,16683,1,30.19,9.63,,
228296,P,2001-05-30,81737,1,66.98,2.77,,
228297,P,2000-10-23,55882,1,89.68,6.84,,
228298,P,2002-05-23,82686,9,28.34,4.01,,
228299,P,2002-05-14,52135,2,18.35,2.69,,
228300,P,2000-02-15,7990,10,39.94,9.70,,
228301,P,2001-01-05,85691,2,29.68,7.88,,
228302,P,2000-04-08,85029,1,67.83,7.07,,
228303,P,2001-03-24,77304,8,87.28,4.31,,
228304,P,2000-01-22,28960,10,85.71,2.70,,
228305,P,2000-01-07,19012,4,53.45,3.17,,
228306,P,2000-04-03,39566,8,10.16,7.75,,
228307,P,2000-08-17,64771,6,45.08,8.97,,
228308,P,2000-09-01,8265,9,82.56,2.25,,
228309,P,2002-08-10,47284,8,8.49,1.40,,
228310,P,2001-06-11,68943,2,22.93,1.51,,
228311,P,2002-06-14,52458,4,16.51,7.78,,
228312,P,2001-03-21,82116,5,77.92,4.47,,
228313,P,2001-01-20,70506,4,82.79,0.17,,
228314,P,2002-02-28,54072,7,6.05,6.07,,
228315,P,2002-07-19,63713,9,12.71,3.59,,
228316,P,2000-02-29,45509,4,75.20,5.48,,
228317,P,2001-02-16,43870,3,57.23,2.17,,
228318,P,2001-04-02,10263,3,18.82,9.33,,
228319,P,2000-07-15,87824,7,30.83,5.31,,
228320,P,2002-09-07,67086,10,32.77,0.07,,
228321,P,2001-10-02,90967,10,23.82,0.56,,
228322,P,2001-08-07,90957,7,25.26,0.48,,
228323,P,2000-01-21,19840,8,84.23,4.54,,
228324,P,2001-09-01,59737,4,33.09,7.00,,
228325,P,2000-10-06,18086,9,4.55,8.68,,
228326,P,2001-11-29,95571,2,94.20,6.63,,
228327,P,2001-09-08,66910,6,38.61,6.86,,
228328,P,2001-01-14,6513,1,26.88,9.50,,
228329,P,2002-04-01,58963,5,16.16,7.99,,
228330,P,2002-08-02,30106,9,75.29,3.83,,
228331,P,2001-01-07,22610,2,60.46,4.97,,
228332,P,2001-03-03,85203,6,94.15,8.88,,
228333,P,2002-01-30,54386,6,29.02,8.50,,
228334,P,2000-05-28,66068,8,63.69,5.20,,
228335,P,2001-07-07,9590,10,5.71,3.00,,
228336,P,2000-06-03,65807,4,65.54,2.35,,
228337,P,2000-09-27,31930,10,17.78,7.45,,
228338,P,2000-01-06,3672,2,24.62,9.69,,
228339,P,2001-09-20,98318,1,97.87,1.47,,
228340,P,2001-09-15,82105,6,24.75,5.20,,
228341,P,2002-01-01,56709,2,73.88,7.95,,
228342,P,2000-04-04,72680,8,68.57,4.36,,
228343,P,2000-08-06,78388,10,52.55,3.98,,
228344,P,2001-11-14,94038,10,63.64,2.38,,
228345,P,2001-04-21,29018,6,60.82,7.49,,
228346,P,2001-05-04,94771,6,53.73,8.80,,
228347,P,2001-11-02,53863,6,59.19,3.71,,
228348,P,2002-06-23,23357,5,23.86,6.30,,
228349,P,2000-03-01,59280,3,28.19,1.64,,
228350,P,2002-03-04,66766,2,60.25,8.22,,
228351,P,2000-01-27,57475,10,50.60,7.46,,
228352,P,2000-04-13,18744,8,86.42,9.96,,
228353,P,2000-05-23,75113,7,89.93,9.27,,
228354,P,2002-04-17,6089,7,44.93,9.20,,
228355,P,2000-05-26,13065,7,31.23,9.54,,
228356,P,2001-07-29,19183,4,88.72,9.02,,
228357,P,2000-10-04,77591,3,61.64,9.01,,
228358,P,2002-09-18,35468,9,12.38,4.66,,
228359,P,2000-08-17,77741,1,10.35,2.56,,
228360,P,2002-06-25,36158,8,57.20,0.66,,
228361,P,2001-04-28,78768,9,91.21,2.84,,
228362,P,2002-07-22,77088,4,54.71,2.60,,
228363,P,2000-06-06,93386,8,60.05,6.14,,
228364,P,2002-07-06,78834,8,57.78,0.37,,
228365,P,2000-08-21,61205,5,25.88,1.97,,
228366,P,2001-10-23,61754,5,71.50,1.62,,
228367,P,2000-11-20,70109,4,20.99,8.47,,
228368,P,2002-03-27,32064,8,57.93,4.33,,
228369,P,2001-06-20,26883,10,17.81,1.77,,
228370,P,2001-09-29,46309,3,29.84,4.40,,
228371,P,2001-03-10,37409,5,71.96,5.87,,
228372,P,2002-09-14,37282,8,51.34,0.59,,
228373,P,2001-10-28,60050,7,90.88,4.13,,
228374,P,2002-06-28,75525,1,87.79,8.53,,
228375,P,2001-10-28,38470,8,17.17,0.51,,
228376,P,2002-05-17,82151,1,18.31,9.40,,
228377,P,2002-01-05,8773,7,13.47,9.65,,
228378,P,2000-09-11,23306,3,49.50,7.00,,
228379,P,2001-01-24,49100,2,9.92,8.26,,
228380,P,2001-09-17,32810,9,65.03,7.48,,
228381,P,2001-03-11,6980,1,40.06,5.20,,
228382,P,2002-08-30,32454,2,61.34,5.96,,
228383,P,2001-06-05,96653,8,67.73,9.32,,
228384,P,2001-10-24,18999,10,33.89,3.10,,
228385,P,2001-12-07,35310,8,15.46,1.25,,
228386,P,2002-03-21,17723,5,62.11,4.67,,
228387,P,2002-07-03,53641,5,45.39,9.55,,
228388,P,2001-12-26,80786,10,52.30,5.41,,
228389,P,2000-11-12,38156,4,97.96,0.87,,
228390,P,2002-06-30,68304,3,74.70,7.13,,
228391,P,2000-02-23,39194,5,92.03,5.28,,
228392,P,2001-06-10,373,1,69.29,8.20,,
228393,P,2000-06-17,18952,10,23.83,2.91,,
228394,P,2002-08-24,61730,2,92.36,7.97,,
228395,P,2000-12-27,10050,5,39.03,2.99,,
228396,P,2000-01-08,80051,9,17.84,8.97,,
228397,P,2000-12-08,67920,2,45.12,8.91,,
228398,P,2001-02-05,49283,8,96.07,2.76,,
228399,P,2001-12-27,34456,2,94.45,4.45,,
228400,P,2002-02-28,21739,9,55.97,7.37,,
228401,P,2001-01-31,91704,4,48.27,9.69,,
228402,P,2001-09-24,31672,7,61.79,0.32,,
228403,P,2002-05-05,69252,1,86.14,7.21,,
228404,P,2000-08-10,87129,5,51.70,9.33,,
228405,P,2000-07-23,74644,4,58.50,2.83,,
228406,P,2002-09-10,41641,7,92.92,6.44,,
228407,P,2002-05-11,47311,7,29.26,7.02,,
228408,P,2000-02-10,36377,7,70.07,1.61,,
228409,P,2000-06-17,36263,7,59.98,1.45,,
228410,P,2001-06-30,48242,5,15.99,4.31,,
228411,P,2001-07-30,66599,10,17.39,3.29,,
228412,P,2001-07-21,38750,10,4.39,1.80,,
228413,P,2000-05-24,85733,1,25.70,4.05,,
228414,P,2001-07-03,92122,2,27.12,8.69,,
228415,P,2001-01-18,90915,8,84.35,1.15,,
228416,P,2001-06-30,47139,2,22.60,1.79,,
228417,P,2002-03-05,33650,8,44.32,6.72,,
228418,P,2002-02-06,98991,4,55.05,7.50,,
228419,P,2001-04-23,70817,2,97.66,0.38,,
228420,P,2001-09-14,73826,10,82.34,1.48,,
228421,P,2002-04-10,73525,3,68.31,7.86,,
228422,P,2001-01-26,26268,5,74.71,5.51,,
228423,P,2001-09-20,27555,5,19.76,0.58,,
228424,P,2001-10-03,76841,5,92.25,2.83,,
228425,P,2001-11-21,88470,7,25.18,2.52,,
228426,P,2002-06-14,43077,7,29.18,8.50,,
228427,P,2000-02-23,96426,10,53.23,7.40,,
228428,P,2000-09-28,31027,4,4.21,6.30,,
228429,P,2001-03-26,47538,4,27.88,9.80,,
228430,P,2000-06-28,4504,10,18.24,4.08,,
228431,P,2001-04-07,50585,6,3.08,2.27,,
228432,P,2001-04-25,93978,3,88.32,4.67,,
228433,P,2002-03-15,68198,3,57.15,0.67,,
228434,P,2001-11-30,48891,2,56.03,3.14,,
228435,P,2000-03-06,13077,7,68.10,8.31,,
228436,P,2000-10-31,56903,10,2.14,9.19,,
228437,P,2000-10-14,51905,2,99.88,4.03,,
228438,P,2002-06-14,68816,5,63.90,4.03,,
228439,P,2000-03-10,49675,6,82.36,7.23,,
228440,P,2001-05-07,76891,9,40.23,6.55,,
228441,P,2002-07-21,85318,5,24.87,1.59,,
228442,P,2001-03-03,85609,4,26.99,6.85,,
228443,P,2000-06-25,85297,2,12.56,1.84,,
228444,P,2001-08-18,43113,3,42.53,1.75,,
228445,P,2000-08-27,27400,10,84.04,4.47,,
228446,P,2000-07-14,86775,3,26.39,0.62,,
228447,P,2001-02-01,16181,1,70.97,3.34,,
228448,P,2000-05-25,47864,2,26.51,2.06,,
228449,P,2000-11-01,24686,6,86.10,1.35,,
228450,P,2000-08-13,79873,1,86.84,1.69,,
228451,P,2001-06-15,61062,6,73.22,0.78,,
228452,P,2002-07-10,62435,6,0.08,1.15,,
228453,P,2002-06-14,93992,8,40.63,9.90,,
228454,P,2000-10-23,36494,4,98.80,6.80,,
228455,P,2000-06-27,80862,8,32.17,9.22,,
228456,P,2002-04-24,74189,4,45.08,6.32,,
228457,P,2000-07-06,78373,8,59.91,7.91,,
228458,P,2002-07-04,53187,1,68.01,1.12,,
228459,P,2000-07-28,13587,1,34.89,9.16,,
228460,P,2001-03-28,72891,9,53.57,9.73,,
228461,P,2002-08-22,78457,9,99.65,4.12,,
228462,P,2002-07-05,28420,4,42.54,2.85,,
228463,P,2002-04-23,2787,8,47.49,5.03,,
228464,P,2000-12-24,10029,6,21.52,5.08,,
228465,P,2000-11-21,31763,3,19.54,3.19,,
228466,P,2000-10-03,96652,6,95.93,5.60,,
228467,P,2000-10-25,74164,2,94.99,0.51,,
228468,P,2001-10-13,34678,8,46.20,8.21,,
228469,P,2001-12-18,78647,4,52.83,8.97,,
228470,P,2000-11-28,59770,2,43.35,6.56,,
228471,P,2001-01-20,85760,5,75.03,5.28,,
228472,P,2001-10-01,52227,4,74.19,6.79,,
228473,P,2001-08-14,39390,7,81.63,0.47,,
228474,P,2000-12-30,63725,4,35.53,1.76,,
228475,P,2001-03-12,110,4,15.97,7.43,,
228476,P,2001-10-09,37478,10,7.67,8.25,,
228477,P,2000-03-01,66127,1,5.26,7.40,,
228478,P,2001-09-27,43393,7,64.96,8.22,,
228479,P,2001-09-15,55999,1,78.97,8.86,,
228480,P,2001-02-18,99873,3,91.20,1.61,,
228481,P,2002-08-30,20642,3,28.63,8.06,,
228482,P,2001-07-23,49246,4,24.59,2.88,,
228483,P,2002-07-16,40214,2,51.19,9.11,,
228484,P,2000-05-19,80957,10,42.48,8.12,,
228485,P,2001-07-11,68148,2,84.20,7.46,,
228486,P,2000-11-30,52669,7,2.38,4.58,,
228487,P,2001-12-16,89314,4,67.05,6.68,,
228488,P,2000-03-16,42763,4,11.06,9.54,,
228489,P,2000-12-11,4329,3,47.18,4.59,,
228490,P,2000-08-06,47002,1,39.40,9.30,,
228491,P,2001-04-06,84737,3,50.75,3.13,,
228492,P,2002-06-01,18104,8,13.99,9.28,,
228493,P,2000-06-08,24245,1,43.54,0.41,,
228494,P,2001-03-29,15499,9,86.45,6.61,,
228495,P,2001-10-26,95552,5,27.55,5.95,,
228496,P,2001-07-28,76978,5,55.38,3.48,,
228497,P,2002-07-12,24811,8,72.97,3.95,,
228498,P,2002-06-02,26347,7,36.11,6.96,,
228499,P,2001-02-18,28576,3,86.60,4.98,,
228500,P,2002-08-06,13576,4,28.88,5.09,,
228501,P,2002-03-04,23123,6,52.31,8.93,,
228502,P,2002-06-02,77059,9,48.35,9.84,,
228503,P,2000-07-21,96611,8,5.44,3.48,,
228504,P,2002-07-07,36501,7,8.14,5.39,,
228505,P,2001-04-10,98267,5,32.26,5.07,,
228506,P,2000-01-07,66827,3,68.16,7.13,,
228507,P,2000-05-31,40953,3,28.98,7.49,,
228508,P,2000-03-10,62398,1,22.17,1.73,,
228509,P,2002-04-22,42041,9,82.67,1.47,,
228510,P,2001-02-05,62910,9,88.86,0.65,,
228511,P,2001-02-21,55495,7,79.07,7.32,,
228512,P,2000-05-23,16890,1,77.59,0.82,,
228513,P,2001-02-04,46074,7,3.76,6.89,,
228514,P,2001-03-27,95561,6,59.52,2.43,,
228515,P,2002-02-07,16652,2,86.20,2.80,,
228516,P,2001-02-17,84556,8,28.14,0.65,,
228517,P,2001-06-23,27176,4,40.17,9.45,,
228518,P,2001-01-02,6721,10,21.69,5.71,,
228519,P,2001-05-28,89916,8,72.12,5.12,,
228520,P,2001-03-24,55707,2,28.76,2.01,,
228521,P,2001-04-18,55778,7,57.34,3.00,,
228522,P,2002-08-01,4587,6,1.48,7.82,,
228523,P,2001-07-23,22118,9,74.54,8.60,,
228524,P,2002-08-30,42249,9,70.19,4.20,,
228525,P,2002-05-23,37053,5,8.44,6.51,,
228526,P,2001-12-24,72427,1,44.49,6.27,,
228527,P,2000-07-28,76096,1,55.79,6.13,,
228528,P,2002-01-11,69567,7,62.07,9.63,,
228529,P,2000-10-04,36748,3,98.88,5.35,,
228530,P,2000-09-02,3439,2,92.73,2.82,,
228531,P,2000-06-30,77168,1,34.94,7.21,,
228532,P,2002-04-09,6291,9,94.03,7.26,,
228533,P,2001-07-11,80705,7,21.46,0.07,,
228534,P,2000-10-17,90906,7,42.70,5.75,,
228535,P,2000-04-24,54339,8,65.42,3.21,,
228536,P,2002-04-15,40802,9,87.17,6.19,,
228537,P,2001-10-24,92057,7,35.88,6.31,,
228538,P,2001-11-06,14255,8,71.00,2.78,,
228539,P,2000-04-22,52769,8,50.62,1.63,,
228540,P,2001-08-01,29863,1,42.56,7.58,,
228541,P,2000-12-15,14833,7,6.74,8.23,,
228542,P,2000-05-02,46581,7,88.34,4.40,,
228543,P,2001-09-19,30157,7,45.05,9.05,,
228544,P,2001-01-20,48548,5,55.36,7.83,,
228545,P,2002-08-14,42982,2,99.46,3.29,,
228546,P,2002-09-06,55651,2,2.28,6.34,,
228547,P,2001-07-22,24852,8,53.27,0.75,,
228548,P,2000-05-28,18322,6,45.33,5.92,,
228549,P,2001-07-14,78320,3,37.96,9.25,,
228550,P,2002-06-19,82989,9,63.31,6.67,,
228551,P,2002-04-24,20975,1,47.01,1.71,,
228552,P,2000-04-06,2737,4,2.37,3.48,,
228553,P,2002-03-31,99055,6,50.01,0.44,,
228554,P,2001-06-15,22202,2,61.86,5.24,,
228555,P,2001-02-14,89426,3,69.96,6.25,,
228556,P,2002-02-12,86281,7,83.30,5.02,,
228557,P,2000-12-29,96570,8,28.63,6.61,,
228558,P,2002-05-11,45207,3,43.45,2.89,,
228559,P,2000-04-22,46373,9,40.66,7.24,,
228560,P,2002-09-14,36650,9,67.65,0.30,,
228561,P,2001-09-18,86013,6,61.88,7.08,,
228562,P,2002-04-23,85532,8,42.77,8.99,,
228563,P,2001-04-24,78752,4,4.27,1.32,,
228564,P,2001-05-02,47359,4,82.74,3.80,,
228565,P,2000-12-05,3596,7,5.98,5.94,,
228566,P,2001-11-15,4974,9,66.57,6.27,,
228567,P,2000-06-20,78821,10,0.81,9.87,,
228568,P,2000-04-29,3421,4,47.76,7.36,,
228569,P,2002-02-09,76231,1,39.77,2.16,,
228570,P,2000-07-03,4049,10,31.89,5.26,,
228571,P,2001-03-02,9546,8,37.01,7.11,,
228572,P,2000-12-27,54776,10,60.71,1.81,,
228573,P,2001-11-17,80808,3,54.71,4.93,,
228574,P,2001-02-21,30626,1,71.17,8.76,,
228575,P,2000-07-18,24769,5,83.20,3.07,,
228576,P,2002-06-14,93828,7,69.85,1.42,,
228577,P,2000-11-01,65742,4,98.81,8.72,,
228578,P,2001-01-19,46466,4,25.30,9.62,,
228579,P,2001-03-03,45781,9,86.75,5.99,,
228580,P,2000-10-09,62556,7,94.68,7.05,,
228581,P,2002-08-22,42975,2,0.53,8.63,,
228582,P,2001-03-26,71159,2,6.88,1.05,,
228583,P,2002-08-23,51828,9,51.63,5.13,,
228584,P,2001-07-13,18966,4,61.46,9.57,,
228585,P,2001-07-01,76974,9,53.29,0.37,,
228586,P,2000-11-19,95033,3,98.88,2.68,,
228587,P,2001-08-25,86788,10,17.86,5.74,,
228588,P,2002-04-12,80244,1,44.86,4.98,,
228589,P,2000-03-01,24640,6,56.94,3.01,,
228590,P,2000-05-30,33573,3,29.72,7.32,,
228591,P,2000-07-31,55155,9,59.01,9.23,,
228592,P,2000-11-06,29324,1,55.87,3.82,,
228593,P,2000-09-12,32027,1,84.94,1.93,,
228594,P,2000-10-06,62854,8,17.07,2.40,,
228595,P,2001-07-20,37693,2,2.06,7.61,,
228596,P,2000-07-03,44816,7,92.66,0.46,,
228597,P,2002-02-27,13753,3,91.35,1.97,,
228598,P,2001-07-26,88042,2,45.48,8.73,,
228599,P,2000-10-05,15349,1,69.12,7.97,,
228600,P,2000-08-01,43765,6,39.62,8.58,,
228601,P,2001-12-28,33558,2,30.48,5.04,,
228602,P,2002-06-16,84087,3,59.07,9.72,,
228603,P,2000-08-04,73031,6,28.87,2.73,,
228604,P,2002-08-28,19978,1,71.47,2.44,,
228605,P,2000-01-08,54815,2,93.45,4.24,,
228606,P,2000-03-27,50693,7,63.05,9.66,,
228607,P,2001-02-21,89780,1,49.99,7.52,,
228608,P,2002-05-04,73872,6,2.19,5.28,,
228609,P,2001-04-23,75307,2,28.13,9.43,,
228610,P,2000-12-03,39439,4,16.31,4.37,,
228611,P,2001-04-10,10343,7,51.76,9.17,,
228612,P,2002-02-09,34727,9,9.77,3.93,,
228613,P,2001-02-16,94022,4,64.32,7.19,,
228614,P,2001-04-15,67901,2,27.20,9.11,,
228615,P,2001-07-04,17928,3,53.72,9.25,,
228616,P,2002-01-20,29608,7,85.93,7.76,,
228617,P,2001-11-25,56933,2,84.02,8.92,,
228618,P,2001-09-13,15591,5,4.30,3.26,,
228619,P,2001-09-25,91101,2,22.06,0.84,,
228620,P,2000-03-28,92283,9,43.90,6.45,,
228621,P,2002-04-20,5383,7,45.15,9.91,,
228622,P,2000-12-23,87232,1,2.58,3.77,,
228623,P,2001-09-05,79303,2,95.72,8.33,,
228624,P,2000-09-17,22129,7,82.67,1.72,,
228625,P,2001-03-10,5159,5,11.28,9.81,,
228626,P,2000-09-13,5747,7,73.03,6.77,,
228627,P,2001-06-03,14538,6,23.70,0.16,,
228628,P,2001-09-19,86772,5,67.51,7.06,,
228629,P,2000-09-25,6069,6,89.05,4.56,,
228630,P,2002-08-10,59832,3,5.57,4.91,,
228631,P,2000-11-20,72129,5,42.05,1.20,,
228632,P,2001-05-29,66170,10,39.61,4.44,,
228633,P,2001-03-08,63408,2,42.36,0.39,,
228634,P,2001-05-26,69208,2,15.05,7.88,,
228635,P,2000-11-07,44204,5,52.57,0.97,,
228636,P,2002-05-04,34764,3,4.30,3.08,,
228637,P,2001-05-26,77366,2,76.10,2.35,,
228638,P,2000-11-03,58708,9,51.11,2.08,,
228639,P,2002-08-16,56166,8,51.00,9.61,,
228640,P,2001-02-03,21250,2,93.52,5.87,,
228641,P,2002-07-05,27484,3,51.94,0.46,,
228642,P,2001-11-27,66688,9,82.60,9.64,,
228643,P,2000-05-11,26344,1,50.20,0.37,,
228644,P,2000-05-15,25622,7,96.47,4.99,,
228645,P,2001-09-11,46611,2,60.65,9.35,,
228646,P,2001-07-20,58305,5,53.21,0.35,,
228647,P,2001-09-09,89672,5,65.03,5.29,,
228648,P,2000-07-19,28919,9,96.23,9.80,,
228649,P,2000-11-08,83385,9,67.46,5.26,,
228650,P,2001-03-03,20339,8,89.86,0.66,,
228651,P,2002-07-30,66040,9,58.21,4.65,,
228652,P,2000-03-28,64193,2,38.42,6.06,,
228653,P,2001-12-02,23333,6,65.70,4.97,,
228654,P,2001-04-22,58365,6,94.87,3.95,,
228655,P,2001-10-07,37547,10,99.62,1.33,,
228656,P,2001-12-30,89934,6,57.32,1.19,,
228657,P,2000-01-20,26014,3,78.41,6.43,,
228658,P,2002-03-16,50662,9,89.35,2.14,,
228659,P,2001-09-03,59545,5,28.08,9.77,,
228660,P,2001-02-14,13123,7,34.87,0.58,,
228661,P,2000-10-03,67583,4,69.67,0.00,,
228662,P,2001-11-20,837,9,14.52,6.89,,
228663,P,2000-06-22,52485,5,1.35,9.01,,
228664,P,2000-10-07,44389,5,77.67,0.83,,
228665,P,2000-12-20,69890,7,36.46,0.00,,
228666,P,2001-03-04,16744,8,85.08,0.37,,
228667,P,2001-02-09,36830,6,5.88,4.87,,
228668,P,2000-12-04,12010,9,35.18,0.93,,
228669,P,2000-07-13,73437,8,13.31,8.80,,
228670,P,2001-08-17,22923,6,25.93,5.17,,
228671,P,2002-08-21,18962,4,39.61,4.34,,
228672,P,2001-11-18,93685,8,30.07,1.03,,
228673,P,2001-12-09,89281,7,46.20,9.56,,
228674,P,2000-12-11,15193,7,26.79,4.02,,
228675,P,2001-04-07,43649,9,17.56,6.85,,
228676,P,2002-02-26,96710,7,24.00,0.61,,
228677,P,2001-05-01,9941,9,69.00,0.41,,
