60658,P,2001-11-30,41861,4,4.63,0.10,,
60659,P,2000-12-08,88808,1,66.86,7.29,,
60660,P,2002-05-22,2865,5,97.94,3.39,,
60661,P,2001-11-05,8811,4,22.24,8.37,,
60662,P,2001-05-04,52946,3,42.97,1.66,,
60663,P,2001-10-17,55661,6,63.80,6.74,,
60664,P,2002-09-16,49740,8,52.29,2.45,,
60665,P,2002-08-09,24151,6,40.94,6.70,,
60666,P,2001-11-11,55568,10,70.34,8.05,,
60667,P,2000-02-28,69814,1,46.45,5.76,,
60668,P,2002-07-10,75099,1,83.32,3.40,,
60669,P,2001-05-10,46893,2,42.75,8.67,,
60670,P,2002-06-02,61240,1,38.89,4.49,,
60671,P,2000-02-23,83937,10,43.77,9.55,,
60672,P,2000-05-29,70196,2,24.74,1.88,,
60673,P,2001-06-07,1503,2,44.61,9.20,,
60674,P,2000-12-08,21504,3,14.68,2.97,,
60675,P,2000-09-09,29982,10,38.29,5.51,,
60676,P,2001-05-19,77358,7,91.61,8.66,,
60677,P,2000-09-10,17290,6,51.31,8.72,,
60678,P,2000-04-11,84058,7,20.32,4.89,,
60679,P,2000-09-18,89838,7,45.95,1.37,,
60680,P,2000-03-08,44314,9,54.11,6.21,,
60681,P,2002-09-03,92401,7,76.60,5.98,,
60682,P,2000-06-27,21473,3,77.77,8.65,,
60683,P,2001-04-10,87427,3,93.78,5.40,,
60684,P,2000-03-14,22661,7,66.32,7.70,,
60685,P,2000-12-13,33528,8,79.31,3.81,,
60686,P,2000-11-01,53234,1,96.72,0.71,,
60687,P,2002-03-19,43778,7,47.69,7.17,,
60688,P,2000-05-18,19592,7,28.66,4.05,,
60689,P,2000-03-15,6891,6,0.23,1.73,,
60690,P,2001-04-24,5301,9,88.82,2.66,,
60691,P,2001-07-01,10929,10,29.69,8.23,,
60692,P,2000-11-09,24132,2,13.95,9.18,,
60693,P,2002-03-05,63357,10,21.76,6.21,,
60694,P,2001-09-19,46078,3,33.99,6.27,,
60695,P,2000-05-29,62345,2,51.78,1.20,,
60696,P,2000-10-31,96300,10,62.96,9.96,,
60697,P,2002-04-20,88610,1,63.63,5.00,,
60698,P,2002-03-14,21483,9,20.14,5.49,,
60699,P,2001-07-10,28285,10,28.19,1.28,,
60700,P,2002-06-17,14738,10,74.48,0.68,,
60701,P,2000-09-17,73912,7,87.82,4.47,,
60702,P,2000-08-17,10324,2,16.91,9.93,,
60703,P,2000-01-18,24946,6,35.36,6.19,,
60704,P,2001-12-26,37418,5,58.33,5.09,,
60705,P,2000-09-09,65627,2,4.04,2.54,,
60706,P,2000-02-28,94860,9,49.28,5.35,,
60707,P,2000-03-14,12440,2,1.55,0.05,,
60708,P,2000-01-22,84603,2,52.59,9.63,,
60709,P,2000-06-24,34077,3,95.21,4.45,,
60710,P,2002-03-01,80624,8,83.03,5.21,,
60711,P,2002-04-24,85167,4,17.77,0.52,,
60712,P,2002-03-07,20532,1,96.32,3.66,,
60713,P,2000-04-01,36291,4,9.30,4.29,,
60714,P,2002-02-03,28176,1,64.16,2.39,,
60715,P,2002-07-04,77583,5,54.49,6.85,,
60716,P,2001-01-15,68771,3,23.37,8.06,,
60717,P,2001-05-25,66027,6,48.46,2.72,,
60718,P,2000-12-24,59727,7,43.37,7.26,,
60719,P,2002-02-02,23631,3,96.26,4.49,,
60720,P,2002-05-05,3453,4,92.58,7.69,,
60721,P,2000-09-07,30088,4,9.25,5.23,,
60722,P,2000-11-14,26450,9,38.81,6.20,,
60723,P,2002-07-11,87963,1,48.03,3.00,,
60724,P,2001-08-05,3361,6,16.58,8.17,,
60725,P,2001-03-28,57668,10,62.13,4.61,,
60726,P,2000-10-26,14800,8,95.64,1.19,,
60727,P,2001-05-23,45817,2,82.26,1.76,,
60728,P,2000-07-16,1230,4,89.24,1.08,,
60729,P,2001-12-30,45850,4,3.91,2.91,,
60730,P,2002-05-18,33830,5,92.82,7.06,,
60731,P,2000-12-11,50091,9,25.03,6.48,,
60732,P,2002-08-22,68521,7,88.50,5.80,,
60733,P,2001-01-07,89625,7,0.79,5.43,,
60734,P,2000-12-07,50516,3,0.35,5.59,,
60735,P,2000-05-11,60442,3,57.56,5.07,,
60736,P,2002-07-09,72293,10,35.48,4.58,,
60737,P,2000-03-16,4742,10,6.35,6.44,,
60738,P,2000-11-17,39071,9,89.54,8.86,,
60739,P,2001-03-05,95728,6,97.02,5.82,,
60740,P,2001-09-07,65960,9,62.87,2.03,,
60741,P,2002-05-20,97485,10,53.54,0.50,,
60742,P,2000-12-29,29974,7,65.12,2.23,,
60743,P,2001-11-06,74424,9,51.39,2.48,,
60744,P,2001-08-21,31434,10,58.39,3.39,,
60745,P,2000-07-16,37509,9,29.85,6.55,,
60746,P,2001-12-12,61165,2,59.37,2.26,,
60747,P,2001-11-13,53200,8,50.68,6.96,,
60748,P,2001-10-17,50799,8,6.97,3.25,,
60749,P,2001-12-31,403,4,34.16,9.08,,
60750,P,2001-02-05,92791,9,73.60,8.65,,
60751,P,2000-12-04,1861,6,91.41,7.45,,
60752,P,2002-04-01,21722,2,54.26,9.78,,
60753,P,2002-01-29,80753,10,44.84,0.30,,
60754,P,2002-09-17,30865,10,61.91,5.84,,
60755,P,2001-12-01,97482,3,27.83,0.02,,
60756,P,2000-08-25,58976,6,68.96,2.06,,
60757,P,2002-03-15,93360,7,13.88,3.88,,
60758,P,2001-04-07,91147,9,46.10,2.54,,
60759,P,2001-04-07,30290,5,32.61,1.28,,
60760,P,2001-06-11,66586,6,51.12,5.65,,
60761,P,2002-08-12,94419,4,75.48,6.85,,
60762,P,2002-01-20,47970,2,8.80,4.21,,
60763,P,2001-12-31,29214,8,34.00,1.46,,
60764,P,2002-05-17,17018,1,58.01,1.70,,
60765,P,2000-04-25,22802,7,3.00,0.11,,
60766,P,2002-02-09,89892,2,71.00,7.88,,
60767,P,2001-02-21,58770,5,60.47,9.30,,
60768,P,2000-11-19,43270,4,52.63,6.42,,
60769,P,2001-01-10,79049,4,99.23,7.61,,
60770,P,2001-06-05,66981,7,69.28,9.32,,
60771,P,2000-09-23,72239,6,78.00,6.71,,
60772,P,2000-02-16,33637,3,27.31,4.49,,
60773,P,2002-09-12,3944,7,68.43,2.39,,
60774,P,2001-02-18,12704,8,8.29,7.33,,
60775,P,2001-01-16,77610,4,8.57,2.35,,
60776,P,2002-04-10,54510,9,58.82,5.81,,
60777,P,2001-05-28,25294,7,86.52,6.51,,
60778,P,2001-01-24,72550,3,57.45,9.73,,
60779,P,2001-07-27,20487,6,66.23,6.79,,
60780,P,2001-11-12,21426,2,20.92,3.68,,
60781,P,2002-09-22,57461,10,87.42,9.56,,
60782,P,2000-09-09,91721,1,68.69,2.83,,
60783,P,2000-08-27,64882,10,89.58,0.29,,
60784,P,2001-02-22,60597,9,15.86,3.72,,
60785,P,2002-09-23,96362,8,88.45,3.44,,
60786,P,2002-07-13,62284,9,22.72,6.78,,
60787,P,2000-06-17,75606,8,28.14,7.91,,
60788,P,2000-11-16,27423,5,95.65,1.17,,
60789,P,2001-07-02,28971,4,68.70,0.73,,
60790,P,2001-09-30,39201,8,29.54,7.57,,
60791,P,2001-10-17,91438,2,84.30,1.50,,
60792,P,2001-07-16,89823,2,45.27,8.19,,
60793,P,2002-05-02,80838,4,50.34,2.42,,
60794,P,2001-09-11,1936,10,23.37,2.56,,
60795,P,2002-09-19,69818,5,79.72,3.24,,
60796,P,2001-10-07,71693,5,71.78,8.95,,
60797,P,2002-09-25,29544,4,18.15,8.14,,
60798,P,2000-03-16,22378,7,44.00,7.65,,
60799,P,2001-04-26,52710,2,46.32,4.12,,
60800,P,2000-09-14,95170,9,82.19,9.54,,
60801,P,2000-07-25,86767,1,41.94,2.52,,
60802,P,2001-10-06,8574,10,63.48,5.54,,
60803,P,2001-04-23,20446,1,75.10,2.64,,
60804,P,2002-04-04,40620,1,4.37,6.15,,
60805,P,2001-04-11,10612,7,76.47,7.36,,
60806,P,2000-03-18,77488,4,35.62,1.00,,
60807,P,2000-04-25,33107,3,84.75,4.23,,
60808,P,2002-01-06,42745,8,12.50,3.67,,
60809,P,2000-12-30,26535,8,79.74,7.02,,
60810,P,2000-12-07,4746,5,77.51,6.09,,
60811,P,2001-02-11,1536,9,60.35,3.93,,
60812,P,2000-07-19,70187,5,51.07,5.11,,
60813,P,2000-08-05,51572,3,76.08,5.33,,
60814,P,2000-04-01,93337,9,45.27,9.79,,
60815,P,2000-11-04,98613,2,82.29,1.07,,
60816,P,2000-11-15,55675,7,98.42,8.86,,
60817,P,2000-03-20,46831,8,91.11,3.23,,
60818,P,2000-06-17,56520,5,89.05,6.52,,
60819,P,2000-10-31,11751,2,5.06,0.36,,
60820,P,2002-07-12,92430,4,27.78,3.18,,
60821,P,2001-10-28,83335,8,56.27,1.63,,
60822,P,2002-05-17,92785,4,43.16,2.54,,
60823,P,2001-09-10,69013,8,6.04,6.84,,
60824,P,2001-09-28,62932,2,71.00,4.44,,
60825,P,2000-09-07,1461,9,26.68,0.09,,
60826,P,2002-05-04,76017,2,99.06,8.13,,
60827,P,2000-04-22,87559,4,99.73,6.63,,
60828,P,2000-04-11,83871,8,53.04,0.19,,
60829,P,2001-02-12,96945,7,44.12,9.26,,
60830,P,2000-06-19,62217,10,99.35,3.76,,
60831,P,2002-06-21,52665,7,61.39,4.97,,
60832,P,2000-05-17,28243,6,3.69,8.57,,
60833,P,2000-10-02,98304,8,97.99,2.14,,
60834,P,2000-04-04,50197,2,64.38,2.76,,
60835,P,2000-08-01,14977,2,93.73,1.76,,
60836,P,2001-06-27,15984,1,47.56,0.57,,
60837,P,2000-04-29,53900,4,71.85,2.63,,
60838,P,2001-01-20,45828,7,39.84,3.44,,
60839,P,2002-03-05,89216,2,35.94,6.35,,
60840,P,2000-03-11,90025,7,28.00,0.84,,
60841,P,2002-01-07,32785,3,80.29,7.87,,
60842,P,2001-08-18,52754,1,21.89,2.87,,
60843,P,2002-07-09,18787,3,40.33,3.29,,
60844,P,2002-01-22,13085,8,80.50,3.06,,
60845,P,2000-01-05,32654,4,9.85,5.74,,
60846,P,2001-05-27,7270,3,73.39,5.65,,
60847,P,2000-05-20,2050,6,89.66,2.35,,
60848,P,2002-05-17,84957,9,11.48,2.24,,
60849,P,2001-08-26,83958,8,78.42,3.73,,
60850,P,2000-11-30,75574,6,23.88,0.10,,
60851,P,2001-01-01,98041,10,21.48,0.33,,
60852,P,2001-06-16,18384,1,7.21,7.19,,
60853,P,2002-07-10,90196,10,28.86,4.75,,
60854,P,2001-05-08,59626,2,24.30,3.26,,
60855,P,2002-01-05,21546,9,50.43,9.80,,
60856,P,2001-06-15,5198,1,90.95,1.62,,
60857,P,2000-10-04,96184,1,3.37,6.34,,
60858,P,2001-02-04,7505,4,79.08,3.64,,
60859,P,2001-02-23,90306,4,71.16,0.51,,
60860,P,2001-05-05,25099,2,97.29,3.55,,
60861,P,2002-04-14,25091,5,20.35,0.06,,
60862,P,2001-01-12,34535,6,97.50,0.25,,
60863,P,2002-09-26,41566,2,97.45,9.80,,
60864,P,2000-10-01,94157,3,63.30,1.30,,
60865,P,2002-04-10,16570,3,90.77,6.49,,
60866,P,2001-12-29,22352,10,64.57,7.62,,
60867,P,2000-10-16,58778,5,79.74,8.71,,
60868,P,2000-07-15,14940,7,49.92,8.59,,
60869,P,2000-12-02,26317,10,96.13,1.00,,
60870,P,2001-02-10,58334,4,30.70,9.30,,
60871,P,2002-04-17,6524,9,17.17,7.61,,
60872,P,2000-09-18,14497,3,10.19,4.18,,
60873,P,2000-07-07,12115,4,82.77,6.92,,
60874,P,2002-03-23,95337,6,44.78,9.94,,
60875,P,2001-06-29,51703,6,48.03,6.37,,
60876,P,2001-10-24,82859,4,21.57,2.07,,
60877,P,2001-05-15,44030,10,91.60,6.29,,
60878,P,2000-12-13,18670,3,2.82,1.11,,
60879,P,2002-09-25,58097,6,13.61,9.82,,
60880,P,2002-08-22,13389,9,18.84,8.53,,
60881,P,2000-06-04,72905,2,58.18,5.66,,
60882,P,2001-10-02,46300,2,68.94,4.71,,
60883,P,2000-06-17,17887,7,60.80,6.87,,
60884,P,2000-01-10,90349,3,13.52,1.87,,
60885,P,2002-06-09,47093,2,41.27,8.73,,
60886,P,2001-08-13,38873,9,11.80,7.66,,
60887,P,2000-07-12,24496,8,47.07,6.65,,
60888,P,2001-01-26,52149,10,34.87,7.09,,
60889,P,2001-02-21,19031,2,27.19,2.74,,
60890,P,2000-08-12,38075,2,55.54,1.92,,
60891,P,2000-04-18,30268,7,28.61,3.53,,
60892,P,2000-03-16,54518,1,53.89,5.04,,
60893,P,2002-04-18,76745,5,92.98,9.47,,
60894,P,2001-11-07,77174,7,23.50,6.70,,
60895,P,2002-02-23,22013,8,73.42,9.90,,
60896,P,2000-06-11,79901,3,61.96,6.41,,
60897,P,2002-02-11,67316,1,57.81,0.16,,
60898,P,2002-07-16,83495,4,15.01,2.23,,
60899,P,2000-06-10,48401,5,9.86,5.93,,
60900,P,2001-12-17,80008,3,23.75,8.77,,
60901,P,2001-07-15,58571,7,75.43,0.54,,
60902,P,2000-08-27,33932,4,93.36,0.17,,
60903,P,2000-10-05,14112,1,15.71,5.87,,
60904,P,2000-05-18,9138,1,14.66,5.39,,
60905,P,2001-02-11,5110,9,56.64,0.58,,
60906,P,2000-02-16,35705,4,86.64,0.77,,
60907,P,2002-03-30,14622,7,11.47,5.52,,
60908,P,2001-06-30,78311,6,62.98,6.52,,
60909,P,2001-11-09,23089,8,60.13,6.96,,
60910,P,2001-07-09,28155,9,37.08,2.21,,
60911,P,2001-11-30,53929,8,55.97,6.50,,
60912,P,2001-05-30,22333,1,56.34,2.77,,
60913,P,2000-06-21,71073,9,82.47,2.29,,
60914,P,2001-09-12,6261,8,3.13,8.59,,
60915,P,2000-09-28,11434,10,17.48,2.78,,
60916,P,2001-05-27,71229,5,89.18,0.25,,
60917,P,2001-10-31,5631,3,53.16,5.10,,
60918,P,2002-01-01,76412,8,61.65,2.89,,
60919,P,2000-10-27,49266,8,23.09,1.47,,
60920,P,2000-10-26,34433,3,65.65,1.73,,
60921,P,2002-03-13,29115,3,28.47,0.06,,
60922,P,2001-09-12,55753,9,60.73,9.49,,
60923,P,2000-11-14,9237,3,78.93,2.24,,
60924,P,2000-08-19,32209,8,1.07,9.58,,
60925,P,2001-12-19,42,7,91.06,4.16,,
60926,P,2002-09-23,18597,1,13.44,0.94,,
60927,P,2001-12-13,64972,6,92.86,2.22,,
60928,P,2002-04-04,40910,9,77.55,0.07,,
60929,P,2001-07-31,8974,10,59.93,3.36,,
60930,P,2001-12-12,94830,8,42.81,4.90,,
60931,P,2002-01-13,11181,5,97.82,0.80,,
60932,P,2001-06-05,10397,6,73.90,0.30,,
60933,P,2002-02-16,14163,5,27.22,1.97,,
60934,P,2000-01-26,38947,5,82.15,7.17,,
60935,P,2002-03-03,1324,1,55.66,0.65,,
60936,P,2000-12-23,81836,9,15.52,3.81,,
60937,P,2000-07-06,25770,5,45.89,3.74,,
60938,P,2000-12-31,66498,2,60.94,7.14,,
60939,P,2001-05-15,54142,10,49.71,3.56,,
60940,P,2000-04-27,47875,8,31.98,1.43,,
60941,P,2000-10-28,99408,6,48.51,3.16,,
60942,P,2001-08-18,43918,6,67.92,3.01,,
60943,P,2001-06-09,57331,4,54.40,3.27,,
60944,P,2000-01-19,81376,8,99.73,8.66,,
60945,P,2000-07-17,25556,5,44.12,0.18,,
60946,P,2000-12-08,5700,5,14.46,5.93,,
60947,P,2000-01-06,38627,3,38.86,8.21,,
60948,P,2002-07-16,25719,9,14.43,6.24,,
60949,P,2001-05-29,79233,10,24.93,7.89,,
60950,P,2001-02-07,6745,2,70.88,3.80,,
60951,P,2001-09-22,57708,6,10.31,0.42,,
60952,P,2000-10-29,97824,2,34.14,5.23,,
60953,P,2000-08-11,74758,10,29.86,0.64,,
60954,P,2001-11-23,21770,10,77.43,5.21,,
60955,P,2000-11-19,19869,7,30.09,3.04,,
60956,P,2000-12-07,39088,10,7.55,1.56,,
60957,P,2001-05-16,40675,9,25.15,0.87,,
60958,P,2001-12-09,56844,4,31.14,3.03,,
60959,P,2002-03-21,49691,4,89.07,7.58,,
60960,P,2001-05-17,96026,8,51.26,6.73,,
60961,P,2000-07-31,49231,3,25.68,2.39,,
60962,P,2000-12-19,22082,10,4.58,8.01,,
60963,P,2002-03-17,19573,3,95.87,9.91,,
60964,P,2002-05-02,41477,9,42.36,6.22,,
60965,P,2002-04-21,87934,3,73.81,8.81,,
60966,P,2002-04-09,38418,8,85.00,0.68,,
60967,P,2001-09-07,99590,3,90.83,5.32,,
60968,P,2002-02-20,66245,4,24.46,4.39,,
60969,P,2000-01-04,14642,8,18.40,0.65,,
60970,P,2002-03-10,76646,5,11.49,6.85,,
60971,P,2002-02-08,88237,4,73.12,9.61,,
60972,P,2002-02-19,81289,1,6.68,9.72,,
60973,P,2001-05-30,53344,6,44.78,2.49,,
60974,P,2002-06-04,82719,6,16.00,5.01,,
60975,P,2002-07-02,89869,10,22.15,3.38,,
60976,P,2000-12-03,22033,7,46.84,5.93,,
60977,P,2001-09-15,94248,2,89.41,4.19,,
60978,P,2001-05-30,25758,4,89.42,1.54,,
60979,P,2000-08-07,95756,4,0.10,3.74,,
60980,P,2002-09-01,32739,6,66.46,3.26,,
60981,P,2001-07-12,75481,1,60.24,3.21,,
60982,P,2001-01-18,3853,2,89.35,1.69,,
60983,P,2001-08-30,8455,9,52.20,8.14,,
60984,P,2001-08-03,13547,10,38.67,9.62,,
60985,P,2002-05-28,60978,7,6.65,7.62,,
60986,P,2000-10-24,75238,5,89.86,7.63,,
60987,P,2002-06-29,65462,4,84.50,4.48,,
60988,P,2000-05-03,27427,10,41.99,0.28,,
60989,P,2001-12-14,50319,10,29.48,6.52,,
60990,P,2002-03-04,30198,8,14.61,4.99,,
60991,P,2001-08-12,61137,7,17.87,2.48,,
60992,P,2001-05-06,75082,1,71.53,3.09,,
60993,P,2000-12-09,90556,5,97.67,9.90,,
60994,P,2000-07-12,15704,5,6.48,0.31,,
60995,P,2002-03-11,4734,6,20.06,4.98,,
60996,P,2001-06-12,74475,9,92.05,0.36,,
60997,P,2000-02-08,64773,5,77.70,9.52,,
60998,P,2000-09-25,56281,8,0.24,6.95,,
60999,P,2002-04-18,10005,8,69.79,8.43,,
61000,P,2001-08-14,75159,6,99.42,7.02,,
61001,P,2001-06-25,65796,3,50.23,9.51,,
61002,P,2001-03-11,98954,2,94.07,0.42,,
61003,P,2000-11-01,24482,1,59.66,4.15,,
61004,P,2001-01-25,69977,8,69.28,5.98,,
61005,P,2001-08-22,78351,10,86.16,0.31,,
61006,P,2001-11-16,1389,8,9.92,0.34,,
61007,P,2000-05-18,78390,8,2.34,4.15,,
61008,P,2001-03-08,46450,5,0.33,2.70,,
61009,P,2002-01-28,54484,8,88.97,0.86,,
61010,P,2000-02-04,44977,7,43.03,4.22,,
61011,P,2001-09-27,28982,10,89.73,1.58,,
61012,P,2001-09-06,54293,1,36.49,4.75,,
61013,P,2000-12-03,39727,4,82.22,9.67,,
61014,P,2002-06-22,95452,7,56.09,8.12,,
61015,P,2002-03-07,38591,10,71.11,5.93,,
61016,P,2002-09-06,3713,3,30.35,6.28,,
61017,P,2001-03-06,62172,7,17.17,5.24,,
61018,P,2000-03-04,31082,9,24.51,8.11,,
61019,P,2001-04-09,20854,5,17.15,5.55,,
61020,P,2001-03-10,91459,2,13.92,0.31,,
61021,P,2002-04-26,127,6,48.15,9.87,,
61022,P,2000-02-03,18165,10,68.13,8.30,,
61023,P,2001-02-17,54737,1,52.22,0.17,,
61024,P,2000-02-27,31957,1,27.55,4.12,,
61025,P,2002-09-24,21983,2,81.51,5.18,,
61026,P,2000-04-29,42159,9,34.22,7.49,,
61027,P,2000-11-15,54652,7,11.18,2.79,,
61028,P,2001-12-03,25338,8,81.33,10.00,,
61029,P,2001-01-15,69726,7,15.31,8.22,,
61030,P,2001-03-08,96163,6,77.05,3.53,,
61031,P,2001-10-10,97842,6,17.82,2.72,,
61032,P,2002-07-23,89972,6,91.27,7.58,,
61033,P,2001-03-08,92067,7,55.42,9.48,,
61034,P,2002-02-07,2026,8,82.35,1.37,,
61035,P,2001-01-04,97179,5,68.17,2.04,,
61036,P,2002-06-04,18763,4,49.86,3.12,,
61037,P,2000-07-28,40589,9,56.63,7.39,,
61038,P,2000-06-27,4553,2,3.24,8.57,,
61039,P,2000-06-16,87132,7,12.63,1.98,,
61040,P,2001-07-31,24416,8,92.08,9.51,,
61041,P,2002-09-03,69737,5,39.03,1.57,,
61042,P,2000-05-18,26108,7,92.34,5.38,,
61043,P,2000-02-29,51591,10,24.54,4.44,,
61044,P,2001-09-14,4641,1,67.36,5.68,,
61045,P,2001-08-01,73000,1,36.51,0.45,,
61046,P,2000-06-13,73400,10,97.85,9.10,,
61047,P,2000-01-23,67359,9,68.91,1.18,,
61048,P,2002-03-24,44886,5,52.12,2.67,,
61049,P,2000-03-30,58365,1,76.41,2.86,,
61050,P,2002-05-09,52507,3,74.43,7.07,,
61051,P,2000-01-29,88314,3,1.68,5.39,,
61052,P,2001-09-29,11631,8,37.60,5.86,,
61053,P,2002-06-15,85020,6,2.28,3.28,,
61054,P,2000-03-07,22975,1,50.77,4.58,,
61055,P,2000-12-17,23081,5,55.64,0.69,,
61056,P,2001-11-19,5951,3,35.50,1.31,,
61057,P,2002-04-19,34577,10,90.04,1.47,,
61058,P,2002-08-09,83397,3,20.67,4.64,,
61059,P,2000-10-10,23677,10,89.91,8.27,,
61060,P,2000-08-09,63160,7,51.78,3.39,,
61061,P,2000-10-19,90908,10,36.27,6.89,,
61062,P,2001-09-20,44721,10,65.00,3.80,,
61063,P,2002-03-11,57512,5,38.82,5.49,,
61064,P,2002-07-10,81087,8,28.87,7.85,,
61065,P,2002-03-18,90752,6,18.25,4.56,,
61066,P,2000-09-09,33455,2,88.58,3.94,,
61067,P,2001-05-22,33846,1,65.08,4.39,,
61068,P,2002-06-11,22546,6,0.08,5.73,,
61069,P,2000-10-11,9808,3,59.20,5.81,,
61070,P,2002-07-12,63375,5,39.48,7.05,,
61071,P,2002-09-06,87355,6,45.87,4.40,,
61072,P,2001-03-24,10496,10,4.57,3.47,,
61073,P,2000-10-16,57588,5,3.85,6.32,,
61074,P,2001-03-06,30444,6,58.81,3.35,,
61075,P,2001-05-18,7955,5,88.72,8.22,,
61076,P,2002-02-16,84067,4,60.82,0.45,,
61077,P,2002-05-02,98471,2,56.06,0.06,,
61078,P,2001-01-07,56474,10,30.15,2.70,,
61079,P,2002-08-24,84332,5,99.47,0.31,,
61080,P,2002-04-06,69037,8,74.12,3.28,,
61081,P,2000-08-26,7256,7,90.77,5.30,,
61082,P,2002-09-23,46535,3,78.19,3.75,,
61083,P,2001-02-03,92901,6,41.23,3.63,,
61084,P,2000-02-14,74575,2,13.62,9.88,,
61085,P,2000-11-26,88614,9,55.11,3.94,,
61086,P,2001-12-07,88129,2,59.00,6.41,,
61087,P,2002-04-20,50302,10,37.83,3.76,,
61088,P,2001-06-17,39143,7,49.30,5.08,,
61089,P,2001-10-29,46961,3,24.76,8.37,,
61090,P,2002-05-11,28403,10,15.82,6.52,,
61091,P,2001-10-14,61473,4,29.56,2.76,,
61092,P,2002-09-09,87490,4,60.65,4.72,,
61093,P,2002-01-02,68346,6,62.91,7.61,,
61094,P,2000-02-26,14916,2,46.36,3.73,,
61095,P,2001-03-16,37789,3,46.94,5.51,,
61096,P,2001-09-05,32899,3,11.30,2.43,,
61097,P,2001-03-22,96820,10,39.28,4.47,,
61098,P,2001-03-11,151,7,90.43,5.46,,
61099,P,2000-07-31,18304,3,92.22,6.92,,
61100,P,2000-07-19,42833,10,45.55,8.11,,
61101,P,2001-07-19,92383,10,49.11,8.20,,
61102,P,2000-11-06,61905,2,38.59,2.50,,
61103,P,2000-10-16,96718,3,43.78,7.01,,
61104,P,2001-01-27,56237,2,29.91,2.88,,
61105,P,2001-04-10,32388,7,57.37,4.83,,
61106,P,2000-06-12,61451,5,84.65,8.48,,
61107,P,2000-10-17,54086,7,93.85,5.43,,
61108,P,2002-06-24,28262,9,59.89,1.52,,
61109,P,2000-07-03,84480,7,31.47,8.12,,
61110,P,2000-04-29,11932,9,51.81,0.33,,
61111,P,2000-08-11,44212,3,67.55,8.84,,
61112,P,2000-08-18,79587,2,65.16,5.29,,
61113,P,2001-04-14,2860,1,50.97,3.83,,
61114,P,2000-09-06,59635,8,0.47,8.79,,
61115,P,2000-03-31,5854,5,53.52,2.31,,
61116,P,2001-12-31,63263,5,45.02,1.49,,
61117,P,2001-05-21,31166,4,54.60,4.13,,
61118,P,2000-07-27,31014,7,65.33,0.02,,
61119,P,2000-10-10,85261,5,12.13,9.47,,
61120,P,2000-07-13,32375,4,49.64,4.06,,
61121,P,2000-03-06,63566,2,42.39,1.59,,
61122,P,2001-08-02,74531,7,11.40,9.07,,
61123,P,2001-06-23,71762,4,20.82,5.10,,
61124,P,2000-12-16,73835,2,74.63,5.11,,
61125,P,2001-04-10,9557,10,82.45,6.44,,
61126,P,2000-04-11,28538,9,88.78,2.56,,
61127,P,2001-07-24,39552,5,25.91,0.60,,
61128,P,2001-04-17,20258,4,84.10,6.25,,
61129,P,2000-05-11,5985,9,35.13,7.68,,
61130,P,2002-04-25,11229,1,41.87,1.79,,
61131,P,2000-12-16,78436,6,39.56,4.87,,
61132,P,2002-02-01,35999,2,31.66,0.66,,
61133,P,2000-10-22,85280,9,15.70,2.22,,
61134,P,2002-06-02,94637,7,28.43,6.62,,
61135,P,2002-09-14,46327,10,49.40,4.25,,
61136,P,2000-05-23,3339,2,96.67,5.33,,
61137,P,2002-02-25,99021,9,46.18,6.17,,
61138,P,2000-01-08,59388,1,66.19,1.24,,
61139,P,2000-10-03,81142,3,38.96,8.38,,
61140,P,2001-02-28,53188,7,52.35,5.74,,
61141,P,2002-09-01,20332,9,32.81,5.74,,
61142,P,2001-12-21,38199,9,78.63,3.00,,
61143,P,2000-01-17,17177,7,40.12,9.43,,
61144,P,2000-08-29,4159,10,62.41,4.93,,
61145,P,2000-05-25,82910,2,16.28,4.93,,
61146,P,2002-07-28,23692,8,9.22,3.19,,
61147,P,2001-03-16,55070,8,12.87,6.98,,
61148,P,2002-02-21,44395,2,38.69,1.67,,
61149,P,2000-01-02,90386,7,5.50,8.12,,
61150,P,2001-12-11,69483,7,33.29,7.40,,
61151,P,2001-05-06,22390,9,9.72,9.15,,
61152,P,2000-05-03,41865,4,16.71,0.32,,
61153,P,2001-03-21,89112,6,90.46,4.56,,
61154,P,2000-12-22,53923,9,66.83,2.27,,
61155,P,2001-02-13,74455,6,78.61,2.99,,
61156,P,2001-08-22,12777,3,46.81,4.20,,
61157,P,2001-10-09,1957,2,24.34,4.30,,
61158,P,2001-05-20,35557,1,58.94,9.27,,
61159,P,2000-05-31,95261,2,18.57,1.34,,
61160,P,2000-05-09,85549,3,53.25,6.00,,
61161,P,2001-06-17,82051,2,12.63,0.52,,
61162,P,2000-12-27,37433,4,51.79,6.58,,
61163,P,2000-03-13,26421,10,83.22,4.58,,
61164,P,2001-11-07,82447,7,19.88,8.00,,
61165,P,2001-10-27,71540,6,52.27,6.64,,
61166,P,2002-04-24,64614,5,61.02,1.24,,
61167,P,2002-05-30,73021,7,11.29,6.78,,
61168,P,2000-12-25,33924,2,69.61,6.46,,
61169,P,2002-02-23,1018,4,29.25,7.04,,
61170,P,2001-02-20,94743,1,59.01,1.27,,
61171,P,2001-06-02,59691,2,83.88,4.06,,
61172,P,2001-02-24,97122,3,13.49,2.22,,
61173,P,2000-09-28,2421,6,94.88,4.26,,
61174,P,2002-04-23,96284,9,59.06,7.14,,
61175,P,2000-11-04,55655,6,67.70,8.49,,
61176,P,2001-07-22,51853,2,47.24,0.88,,
61177,P,2000-05-16,58005,7,37.70,8.62,,
61178,P,2002-09-05,31021,4,57.57,8.38,,
61179,P,2001-03-27,88232,3,32.47,8.73,,
61180,P,2001-08-08,62580,5,84.08,3.93,,
61181,P,2002-09-16,44402,9,58.18,2.91,,
61182,P,2001-04-14,5464,3,50.99,4.73,,
61183,P,2000-11-16,19576,2,67.94,4.34,,
61184,P,2000-03-18,76088,7,64.27,0.32,,
61185,P,2000-12-20,15237,6,86.44,2.99,,
61186,P,2001-07-16,53047,6,71.40,4.51,,
61187,P,2001-10-12,29009,10,14.55,8.50,,
61188,P,2000-12-14,58466,9,28.87,9.09,,
61189,P,2001-06-19,84894,4,17.49,5.87,,
61190,P,2000-11-17,53486,9,89.33,2.71,,
61191,P,2000-11-25,99620,8,75.97,1.99,,
61192,P,2000-03-21,51513,10,18.38,2.52,,
61193,P,2001-08-29,70776,5,67.22,3.98,,
61194,P,2001-07-09,58658,9,75.28,7.87,,
61195,P,2001-07-04,32874,5,39.80,8.11,,
61196,P,2000-10-08,86082,3,68.61,2.86,,
61197,P,2002-03-25,6017,3,99.56,3.08,,
61198,P,2000-04-14,64007,5,58.67,1.60,,
61199,P,2001-02-25,10975,6,26.82,6.65,,
61200,P,2000-09-10,42679,6,15.71,5.53,,
61201,P,2001-02-16,80486,5,9.08,5.62,,
61202,P,2001-05-22,80316,3,46.79,6.16,,
61203,P,2001-07-03,94940,3,52.16,2.80,,
61204,P,2001-04-25,50617,1,60.90,6.57,,
61205,P,2001-12-15,7039,9,57.41,7.25,,
61206,P,2002-06-06,55317,4,29.16,6.54,,
61207,P,2000-08-06,81983,6,70.54,5.58,,
61208,P,2002-01-30,50410,10,62.68,0.78,,
61209,P,2001-06-06,27050,6,78.63,2.67,,
61210,P,2002-06-22,74776,5,10.75,7.84,,
61211,P,2002-02-07,90081,5,2.33,8.57,,
61212,P,2000-05-29,92347,4,76.72,6.64,,
61213,P,2001-02-22,62313,1,12.76,4.65,,
61214,P,2000-04-13,19971,4,10.34,5.73,,
61215,P,2000-07-02,83010,4,68.67,9.54,,
61216,P,2000-07-31,71372,8,16.66,0.65,,
61217,P,2002-09-06,45658,7,23.32,1.08,,
61218,P,2001-12-12,69579,9,49.10,8.08,,
61219,P,2001-08-14,51651,9,12.91,9.69,,
61220,P,2001-01-12,46449,8,53.29,0.77,,
61221,P,2001-01-06,67899,9,96.72,3.74,,
61222,P,2001-07-23,41120,9,69.33,1.24,,
61223,P,2000-02-15,4217,10,2.73,5.90,,
61224,P,2001-09-06,88514,3,92.36,8.19,,
61225,P,2002-04-19,24853,3,4.25,4.97,,
61226,P,2002-05-05,73667,1,86.81,1.69,,
61227,P,2000-03-09,50356,9,70.24,6.92,,
61228,P,2000-03-16,98348,6,33.79,4.74,,
61229,P,2001-03-14,8139,5,69.20,9.36,,
61230,P,2000-04-02,36949,5,50.44,8.29,,
61231,P,2000-07-05,76195,3,25.94,0.20,,
61232,P,2000-10-22,38841,8,59.01,8.94,,
61233,P,2001-11-10,17567,10,30.22,9.74,,
61234,P,2000-09-11,63230,4,53.29,7.31,,
61235,P,2002-05-21,35803,5,80.57,9.16,,
61236,P,2001-02-06,5810,8,3.77,4.22,,
61237,P,2002-01-11,62212,8,2.02,3.54,,
61238,P,2000-05-12,47670,9,53.18,0.10,,
61239,P,2002-01-23,94077,5,2.15,6.67,,
61240,P,2002-01-27,77316,4,26.91,9.47,,
61241,P,2000-02-11,45829,4,48.89,2.75,,
61242,P,2001-05-14,52259,4,30.02,7.98,,
61243,P,2002-02-19,88020,5,94.89,2.82,,
61244,P,2002-07-12,73796,3,6.10,9.85,,
61245,P,2001-09-20,20948,7,21.06,4.37,,
61246,P,2001-09-23,37014,1,37.77,8.41,,
61247,P,2000-06-02,15118,2,83.19,5.76,,
61248,P,2001-11-21,50723,9,74.61,9.09,,
61249,P,2000-12-14,93521,7,95.50,9.96,,
61250,P,2001-02-23,72257,1,81.84,7.17,,
61251,P,2001-11-30,90673,10,84.49,4.09,,
61252,P,2001-03-26,95441,2,29.62,5.48,,
61253,P,2000-08-02,76923,10,64.62,8.05,,
61254,P,2000-07-08,36618,3,86.94,4.98,,
61255,P,2000-09-21,72021,2,32.76,9.97,,
61256,P,2001-02-19,97099,9,92.80,7.79,,
61257,P,2002-07-20,8160,6,35.05,9.01,,
61258,P,2002-05-21,15512,8,64.97,4.61,,
61259,P,2001-06-29,48181,4,86.57,8.66,,
61260,P,2001-02-18,70770,7,65.90,6.10,,
61261,P,2002-08-13,56209,5,67.39,6.03,,
61262,P,2000-04-10,80608,7,94.21,5.40,,
61263,P,2002-02-16,82474,1,58.44,5.89,,
61264,P,2002-02-23,19324,10,7.88,3.35,,
61265,P,2000-05-18,37301,5,22.29,3.91,,
61266,P,2002-08-11,8390,1,62.02,2.24,,
61267,P,2002-02-19,64193,5,95.76,0.24,,
61268,P,2001-03-31,91265,6,73.37,1.69,,
61269,P,2000-03-01,20838,9,16.07,7.47,,
61270,P,2001-12-27,59228,1,86.81,3.01,,
61271,P,2000-04-02,51027,6,25.46,5.82,,
61272,P,2000-05-17,45152,6,22.03,6.15,,
61273,P,2001-02-04,21105,1,72.74,6.78,,
61274,P,2000-08-05,96959,9,45.46,0.15,,
61275,P,2001-05-16,89964,2,14.45,8.78,,
61276,P,2000-04-09,83747,6,55.68,6.78,,
61277,P,2000-10-11,4665,2,30.92,5.26,,
61278,P,2002-01-12,24397,6,99.77,3.54,,
61279,P,2001-07-23,4676,9,88.46,7.02,,
61280,P,2000-07-15,46588,7,2.48,9.97,,
61281,P,2001-02-10,98899,5,79.14,4.01,,
61282,P,2002-05-02,35447,10,45.38,3.06,,
61283,P,2000-12-15,11556,9,3.46,7.21,,
61284,P,2000-02-29,1609,2,91.83,1.83,,
61285,P,2002-09-15,38789,6,0.03,9.59,,
61286,P,2002-05-03,57291,1,34.27,5.02,,
61287,P,2001-08-17,52743,2,5.52,1.23,,
61288,P,2002-03-16,67148,2,49.50,2.24,,
61289,P,2002-06-20,10745,2,33.62,7.59,,
61290,P,2000-05-28,47442,6,10.35,5.36,,
61291,P,2001-10-25,6037,5,42.14,9.33,,
61292,P,2000-12-06,29236,10,40.35,1.33,,
61293,P,2001-06-19,98006,6,58.95,4.28,,
61294,P,2001-10-27,86845,8,1.23,4.87,,
61295,P,2000-09-06,86134,1,62.53,2.40,,
61296,P,2002-06-20,10128,10,43.03,4.75,,
61297,P,2001-09-18,52425,5,16.38,1.07,,
61298,P,2000-07-17,36258,9,53.67,6.57,,
61299,P,2002-03-07,17260,2,46.43,2.84,,
61300,P,2000-10-07,86999,1,1.76,9.15,,
61301,P,2002-06-13,26490,9,55.76,5.56,,
61302,P,2002-05-22,40902,3,44.69,6.69,,
61303,P,2001-06-27,29591,9,39.44,3.69,,
61304,P,2000-05-23,77009,8,13.89,9.84,,
61305,P,2002-01-08,61029,10,48.89,0.13,,
61306,P,2000-07-05,46137,7,19.13,8.45,,
61307,P,2001-01-30,60413,1,82.10,0.59,,
61308,P,2000-03-03,21513,6,91.26,0.87,,
61309,P,2002-04-01,72240,1,23.88,5.21,,
61310,P,2001-07-23,24652,2,98.61,9.50,,
61311,P,2001-08-03,63026,5,0.17,3.22,,
61312,P,2001-09-05,75920,3,26.77,2.09,,
61313,P,2001-07-30,13470,9,79.45,6.35,,
61314,P,2002-09-16,85538,10,70.55,5.66,,
61315,P,2000-11-07,22255,8,74.04,8.44,,
61316,P,2001-12-30,86179,10,54.05,2.66,,
61317,P,2000-09-27,89755,8,51.07,1.60,,
61318,P,2001-03-27,36937,2,65.36,5.87,,
61319,P,2000-04-03,65066,2,62.42,8.79,,
61320,P,2001-01-27,85416,1,46.86,1.95,,
61321,P,2001-04-30,27023,2,70.70,6.38,,
61322,P,2001-07-04,36697,8,94.46,6.71,,
61323,P,2001-01-16,63263,8,5.97,1.31,,
61324,P,2000-12-23,42893,1,78.95,7.82,,
61325,P,2002-05-19,19669,2,50.47,8.57,,
61326,P,2000-02-04,49029,3,38.68,1.80,,
61327,P,2001-11-03,11987,1,57.05,3.60,,
61328,P,2001-12-17,86649,7,69.95,3.62,,
61329,P,2001-01-26,68365,4,29.64,8.19,,
61330,P,2000-02-09,11424,8,76.66,6.04,,
61331,P,2000-03-01,52651,8,18.25,1.77,,
61332,P,2000-04-16,20068,2,96.20,2.95,,
61333,P,2000-01-16,61491,6,20.37,7.82,,
61334,P,2000-10-21,73211,9,50.45,1.05,,
61335,P,2002-03-22,48257,7,85.83,0.48,,
61336,P,2001-04-13,22407,10,23.78,1.52,,
61337,P,2000-11-15,60465,6,97.11,4.57,,
61338,P,2001-01-17,66989,4,34.16,2.19,,
61339,P,2000-08-20,56990,7,79.11,4.06,,
61340,P,2001-01-14,80294,5,28.27,6.66,,
61341,P,2000-07-15,14173,8,70.09,9.76,,
61342,P,2001-07-31,34026,6,3.81,3.73,,
61343,P,2000-12-09,66303,7,55.52,6.78,,
61344,P,2000-10-01,61070,6,84.37,8.83,,
61345,P,2001-09-30,82471,2,33.89,1.48,,
61346,P,2000-05-25,64478,3,81.34,0.20,,
61347,P,2002-03-05,72656,9,20.80,7.92,,
61348,P,2002-04-17,30422,6,17.15,4.88,,
61349,P,2001-02-23,12532,5,37.20,0.17,,
61350,P,2000-09-24,93540,5,6.68,5.03,,
61351,P,2001-05-07,57850,3,12.62,8.36,,
61352,P,2000-11-18,59356,7,56.32,6.25,,
61353,P,2000-05-16,92412,6,97.29,4.33,,
61354,P,2001-07-12,50203,3,41.68,4.16,,
61355,P,2000-11-24,78590,3,62.66,9.78,,
61356,P,2000-08-13,1373,10,40.49,7.53,,
61357,P,2001-08-01,42002,8,6.64,9.08,,
61358,P,2002-08-25,38248,2,27.43,1.80,,
61359,P,2002-04-06,8945,4,55.82,5.72,,
61360,P,2001-03-05,34673,5,85.75,6.03,,
61361,P,2002-03-07,11314,6,91.64,10.00,,
61362,P,2000-09-08,49346,3,15.64,0.65,,
61363,P,2001-03-30,6224,7,6.28,1.79,,
61364,P,2001-03-06,17890,4,82.86,1.74,,
61365,P,2001-05-13,93705,2,63.11,6.73,,
61366,P,2002-04-09,23307,8,31.70,2.43,,
61367,P,2001-12-08,34246,1,3.91,0.71,,
61368,P,2001-03-02,74583,10,76.39,8.29,,
61369,P,2001-02-14,50610,7,9.58,3.34,,
61370,P,2000-02-19,99788,6,14.63,4.03,,
61371,P,2000-04-30,61574,10,58.81,6.48,,
61372,P,2000-03-30,51579,3,48.46,0.88,,
61373,P,2000-12-15,46739,6,55.27,0.42,,
61374,P,2002-02-20,98578,2,26.06,9.11,,
61375,P,2000-07-17,73393,4,3.02,6.02,,
61376,P,2000-12-20,51848,8,25.87,2.21,,
61377,P,2000-02-13,70303,7,1.13,2.60,,
61378,P,2000-07-03,40501,2,51.75,7.02,,
61379,P,2001-04-03,37251,4,8.72,4.36,,
61380,P,2000-12-06,99300,10,52.49,7.13,,
61381,P,2001-11-18,81281,6,3.55,8.97,,
61382,P,2001-10-26,48661,2,56.65,0.86,,
61383,P,2000-07-10,94230,2,66.53,9.78,,
61384,P,2000-08-31,14111,2,24.05,5.29,,
61385,P,2001-08-22,83292,6,69.31,5.65,,
61386,P,2000-08-11,44160,8,91.75,5.82,,
61387,P,2001-08-16,77003,5,93.55,7.83,,
61388,P,2000-06-18,7010,3,40.34,9.61,,
61389,P,2002-06-10,91260,8,71.77,0.53,,
61390,P,2002-08-03,43876,7,34.61,7.74,,
61391,P,2001-11-21,43671,4,88.85,6.91,,
61392,P,2002-03-11,93071,10,60.86,4.36,,
61393,P,2002-05-29,87206,7,75.95,9.36,,
61394,P,2001-12-31,51953,4,50.36,3.77,,
61395,P,2001-01-11,14692,6,40.36,7.46,,
61396,P,2001-11-12,38137,4,52.70,3.65,,
61397,P,2001-03-09,8953,7,37.25,1.48,,
61398,P,2000-10-13,16001,2,85.88,5.71,,
61399,P,2001-05-19,98007,6,91.10,1.84,,
61400,P,2001-12-20,22639,9,4.18,7.83,,
61401,P,2001-12-17,58410,1,42.64,6.50,,
61402,P,2001-01-19,87483,10,17.18,0.52,,
61403,P,2001-05-10,89613,5,19.84,8.20,,
61404,P,2000-04-26,10706,10,28.15,8.35,,
61405,P,2001-06-26,5389,4,66.85,0.36,,
61406,P,2000-05-24,41025,1,88.09,4.04,,
61407,P,2000-04-11,20238,10,38.78,6.39,,
61408,P,2001-10-14,60792,7,44.54,0.77,,
61409,P,2001-01-06,36859,9,72.42,1.65,,
61410,P,2000-06-10,92957,6,46.87,9.86,,
61411,P,2001-10-24,64659,6,69.55,6.66,,
61412,P,2002-01-23,79503,9,92.14,5.70,,
61413,P,2000-08-10,96295,7,92.74,9.74,,
61414,P,2001-08-31,82716,9,40.67,8.81,,
61415,P,2001-07-05,84565,7,17.84,1.76,,
61416,P,2002-02-07,71237,3,57.96,0.76,,
61417,P,2000-07-25,81298,7,60.53,0.73,,
61418,P,2001-05-05,12847,1,1.57,7.99,,
61419,P,2001-12-27,28901,8,66.56,6.41,,
61420,P,2001-09-10,69337,3,78.24,4.92,,
61421,P,2000-11-07,41216,8,57.24,6.79,,
61422,P,2001-12-17,16287,1,71.76,2.82,,
61423,P,2002-02-23,97975,4,57.30,6.66,,
61424,P,2000-01-06,17066,2,60.65,8.56,,
61425,P,2001-12-31,25341,4,10.00,9.84,,
61426,P,2001-09-28,43457,7,91.39,2.46,,
61427,P,2001-11-14,12421,2,55.92,7.49,,
61428,P,2002-08-05,65175,7,82.12,9.36,,
61429,P,2000-04-30,11586,4,96.11,6.51,,
61430,P,2000-10-29,11611,8,96.72,4.13,,
61431,P,2000-02-09,76715,6,30.15,5.83,,
61432,P,2000-08-25,88264,1,75.46,6.47,,
61433,P,2002-06-09,36361,8,99.41,9.19,,
61434,P,2002-01-06,49254,1,81.96,2.32,,
61435,P,2002-02-14,43884,6,64.11,5.11,,
61436,P,2002-01-27,20893,5,71.12,8.43,,
61437,P,2000-10-31,29009,1,16.47,3.38,,
61438,P,2002-08-17,47192,3,74.65,4.53,,
61439,P,2002-02-04,20398,3,27.95,1.12,,
61440,P,2001-10-01,91706,10,16.39,1.07,,
61441,P,2001-05-04,60522,6,2.77,3.91,,
61442,P,2002-05-11,11632,7,52.28,8.43,,
61443,P,2000-10-31,56718,2,38.53,3.38,,
61444,P,2000-06-20,53862,4,36.30,0.41,,
61445,P,2002-04-19,83394,8,70.62,4.27,,
61446,P,2000-12-31,95811,2,47.45,0.56,,
61447,P,2000-11-24,87754,9,45.71,5.54,,
61448,P,2000-11-07,7827,6,7.95,8.23,,
61449,P,2001-08-07,23226,10,55.05,9.59,,
61450,P,2001-11-23,5537,2,18.18,8.57,,
61451,P,2000-06-22,61333,1,92.62,2.73,,
61452,P,2001-12-30,14621,10,29.26,4.43,,
61453,P,2001-05-19,43061,9,2.31,8.31,,
61454,P,2002-09-10,30072,4,90.21,6.08,,
61455,P,2001-08-11,69544,2,95.53,6.26,,
61456,P,2000-04-10,73828,6,20.69,8.34,,
61457,P,2001-07-26,72476,2,94.83,3.84,,
61458,P,2000-05-27,33747,4,0.64,8.31,,
61459,P,2002-08-25,69246,2,30.26,4.61,,
61460,P,2000-12-24,24272,6,31.23,1.44,,
61461,P,2002-03-17,13538,7,73.49,3.21,,
61462,P,2000-10-09,72676,10,68.15,7.83,,
61463,P,2000-01-25,77074,3,97.99,0.62,,
61464,P,2002-04-29,7803,3,58.56,6.07,,
61465,P,2001-08-30,82655,9,25.25,4.93,,
61466,P,2002-04-04,77809,2,8.10,3.90,,
61467,P,2001-10-31,38776,5,98.44,1.44,,
61468,P,2000-08-22,65687,3,7.43,1.69,,
61469,P,2000-07-21,12217,5,50.16,3.31,,
61470,P,2000-01-07,81728,6,61.15,5.91,,
61471,P,2001-07-26,26601,2,44.35,6.01,,
61472,P,2001-10-30,79335,5,67.20,2.88,,
61473,P,2002-09-06,36274,4,13.70,3.79,,
61474,P,2000-07-28,43782,8,60.46,8.35,,
61475,P,2002-07-26,42735,10,33.03,8.55,,
61476,P,2002-05-15,77073,10,10.38,5.15,,
61477,P,2002-02-13,76572,3,60.01,9.25,,
61478,P,2000-11-27,47389,10,79.99,7.88,,
61479,P,2001-05-27,28670,3,76.16,5.00,,
61480,P,2002-08-08,79538,2,59.18,7.82,,
61481,P,2001-04-17,93149,8,6.96,6.42,,
61482,P,2001-08-23,18577,2,31.91,9.63,,
61483,P,2001-07-01,42430,5,84.97,6.71,,
61484,P,2001-08-03,86263,6,85.01,1.15,,
61485,P,2000-01-02,90522,1,48.56,4.01,,
61486,P,2001-07-06,87883,9,63.35,0.95,,
61487,P,2001-03-03,42136,8,32.64,2.96,,
61488,P,2002-09-01,64786,5,45.79,5.76,,
61489,P,2001-02-17,80762,2,29.59,2.07,,
61490,P,2000-04-24,97099,5,42.06,2.25,,
61491,P,2001-04-12,89111,3,30.17,4.33,,
61492,P,2000-08-19,45465,9,25.43,0.44,,
61493,P,2001-02-16,77430,2,31.15,5.26,,
61494,P,2000-12-06,98686,6,22.30,4.02,,
61495,P,2000-09-05,9901,7,2.73,2.30,,
61496,P,2002-08-19,98272,7,36.78,9.65,,
61497,P,2000-03-06,83977,1,59.41,3.65,,
61498,P,2000-07-05,5123,7,82.88,2.09,,
61499,P,2001-11-29,86209,9,56.38,9.76,,
61500,P,2002-04-19,18755,1,86.68,3.96,,
61501,P,2001-05-04,9037,10,2.18,2.75,,
61502,P,2000-10-24,45216,7,20.82,8.69,,
61503,P,2001-04-12,86739,9,34.40,5.51,,
61504,P,2001-05-01,66585,10,52.10,2.42,,
61505,P,2002-03-26,5245,1,54.39,6.72,,
61506,P,2000-04-27,38786,6,79.70,6.52,,
61507,P,2001-11-01,16560,7,6.91,4.83,,
61508,P,2000-07-28,10604,1,19.04,2.09,,
61509,P,2002-07-23,9393,6,90.61,5.52,,
61510,P,2001-03-23,21831,5,63.59,9.62,,
61511,P,2000-06-21,12521,5,94.36,2.10,,
61512,P,2000-12-18,70742,10,56.21,7.73,,
61513,P,2002-07-10,23758,4,18.96,4.34,,
61514,P,2001-04-15,91353,1,71.46,4.48,,
61515,P,2000-01-07,22371,3,7.41,2.02,,
61516,P,2001-12-16,92752,6,2.61,1.04,,
61517,P,2002-02-11,94365,2,6.50,6.50,,
61518,P,2000-08-05,87006,10,89.58,4.35,,
61519,P,2001-11-29,11490,1,58.03,4.46,,
61520,P,2000-11-26,75441,2,40.37,1.80,,
61521,P,2001-02-21,65212,10,54.29,2.87,,
61522,P,2002-09-07,99426,5,80.10,6.67,,
61523,P,2000-09-03,78649,9,0.96,8.29,,
61524,P,2002-01-14,19534,3,64.53,2.44,,
61525,P,2002-07-01,51673,8,30.34,3.93,,
61526,P,2000-11-04,16335,2,90.51,2.66,,
61527,P,2000-01-21,84532,3,90.07,4.90,,
61528,P,2000-05-08,44590,6,30.25,3.50,,
61529,P,2002-06-05,17478,8,39.04,3.78,,
61530,P,2002-02-21,36561,5,59.46,8.54,,
61531,P,2001-01-19,4503,10,61.46,3.06,,
61532,P,2002-04-26,53185,3,43.83,3.03,,
61533,P,2001-07-20,58597,7,69.38,1.76,,
61534,P,2000-12-25,73227,1,40.30,4.89,,
61535,P,2000-12-15,12304,5,67.33,4.84,,
61536,P,2000-10-01,87494,9,27.02,2.25,,
61537,P,2001-05-10,41719,5,37.50,5.50,,
61538,P,2001-02-21,2408,6,63.69,4.47,,
61539,P,2000-09-28,82542,9,86.47,1.01,,
61540,P,2002-05-22,31606,6,32.90,6.33,,
61541,P,2001-03-27,92370,5,91.03,1.80,,
61542,P,2002-07-22,97854,3,68.05,6.21,,
61543,P,2000-08-14,8837,7,0.40,6.26,,
61544,P,2000-10-24,99866,9,2.77,5.46,,
61545,P,2000-12-17,97374,3,76.98,7.46,,
61546,P,2000-04-02,67607,1,56.70,8.51,,
61547,P,2000-04-30,8024,9,65.32,1.52,,
61548,P,2001-09-16,54430,9,13.38,4.12,,
61549,P,2001-07-30,77966,1,26.52,5.56,,
61550,P,2001-09-20,27430,9,88.68,3.78,,
61551,P,2001-07-10,25459,6,50.84,3.19,,
61552,P,2002-04-01,98779,7,55.03,7.81,,
61553,P,2001-04-26,72829,1,95.19,0.27,,
61554,P,2001-04-09,84724,7,99.08,3.73,,
61555,P,2002-01-20,55104,10,60.10,3.38,,
61556,P,2001-05-08,33023,3,95.31,1.30,,
61557,P,2002-04-05,92588,9,63.93,5.13,,
61558,P,2001-10-09,54058,4,59.88,7.50,,
61559,P,2000-04-02,53271,3,16.88,8.32,,
61560,P,2001-07-18,6021,8,71.85,3.06,,
61561,P,2000-07-26,89110,9,67.08,3.89,,
61562,P,2002-07-25,39741,2,4.08,3.12,,
61563,P,2000-01-17,13083,3,64.09,2.76,,
61564,P,2002-01-18,23202,9,73.35,5.04,,
61565,P,2002-07-25,704,6,50.26,2.26,,
61566,P,2000-01-13,51686,9,14.71,1.87,,
61567,P,2000-04-25,75465,3,48.93,2.33,,
61568,P,2002-07-04,5304,3,20.98,3.93,,
61569,P,2002-02-18,30475,3,91.68,4.64,,
61570,P,2001-08-12,64581,3,0.55,8.22,,
61571,P,2002-05-02,12043,8,77.83,4.25,,
61572,P,2001-08-16,57460,4,52.86,0.40,,
61573,P,2002-09-22,2677,7,39.29,5.73,,
61574,P,2002-08-31,27337,3,67.56,8.68,,
61575,P,2002-01-06,11692,5,94.25,2.09,,
61576,P,2002-06-25,75275,7,71.60,9.88,,
61577,P,2001-02-12,70937,9,10.75,6.19,,
61578,P,2001-05-29,7206,5,62.78,8.59,,
61579,P,2001-08-25,88943,9,57.11,6.14,,
61580,P,2001-11-27,59541,2,87.36,5.54,,
61581,P,2000-10-24,32203,6,25.09,8.52,,
61582,P,2001-09-25,48332,3,12.15,2.98,,
61583,P,2000-08-04,75297,9,62.69,9.06,,
61584,P,2002-09-24,10649,4,99.81,8.26,,
61585,P,2002-01-31,43655,8,33.66,1.15,,
61586,P,2002-03-07,58333,1,6.43,5.72,,
61587,P,2001-02-24,70653,2,55.37,6.08,,
61588,P,2000-09-26,34340,1,41.36,7.89,,
61589,P,2000-02-02,8242,4,6.38,8.30,,
61590,P,2000-12-02,16235,7,66.89,3.31,,
61591,P,2001-05-30,69450,4,56.51,1.97,,
61592,P,2001-12-18,36278,6,22.46,4.07,,
61593,P,2002-02-08,98807,3,44.30,6.63,,
61594,P,2001-02-19,81821,1,99.00,8.51,,
61595,P,2000-09-05,46549,2,92.71,6.60,,
61596,P,2001-10-16,66537,8,17.36,1.79,,
61597,P,2000-03-02,76437,5,32.87,5.23,,
61598,P,2001-09-24,64455,5,23.33,5.09,,
61599,P,2000-08-11,72432,2,92.14,3.89,,
61600,P,2002-02-06,46961,9,10.96,0.63,,
61601,P,2001-03-26,87124,7,32.08,7.26,,
61602,P,2002-07-02,34186,1,25.66,6.38,,
61603,P,2002-05-30,23113,10,88.45,2.23,,
61604,P,2000-11-09,96079,5,28.46,5.30,,
61605,P,2001-05-18,94655,1,69.00,1.99,,
61606,P,2001-05-09,8399,1,13.88,5.81,,
61607,P,2002-05-18,34891,4,55.46,5.35,,
61608,P,2000-12-08,85411,6,93.59,5.58,,
61609,P,2001-06-09,1858,6,47.67,6.11,,
61610,P,2001-01-26,68707,4,12.82,8.34,,
61611,P,2002-07-20,44316,8,7.00,0.02,,
61612,P,2000-08-16,78608,4,70.42,4.28,,
61613,P,2001-02-01,17538,3,0.79,6.21,,
61614,P,2002-02-08,988,6,34.24,7.37,,
61615,P,2001-04-20,74019,9,65.77,9.80,,
61616,P,2002-06-13,66192,5,45.41,9.15,,
61617,P,2000-05-04,23216,2,40.30,5.81,,
61618,P,2000-05-03,31813,10,79.31,4.11,,
61619,P,2001-02-17,30909,8,9.23,9.23,,
61620,P,2000-11-06,60101,7,67.06,6.45,,
61621,P,2001-03-06,76182,9,72.18,6.25,,
61622,P,2002-09-25,87516,10,69.18,7.02,,
61623,P,2000-04-12,62693,2,72.46,3.91,,
61624,P,2001-08-01,74089,7,79.96,7.31,,
61625,P,2001-03-22,37375,4,69.01,3.73,,
61626,P,2001-10-03,24291,7,78.35,4.22,,
61627,P,2001-05-21,24709,3,34.89,7.18,,
61628,P,2000-09-04,15988,2,89.27,4.99,,
61629,P,2000-12-09,77408,2,44.34,4.07,,
61630,P,2001-11-01,26221,9,82.57,2.71,,
61631,P,2000-01-03,9773,10,64.02,1.53,,
61632,P,2001-12-19,88702,10,38.42,1.04,,
61633,P,2002-09-12,33229,10,72.49,1.13,,
61634,P,2001-07-08,38192,5,64.75,1.45,,
61635,P,2000-02-16,85835,3,2.18,8.24,,
61636,P,2000-01-25,37219,8,12.89,1.93,,
61637,P,2001-06-22,62057,8,20.90,0.88,,
61638,P,2002-01-18,2527,4,4.99,5.33,,
61639,P,2001-07-14,80483,6,28.81,7.42,,
61640,P,2001-10-29,98595,1,56.89,1.25,,
61641,P,2001-08-28,8520,4,39.20,4.67,,
61642,P,2000-09-27,72263,3,72.96,0.63,,
61643,P,2000-02-22,64331,8,42.07,3.92,,
61644,P,2002-03-02,28596,7,45.16,6.43,,
61645,P,2001-02-12,79289,4,85.84,3.38,,
61646,P,2002-05-08,7073,6,19.62,4.04,,
61647,P,2002-02-24,43926,7,80.08,0.73,,
61648,P,2000-09-14,30001,4,64.56,5.59,,
61649,P,2000-07-31,40103,7,81.19,4.63,,
61650,P,2001-02-16,52529,8,86.16,9.37,,
61651,P,2001-09-26,15932,7,39.61,2.11,,
61652,P,2000-03-14,37316,4,48.61,1.75,,
61653,P,2000-03-23,86217,3,36.25,8.17,,
61654,P,2001-04-25,21527,9,8.75,3.01,,
61655,P,2001-03-08,80915,1,89.68,7.49,,
61656,P,2001-02-21,56369,3,78.71,9.78,,
61657,P,2000-09-14,83514,2,94.43,5.43,,
61658,P,2001-11-23,74346,9,31.06,6.90,,
61659,P,2002-03-19,34271,2,30.07,6.05,,
61660,P,2001-02-04,97423,2,62.16,6.90,,
61661,P,2001-01-30,52056,5,31.67,7.28,,
61662,P,2000-05-30,11547,8,7.98,8.60,,
61663,P,2001-06-01,5054,7,16.52,7.60,,
61664,P,2001-08-25,70941,6,1.36,7.27,,
61665,P,2001-01-25,82625,8,10.89,6.73,,
61666,P,2001-06-21,34359,1,58.75,2.81,,
61667,P,2000-08-17,56203,3,55.68,7.69,,
61668,P,2000-05-28,74145,3,93.95,2.87,,
61669,P,2002-05-08,59581,3,47.05,3.26,,
61670,P,2000-12-28,62330,10,53.56,1.27,,
61671,P,2001-08-27,77440,9,86.15,9.71,,
61672,P,2000-10-01,81480,6,26.20,0.61,,
61673,P,2000-05-23,73133,9,49.70,6.57,,
61674,P,2001-12-28,52206,4,46.35,6.34,,
61675,P,2001-03-28,54868,3,67.68,7.97,,
61676,P,2001-02-27,45229,8,80.41,0.70,,
61677,P,2001-11-23,17416,2,7.49,1.40,,
61678,P,2000-10-09,92213,8,45.19,3.09,,
61679,P,2001-02-16,38714,9,61.30,3.85,,
61680,P,2000-08-03,801,4,84.98,9.80,,
61681,P,2002-08-21,34476,9,45.59,6.86,,
61682,P,2001-08-11,57773,7,64.15,1.55,,
61683,P,2002-05-21,6361,3,56.57,1.53,,
61684,P,2000-08-02,71159,8,73.77,0.56,,
61685,P,2002-04-30,9693,1,73.42,7.44,,
61686,P,2001-02-12,25482,2,82.07,2.46,,
61687,P,2002-08-31,72286,10,93.60,8.79,,
61688,P,2001-06-05,82510,4,81.64,7.07,,
61689,P,2002-08-15,98962,3,42.60,6.89,,
61690,P,2001-10-10,32011,4,21.11,6.99,,
61691,P,2000-09-16,49599,2,59.21,3.51,,
61692,P,2001-12-26,94028,7,24.82,1.74,,
61693,P,2001-01-30,22598,6,70.13,8.12,,
61694,P,2000-09-28,35213,4,24.83,2.65,,
61695,P,2000-02-05,26737,9,2.53,7.72,,
61696,P,2001-06-19,77889,10,63.99,6.90,,
61697,P,2002-08-24,26378,5,74.75,5.08,,
61698,P,2000-09-21,340,5,43.17,6.87,,
61699,P,2001-03-02,55507,2,59.09,9.65,,
61700,P,2000-03-23,44776,1,27.02,5.68,,
61701,P,2001-07-15,45901,1,84.83,1.99,,
61702,P,2000-07-15,62826,7,68.54,4.66,,
61703,P,2001-12-03,32804,3,10.82,0.10,,
61704,P,2001-06-07,58002,3,21.67,7.38,,
61705,P,2001-04-17,60266,10,31.13,7.82,,
61706,P,2002-04-19,27830,1,82.62,4.08,,
61707,P,2002-06-01,70785,9,90.81,2.87,,
61708,P,2002-03-17,58266,10,66.79,8.83,,
61709,P,2001-06-20,2173,8,23.95,8.80,,
61710,P,2001-11-26,14439,10,25.94,9.93,,
61711,P,2000-07-10,52648,9,39.75,0.20,,
61712,P,2001-04-18,58826,7,10.50,9.17,,
61713,P,2001-07-23,46987,4,7.49,0.93,,
61714,P,2001-05-18,18890,2,32.90,9.85,,
61715,P,2000-03-10,9648,9,42.27,7.95,,
61716,P,2000-01-09,71734,7,27.95,4.45,,
61717,P,2001-12-19,2197,5,45.53,0.28,,
61718,P,2001-06-14,49525,3,27.95,0.80,,
61719,P,2000-07-03,4565,1,80.63,7.27,,
61720,P,2002-02-02,12437,6,34.56,9.12,,
61721,P,2001-03-01,69504,2,92.94,1.49,,
61722,P,2001-04-09,87591,1,31.34,4.62,,
61723,P,2001-08-22,95233,3,75.88,6.71,,
61724,P,2000-04-21,6368,1,37.50,6.33,,
61725,P,2000-04-14,75412,7,16.06,4.97,,
61726,P,2000-04-03,17543,10,17.31,3.49,,
61727,P,2002-01-29,45403,8,52.29,2.32,,
61728,P,2002-01-24,28408,7,43.76,9.04,,
61729,P,2001-02-18,29939,1,25.23,2.14,,
61730,P,2000-12-13,1320,1,44.78,7.12,,
61731,P,2001-07-26,21795,7,45.18,2.93,,
61732,P,2000-04-16,84406,3,95.19,8.47,,
61733,P,2000-09-30,9990,2,38.95,3.69,,
61734,P,2000-01-27,22389,6,91.97,9.36,,
61735,P,2000-10-14,86631,6,26.40,6.02,,
61736,P,2001-08-04,98493,5,43.79,0.41,,
61737,P,2002-07-28,19278,6,82.84,5.06,,
61738,P,2001-08-18,35636,6,6.23,3.95,,
61739,P,2002-06-19,2783,10,33.64,9.50,,
61740,P,2002-07-17,37887,4,92.39,0.33,,
61741,P,2002-01-31,28504,4,52.63,7.11,,
61742,P,2001-10-05,79010,1,24.20,7.48,,
61743,P,2000-03-30,91297,8,92.09,2.94,,
61744,P,2001-10-07,7085,2,0.03,1.18,,
61745,P,2001-11-02,74605,6,87.82,8.01,,
61746,P,2002-05-27,7240,5,98.91,6.35,,
61747,P,2001-12-01,1624,9,9.03,2.09,,
61748,P,2000-06-21,37020,10,37.04,5.61,,
61749,P,2001-08-17,28666,9,76.32,7.40,,
61750,P,2001-12-07,19301,5,17.43,5.67,,
61751,P,2001-05-28,78126,8,82.10,0.08,,
61752,P,2000-10-22,62167,6,95.13,7.48,,
61753,P,2001-09-29,95601,9,66.24,6.57,,
61754,P,2001-05-18,91174,6,5.89,9.73,,
61755,P,2002-04-04,92240,7,2.40,6.11,,
61756,P,2002-07-13,97085,6,34.90,0.89,,
61757,P,2002-02-03,92181,10,2.86,5.94,,
61758,P,2001-04-15,5778,9,14.20,0.07,,
61759,P,2000-02-12,96281,3,46.12,2.26,,
61760,P,2001-06-20,28961,10,61.91,3.16,,
61761,P,2001-04-09,49670,7,23.07,1.39,,
61762,P,2001-10-30,8358,10,4.32,6.24,,
61763,P,2000-03-18,33156,2,66.73,1.32,,
61764,P,2000-01-03,99413,1,68.77,8.67,,
61765,P,2000-07-14,43193,3,98.02,3.74,,
61766,P,2001-12-06,7053,2,97.94,3.69,,
61767,P,2001-05-28,17376,4,99.49,4.45,,
61768,P,2000-01-30,81056,5,24.24,5.69,,
61769,P,2000-07-17,95084,3,53.39,5.53,,
61770,P,2001-08-16,62898,5,4.27,3.14,,
61771,P,2001-01-31,17496,3,61.83,5.63,,
61772,P,2002-05-10,99101,9,48.82,1.06,,
61773,P,2001-10-25,78278,1,70.00,2.22,,
61774,P,2002-08-31,55175,9,98.94,7.92,,
61775,P,2000-05-26,71936,4,56.93,1.55,,
