539949,P,2001-09-25,37746,1,19.48,1.45,,
539950,P,2002-08-29,58329,4,6.11,8.49,,
539951,P,2001-10-12,4771,2,43.85,9.94,,
539952,P,2001-09-13,98234,5,9.87,1.59,,
539953,P,2000-07-06,74281,2,96.19,7.84,,
539954,P,2001-08-21,59299,5,8.74,0.71,,
539955,P,2001-11-19,35902,3,45.77,0.21,,
539956,P,2002-06-23,62452,10,70.27,4.33,,
539957,P,2000-04-24,38301,4,48.69,8.35,,
539958,P,2000-06-15,13640,1,38.61,2.18,,
539959,P,2001-12-13,80127,10,66.60,2.60,,
539960,P,2000-07-26,92341,7,20.76,4.16,,
539961,P,2001-06-21,66225,9,79.94,3.19,,
539962,P,2001-12-29,99730,9,8.86,5.90,,
539963,P,2001-05-02,73089,1,61.70,1.53,,
539964,P,2002-01-23,42805,9,35.07,1.91,,
539965,P,2000-07-13,80486,7,1.36,1.39,,
539966,P,2002-07-02,4244,8,53.64,1.52,,
539967,P,2000-08-05,66368,7,22.38,5.95,,
539968,P,2000-12-02,47069,4,0.32,4.93,,
539969,P,2002-09-03,40913,6,8.61,9.83,,
539970,P,2001-11-02,41177,8,50.71,3.04,,
539971,P,2001-08-05,36413,6,73.39,8.59,,
539972,P,2002-04-17,97722,3,52.50,5.79,,
539973,P,2001-07-04,71064,7,35.72,3.37,,
539974,P,2000-12-05,17891,8,31.17,5.42,,
539975,P,2000-04-03,88525,2,86.99,1.65,,
539976,P,2002-04-25,42973,4,77.32,5.73,,
539977,P,2001-02-12,10184,6,8.04,2.65,,
539978,P,2000-09-09,31707,5,9.14,3.80,,
539979,P,2002-01-07,96575,3,55.17,3.72,,
539980,P,2001-06-01,61503,10,32.56,0.28,,
539981,P,2001-08-16,73360,10,80.34,6.95,,
539982,P,2001-06-15,33399,1,90.06,2.23,,
539983,P,2001-10-06,20023,4,89.81,4.80,,
539984,P,2002-05-14,59239,9,87.39,3.34,,
539985,P,2001-04-04,90157,10,62.22,5.43,,
539986,P,2001-12-27,51361,4,21.58,7.05,,
539987,P,2000-12-04,56561,2,63.38,1.92,,
539988,P,2000-10-01,7638,1,87.25,8.06,,
539989,P,2001-10-03,15767,8,69.25,0.22,,
539990,P,2002-05-08,98797,6,68.13,6.13,,
539991,P,2001-09-24,7557,5,43.08,2.08,,
539992,P,2002-04-07,40031,9,28.04,2.64,,
539993,P,2001-08-24,60555,10,42.90,4.43,,
539994,P,2000-06-11,96240,10,17.21,7.24,,
539995,P,2000-10-09,42482,6,95.57,8.30,,
539996,P,2001-10-04,17400,9,39.59,9.14,,
539997,P,2001-01-14,5714,7,51.00,2.09,,
539998,P,2001-09-23,13771,6,48.06,3.29,,
539999,P,2000-05-26,32040,4,74.70,0.86,,
540000,P,2002-06-06,9614,6,1.45,3.86,,
540001,P,2002-09-14,23464,3,57.41,9.58,,
540002,P,2000-08-29,67893,2,8.25,1.22,,
540003,P,2001-11-19,57837,1,45.65,4.38,,
540004,P,2000-07-24,90619,7,56.90,9.49,,
540005,P,2000-09-13,79892,5,19.39,1.01,,
540006,P,2002-06-15,32501,10,71.88,8.03,,
540007,P,2000-11-29,94353,8,84.32,6.88,,
540008,P,2001-08-16,37695,2,99.35,3.93,,
540009,P,2000-06-07,7218,1,52.19,7.58,,
540010,P,2000-05-26,7471,7,60.48,2.71,,
540011,P,2002-09-18,44925,2,77.82,5.28,,
540012,P,2001-12-28,11407,9,15.62,6.30,,
540013,P,2002-05-19,51351,8,21.73,3.36,,
540014,P,2000-12-31,81027,7,90.29,1.12,,
540015,P,2002-09-27,72162,2,48.01,6.79,,
540016,P,2000-08-06,44626,7,50.58,8.72,,
540017,P,2000-08-05,24828,3,22.34,1.27,,
540018,P,2000-12-02,81104,2,81.54,9.70,,
540019,P,2001-09-18,58499,3,10.93,3.78,,
540020,P,2000-02-20,81191,6,88.62,1.29,,
540021,P,2002-01-12,34814,5,76.82,4.35,,
540022,P,2000-06-21,953,8,8.19,6.71,,
540023,P,2000-10-30,29284,4,54.22,4.08,,
540024,P,2002-06-22,10293,4,9.22,7.48,,
540025,P,2001-03-15,84523,5,34.34,2.43,,
540026,P,2001-01-19,8436,9,53.71,4.85,,
540027,P,2001-02-24,56409,1,96.46,5.86,,
540028,P,2002-05-26,34042,10,63.40,3.15,,
540029,P,2001-12-21,80683,10,77.47,2.94,,
540030,P,2000-06-20,78329,8,91.98,8.26,,
540031,P,2000-08-04,73525,4,12.78,6.99,,
540032,P,2000-04-01,2744,8,48.49,8.10,,
540033,P,2002-02-14,76404,9,23.67,2.63,,
540034,P,2002-08-13,69091,10,84.71,4.46,,
540035,P,2001-05-14,70891,2,79.34,2.73,,
540036,P,2000-11-19,49396,4,85.29,7.27,,
540037,P,2002-04-02,98440,7,60.74,3.24,,
540038,P,2001-03-10,98976,7,39.58,4.79,,
540039,P,2001-01-19,88089,6,18.04,5.63,,
540040,P,2001-09-28,58785,7,4.36,7.81,,
540041,P,2001-04-12,719,5,37.53,7.78,,
540042,P,2001-08-30,67186,1,19.11,2.56,,
540043,P,2001-03-23,92413,7,80.89,2.35,,
540044,P,2000-03-22,82234,10,97.45,3.12,,
540045,P,2001-03-04,41963,6,21.12,5.56,,
540046,P,2002-02-21,20162,6,18.30,2.10,,
540047,P,2000-05-28,92600,1,99.34,1.39,,
540048,P,2001-01-13,97838,6,11.61,2.87,,
540049,P,2000-02-14,67055,5,16.95,8.13,,
540050,P,2002-03-29,4214,9,73.68,2.41,,
540051,P,2000-05-07,63829,8,61.90,3.65,,
540052,P,2000-10-19,10561,1,28.69,0.69,,
540053,P,2000-07-25,89673,1,52.28,3.29,,
540054,P,2000-08-23,41370,2,23.56,2.49,,
540055,P,2000-06-26,67317,3,30.41,6.32,,
540056,P,2001-04-06,38739,1,95.72,0.03,,
540057,P,2001-07-19,59234,3,53.18,5.23,,
540058,P,2000-07-08,21184,1,73.58,3.37,,
540059,P,2000-05-21,65257,3,75.72,8.55,,
540060,P,2002-01-27,10622,6,56.43,2.97,,
540061,P,2000-12-01,25133,3,18.86,1.49,,
540062,P,2000-09-22,83001,8,29.12,0.47,,
540063,P,2001-01-11,61905,6,80.52,8.08,,
540064,P,2000-03-22,14904,4,87.05,9.43,,
540065,P,2000-08-01,5663,5,48.37,4.87,,
540066,P,2002-04-13,14450,5,27.07,0.25,,
540067,P,2000-01-26,61245,8,83.16,4.81,,
540068,P,2000-01-25,26559,2,54.13,1.06,,
540069,P,2002-08-20,87148,7,89.25,4.99,,
540070,P,2001-04-20,49452,5,90.94,8.43,,
540071,P,2002-03-26,31114,3,69.38,0.65,,
540072,P,2002-02-10,11157,2,38.55,4.26,,
540073,P,2000-10-27,56199,4,2.73,6.39,,
540074,P,2000-11-10,48020,2,29.85,7.99,,
540075,P,2001-02-09,91878,9,77.95,3.82,,
540076,P,2001-07-04,17895,10,69.90,2.42,,
540077,P,2002-03-19,6098,6,39.44,1.24,,
540078,P,2002-09-20,70971,8,37.84,6.65,,
540079,P,2001-03-14,9832,2,51.06,2.85,,
540080,P,2001-05-21,39829,8,61.20,1.54,,
540081,P,2000-07-09,1993,6,33.99,3.00,,
540082,P,2001-02-08,85855,6,22.59,6.43,,
540083,P,2002-01-18,20040,2,31.09,6.85,,
540084,P,2000-03-02,14039,4,92.57,5.72,,
540085,P,2000-08-19,55322,1,97.27,8.63,,
540086,P,2000-12-20,25659,9,82.41,3.67,,
540087,P,2000-01-02,47407,1,10.35,3.96,,
540088,P,2002-09-06,40723,7,43.22,3.44,,
540089,P,2001-05-21,56904,5,28.89,6.98,,
540090,P,2001-01-02,45122,4,42.21,2.76,,
540091,P,2001-04-09,44453,4,68.02,0.46,,
540092,P,2001-07-27,23898,7,41.78,5.21,,
540093,P,2002-02-14,56211,9,36.81,3.58,,
540094,P,2000-12-20,45728,4,72.93,4.08,,
540095,P,2000-02-06,6068,5,53.17,0.58,,
540096,P,2001-06-07,10987,7,9.12,0.55,,
540097,P,2002-08-12,24859,6,6.47,5.27,,
540098,P,2000-01-03,62563,3,95.92,3.23,,
540099,P,2002-07-14,63385,8,77.81,0.45,,
540100,P,2001-03-30,58898,5,16.48,8.22,,
540101,P,2000-11-16,27642,2,53.88,2.48,,
540102,P,2001-02-16,60091,9,31.43,9.13,,
540103,P,2000-03-29,3992,6,84.75,5.19,,
540104,P,2000-02-23,36574,2,54.66,4.95,,
540105,P,2000-09-21,41274,10,47.26,4.96,,
540106,P,2002-02-07,5930,1,63.27,1.28,,
540107,P,2001-10-27,36856,3,26.83,1.67,,
540108,P,2000-11-09,9785,10,45.37,0.97,,
540109,P,2002-02-14,30273,9,9.26,6.13,,
540110,P,2001-06-02,268,1,63.32,0.69,,
540111,P,2002-07-10,71781,2,28.75,3.81,,
540112,P,2000-11-09,39266,3,4.46,9.08,,
540113,P,2002-03-16,24308,8,93.33,8.57,,
540114,P,2002-05-04,15494,8,53.19,5.07,,
540115,P,2001-11-24,7699,9,7.35,9.01,,
540116,P,2001-06-02,44282,5,92.01,6.37,,
540117,P,2000-09-23,31836,6,74.74,7.09,,
540118,P,2000-03-18,98973,9,53.42,5.47,,
540119,P,2000-03-31,39569,10,2.29,1.19,,
540120,P,2000-11-25,10294,3,6.11,5.90,,
540121,P,2000-05-12,95192,2,35.73,8.32,,
540122,P,2002-02-03,43346,9,58.52,4.91,,
540123,P,2001-06-07,25319,10,42.32,6.84,,
540124,P,2002-08-23,43788,7,17.32,4.52,,
540125,P,2002-04-30,25985,2,56.97,1.81,,
540126,P,2000-02-01,54393,4,88.76,5.12,,
540127,P,2000-05-26,19702,6,55.77,0.48,,
540128,P,2000-01-20,12599,1,40.27,9.87,,
540129,P,2001-09-17,22300,6,54.77,2.61,,
540130,P,2002-01-20,22811,10,46.74,8.25,,
540131,P,2002-09-08,70641,6,10.85,5.45,,
540132,P,2000-01-17,18123,4,59.62,3.28,,
540133,P,2002-04-07,16058,3,20.46,4.20,,
540134,P,2000-11-02,66851,10,62.58,9.64,,
540135,P,2000-08-12,83543,9,67.64,3.72,,
540136,P,2001-03-07,67027,10,6.58,5.52,,
540137,P,2000-10-27,63948,6,91.99,9.08,,
540138,P,2001-04-13,98087,3,71.27,6.68,,
540139,P,2002-06-04,6566,7,88.25,7.74,,
540140,P,2000-04-27,68698,3,26.11,1.72,,
540141,P,2000-05-05,89172,3,54.38,3.51,,
540142,P,2000-08-19,76399,2,96.69,8.15,,
540143,P,2000-04-20,38428,4,70.31,0.59,,
540144,P,2000-06-26,13878,5,46.75,5.60,,
540145,P,2001-04-27,24005,7,51.06,8.96,,
540146,P,2000-07-14,79807,4,92.92,2.81,,
540147,P,2001-12-02,2603,8,90.07,7.18,,
540148,P,2000-01-07,62181,3,0.77,9.19,,
540149,P,2000-01-18,97917,2,2.58,6.37,,
540150,P,2002-05-17,94750,5,29.44,4.17,,
540151,P,2001-09-19,45857,4,55.18,6.25,,
540152,P,2001-07-08,87753,8,3.38,0.23,,
540153,P,2001-09-24,25975,8,54.81,1.48,,
540154,P,2002-01-10,42776,1,87.98,2.43,,
540155,P,2001-05-13,19537,9,92.88,6.41,,
540156,P,2001-03-18,28405,5,3.27,5.00,,
540157,P,2001-11-08,90422,3,98.95,1.16,,
540158,P,2001-12-16,84097,8,81.99,5.93,,
540159,P,2001-10-13,97081,6,83.25,1.45,,
540160,P,2002-08-17,38226,5,64.32,5.55,,
540161,P,2000-09-24,56488,8,60.05,6.14,,
540162,P,2002-09-03,97075,8,25.40,4.32,,
540163,P,2001-05-15,68887,1,21.31,5.09,,
540164,P,2001-11-27,29871,4,39.57,8.21,,
540165,P,2000-01-07,91848,5,50.97,2.82,,
540166,P,2001-07-11,55167,10,6.95,9.20,,
540167,P,2000-09-02,26957,1,11.88,1.87,,
540168,P,2001-03-07,57438,9,97.81,7.45,,
540169,P,2002-01-28,63095,5,66.60,7.31,,
540170,P,2001-09-12,46516,9,12.14,2.71,,
540171,P,2001-01-02,11866,8,42.38,2.38,,
540172,P,2002-03-24,92575,4,70.51,0.49,,
540173,P,2001-08-07,13358,4,34.32,9.96,,
540174,P,2001-03-11,59958,9,76.30,6.14,,
540175,P,2002-08-20,22866,1,34.60,9.24,,
540176,P,2002-01-20,8613,1,79.28,7.08,,
540177,P,2000-05-30,48672,2,94.40,2.67,,
540178,P,2001-11-18,54434,1,86.79,7.26,,
540179,P,2002-05-25,91147,4,16.44,1.42,,
540180,P,2000-11-23,59593,9,43.05,2.39,,
540181,P,2001-11-14,89942,3,9.41,2.75,,
540182,P,2001-09-04,49172,3,22.08,3.74,,
540183,P,2002-03-27,92170,3,18.33,5.34,,
540184,P,2000-03-30,85845,3,60.02,9.42,,
540185,P,2000-10-19,81159,2,92.70,1.30,,
540186,P,2002-06-05,57366,2,84.63,8.75,,
540187,P,2000-05-24,69099,9,91.44,1.23,,
540188,P,2000-11-08,21124,2,49.76,0.91,,
540189,P,2000-12-10,16642,5,55.78,0.41,,
540190,P,2000-09-09,8679,6,26.72,9.35,,
540191,P,2000-11-07,48469,7,48.26,6.49,,
540192,P,2000-04-30,8907,6,1.26,2.84,,
540193,P,2001-09-17,57067,2,66.50,2.38,,
540194,P,2002-04-21,43399,10,63.23,1.73,,
540195,P,2000-01-20,99900,3,54.39,3.28,,
540196,P,2000-10-31,98103,10,99.84,5.36,,
540197,P,2000-10-21,50529,10,77.31,6.72,,
540198,P,2000-05-10,78055,8,31.64,4.66,,
540199,P,2001-01-16,88186,5,37.53,8.93,,
540200,P,2000-07-15,32939,4,28.99,9.63,,
540201,P,2002-04-19,13964,9,2.97,4.00,,
540202,P,2001-09-24,2931,7,92.69,6.27,,
540203,P,2002-09-25,48758,1,69.87,3.20,,
540204,P,2001-07-27,50828,9,3.15,7.49,,
540205,P,2001-02-27,5102,10,97.79,9.39,,
540206,P,2002-01-24,56666,1,25.43,6.31,,
540207,P,2002-03-16,56817,10,17.91,8.70,,
540208,P,2000-01-21,28349,9,51.36,8.86,,
540209,P,2000-04-13,70843,1,51.17,6.45,,
540210,P,2002-05-30,16481,8,13.17,3.37,,
540211,P,2000-03-29,85133,7,44.64,1.59,,
540212,P,2000-12-08,9624,4,47.15,4.59,,
540213,P,2002-08-27,18315,10,33.97,9.92,,
540214,P,2001-02-11,90235,8,67.48,0.82,,
540215,P,2002-01-10,43105,1,81.56,6.86,,
540216,P,2002-07-03,84821,9,35.72,4.17,,
540217,P,2001-09-03,86834,1,24.14,2.57,,
540218,P,2002-07-12,62625,9,39.82,1.59,,
540219,P,2000-04-11,20977,4,1.38,9.74,,
540220,P,2000-01-03,3587,1,87.78,6.48,,
540221,P,2001-11-04,7906,4,57.53,1.96,,
540222,P,2001-12-15,10072,8,94.83,2.17,,
540223,P,2000-02-29,9468,8,95.66,5.39,,
540224,P,2002-02-17,42610,10,40.16,6.46,,
540225,P,2002-02-05,18627,1,22.05,9.18,,
540226,P,2002-09-01,92336,8,21.92,8.98,,
540227,P,2001-01-06,90631,5,29.80,4.74,,
540228,P,2000-11-23,47753,3,8.02,8.07,,
540229,P,2000-10-29,24468,6,95.65,1.38,,
540230,P,2001-10-07,3332,3,75.26,0.24,,
540231,P,2000-10-19,31530,1,83.90,7.94,,
540232,P,2000-08-06,90828,4,19.30,4.88,,
540233,P,2002-08-09,39404,8,26.80,2.94,,
540234,P,2001-09-14,64163,2,49.07,4.71,,
540235,P,2002-03-09,46263,8,5.42,9.04,,
540236,P,2002-07-14,61832,3,92.19,1.79,,
540237,P,2002-09-27,21937,10,67.99,8.62,,
540238,P,2002-02-26,55707,4,55.84,2.83,,
540239,P,2001-12-14,53715,7,81.59,0.21,,
540240,P,2002-09-21,51554,9,44.62,9.12,,
540241,P,2001-04-24,23918,1,23.62,4.30,,
540242,P,2001-03-24,99843,8,44.11,1.24,,
540243,P,2000-08-03,20972,9,37.76,2.60,,
540244,P,2002-04-25,92417,1,24.54,8.13,,
540245,P,2000-09-09,95559,7,57.48,4.14,,
540246,P,2000-08-07,44332,10,17.03,7.11,,
540247,P,2002-01-21,39885,4,56.14,3.46,,
540248,P,2001-10-21,41963,9,41.35,6.58,,
540249,P,2002-09-17,23483,10,54.20,9.29,,
540250,P,2001-11-25,38017,5,84.84,4.49,,
540251,P,2000-08-06,11341,1,16.85,2.74,,
540252,P,2001-04-17,66006,7,97.19,8.03,,
540253,P,2000-02-08,25667,6,13.44,6.19,,
540254,P,2001-10-06,44116,10,78.45,7.46,,
540255,P,2000-02-24,43215,10,87.99,1.39,,
540256,P,2001-11-23,11763,10,11.10,6.52,,
540257,P,2000-01-28,57274,8,34.11,7.09,,
540258,P,2001-01-12,84719,3,79.76,7.40,,
540259,P,2001-12-02,29266,3,24.97,4.48,,
540260,P,2000-02-28,32029,3,80.77,4.51,,
540261,P,2001-01-10,93058,1,9.61,1.09,,
540262,P,2000-09-16,4726,3,33.32,4.88,,
540263,P,2002-01-25,29197,4,41.94,4.00,,
540264,P,2000-06-22,95388,2,31.29,3.28,,
540265,P,2001-06-13,40418,3,62.90,7.77,,
540266,P,2000-04-17,83737,5,62.88,5.98,,
540267,P,2001-02-05,34344,9,17.04,0.39,,
540268,P,2001-03-24,80695,10,81.56,0.66,,
540269,P,2000-04-12,11491,6,89.89,7.75,,
540270,P,2001-06-20,40574,3,90.90,4.40,,
540271,P,2001-04-02,64568,7,13.97,5.69,,
540272,P,2002-09-22,92030,1,0.01,2.53,,
540273,P,2000-06-26,79032,4,67.13,8.29,,
540274,P,2002-07-14,46381,9,78.10,0.95,,
540275,P,2001-05-19,68125,1,1.77,9.18,,
540276,P,2000-09-17,77366,4,91.89,6.39,,
540277,P,2000-03-21,16564,10,48.04,1.71,,
540278,P,2002-09-07,47937,2,60.69,5.39,,
540279,P,2002-06-01,89285,6,39.72,1.73,,
540280,P,2001-07-01,36376,6,36.38,9.25,,
540281,P,2001-01-11,72960,4,5.37,3.60,,
540282,P,2002-01-25,44970,10,90.54,5.26,,
540283,P,2001-06-26,56209,5,30.37,9.81,,
540284,P,2000-05-24,41363,9,34.19,7.84,,
540285,P,2002-08-03,18699,4,58.24,9.20,,
540286,P,2001-12-30,34248,4,67.37,3.39,,
540287,P,2002-03-14,13422,7,74.73,4.79,,
540288,P,2000-08-12,69929,6,60.08,9.48,,
540289,P,2001-05-18,9284,8,24.84,7.84,,
540290,P,2001-06-09,1276,10,8.19,8.46,,
540291,P,2001-12-31,29750,10,45.95,8.71,,
540292,P,2000-06-01,53496,3,98.82,1.37,,
540293,P,2000-09-05,85150,2,0.05,9.19,,
540294,P,2000-06-04,29249,10,21.07,6.88,,
540295,P,2001-08-18,61930,7,23.96,4.60,,
540296,P,2001-03-24,73981,6,57.03,7.90,,
540297,P,2000-12-12,9241,5,22.84,0.65,,
540298,P,2000-03-22,70076,7,94.13,2.84,,
540299,P,2002-02-03,1869,6,57.48,1.57,,
540300,P,2000-12-17,76877,7,74.93,0.16,,
540301,P,2000-03-06,18149,7,24.57,9.13,,
540302,P,2002-07-14,13851,8,16.59,7.48,,
540303,P,2000-12-27,33672,8,60.65,4.42,,
540304,P,2002-05-09,66722,2,40.77,1.73,,
540305,P,2001-05-14,87301,5,47.10,3.78,,
540306,P,2002-07-21,56325,8,28.08,2.36,,
540307,P,2001-11-11,67807,5,0.05,3.15,,
540308,P,2000-10-15,43366,6,26.52,4.66,,
540309,P,2001-06-18,5651,2,8.51,7.53,,
540310,P,2002-08-21,40441,8,61.50,2.60,,
540311,P,2000-06-29,15197,7,17.16,9.47,,
540312,P,2001-11-16,44896,3,20.05,9.49,,
540313,P,2001-09-13,45002,8,0.53,3.04,,
540314,P,2001-04-03,70984,6,40.84,6.45,,
540315,P,2000-11-14,30389,4,67.02,7.49,,
540316,P,2001-01-09,7529,7,61.88,8.57,,
540317,P,2000-06-10,75483,4,8.44,0.08,,
540318,P,2000-02-22,11825,6,90.43,2.64,,
540319,P,2000-05-31,45169,1,57.61,0.29,,
540320,P,2001-08-12,80234,8,28.48,9.90,,
540321,P,2002-04-05,83497,10,9.86,9.84,,
540322,P,2002-07-05,77583,9,98.13,0.29,,
540323,P,2000-09-04,56689,6,3.88,6.06,,
540324,P,2001-03-04,17369,6,54.07,7.08,,
540325,P,2000-07-12,29520,9,99.57,5.51,,
540326,P,2002-07-06,77324,5,74.64,5.75,,
540327,P,2001-04-09,33084,1,75.14,8.32,,
540328,P,2000-05-20,65222,3,95.31,4.53,,
540329,P,2001-05-29,86562,9,51.08,2.08,,
540330,P,2002-03-01,40957,2,66.73,3.35,,
540331,P,2001-10-22,853,10,70.20,5.67,,
540332,P,2001-06-01,49630,4,0.40,6.39,,
540333,P,2001-06-19,65410,7,40.33,7.44,,
540334,P,2002-01-31,28567,8,36.63,3.13,,
540335,P,2002-07-22,44177,7,46.18,4.03,,
540336,P,2000-11-04,82005,8,45.38,6.88,,
540337,P,2002-04-27,71847,6,10.69,1.03,,
540338,P,2000-02-21,50411,8,53.04,9.92,,
540339,P,2001-05-15,90082,10,76.86,2.76,,
540340,P,2000-03-09,1564,7,71.87,6.90,,
540341,P,2001-01-26,51757,2,43.22,4.74,,
540342,P,2002-04-15,30709,5,36.18,3.56,,
540343,P,2001-09-06,42074,6,31.61,0.59,,
540344,P,2001-04-08,69210,5,18.74,3.25,,
540345,P,2001-09-07,90776,10,38.76,7.03,,
540346,P,2000-04-14,49303,6,72.94,7.43,,
540347,P,2002-06-29,39643,9,79.65,7.80,,
540348,P,2002-04-08,56647,2,3.89,8.69,,
540349,P,2002-07-31,77432,4,1.63,6.93,,
540350,P,2000-04-24,69532,5,89.74,1.20,,
540351,P,2000-04-06,36802,8,51.73,1.96,,
540352,P,2002-02-04,94584,5,5.78,8.72,,
540353,P,2001-04-12,56248,5,85.77,4.53,,
540354,P,2002-09-26,42458,10,49.80,1.06,,
540355,P,2002-08-12,38522,9,44.81,5.13,,
540356,P,2001-01-31,93131,4,82.32,2.57,,
540357,P,2002-08-25,43899,10,41.96,0.43,,
540358,P,2001-09-20,24054,6,31.03,0.18,,
540359,P,2000-05-02,28543,2,60.71,6.92,,
540360,P,2000-06-18,94838,8,65.60,4.69,,
540361,P,2002-07-03,44575,9,15.43,2.61,,
540362,P,2001-06-11,1576,1,66.38,0.02,,
540363,P,2002-05-05,17932,8,0.60,6.58,,
540364,P,2002-06-19,93896,8,55.29,3.53,,
540365,P,2000-05-03,7196,7,27.90,0.70,,
540366,P,2002-01-29,28403,2,73.82,5.49,,
540367,P,2000-02-10,53605,4,7.42,9.53,,
540368,P,2000-07-07,41795,2,65.10,7.89,,
540369,P,2001-04-14,34127,8,92.37,8.96,,
540370,P,2000-02-03,25073,9,79.67,7.17,,
540371,P,2000-11-11,70105,2,65.00,2.54,,
540372,P,2001-01-01,34812,9,13.25,0.85,,
540373,P,2001-12-26,51096,6,2.84,5.85,,
540374,P,2002-06-05,91765,9,96.43,4.71,,
540375,P,2001-11-11,84127,5,78.30,7.71,,
540376,P,2000-09-24,7022,7,55.36,2.65,,
540377,P,2002-04-29,91562,8,15.33,6.63,,
540378,P,2002-08-22,25188,4,65.78,1.53,,
540379,P,2000-12-16,78629,7,6.98,8.69,,
540380,P,2002-01-07,67632,7,1.09,6.57,,
540381,P,2002-08-05,34984,7,44.76,9.24,,
540382,P,2001-09-18,95694,9,90.69,7.84,,
540383,P,2001-09-26,67143,3,9.41,1.37,,
540384,P,2002-03-31,97023,5,34.75,9.54,,
540385,P,2000-08-28,10492,7,81.31,4.91,,
540386,P,2002-06-17,29408,6,79.35,6.06,,
540387,P,2000-01-16,31993,1,16.85,4.88,,
540388,P,2002-03-07,69096,1,92.65,1.62,,
540389,P,2000-02-25,29112,1,73.86,4.96,,
540390,P,2000-09-18,84773,2,41.24,8.84,,
540391,P,2002-09-15,4931,1,68.20,7.07,,
540392,P,2002-07-25,66661,4,66.85,0.47,,
540393,P,2000-07-06,90814,8,50.95,6.48,,
540394,P,2001-07-12,34790,3,3.99,7.07,,
540395,P,2002-07-24,69822,8,12.99,1.41,,
540396,P,2001-12-14,27167,8,65.23,0.16,,
540397,P,2002-09-27,13879,2,65.07,8.95,,
540398,P,2001-03-18,74530,10,30.30,4.49,,
540399,P,2002-03-21,60546,8,2.67,1.72,,
540400,P,2000-01-13,10474,8,53.20,8.54,,
540401,P,2000-05-20,20467,6,67.33,6.82,,
540402,P,2002-02-03,2128,9,97.50,7.39,,
540403,P,2001-04-11,20583,10,73.89,4.11,,
540404,P,2002-08-05,38791,6,79.90,8.39,,
540405,P,2001-12-16,16058,1,19.87,6.60,,
540406,P,2002-01-19,4969,3,52.11,9.55,,
540407,P,2002-06-10,40155,8,82.24,1.94,,
540408,P,2001-09-22,24457,6,10.19,4.93,,
540409,P,2000-03-14,76564,2,12.71,2.59,,
540410,P,2000-06-12,99585,1,27.00,8.74,,
540411,P,2001-03-11,38835,2,21.95,3.73,,
540412,P,2002-03-17,57525,3,91.13,7.08,,
540413,P,2001-03-21,91676,1,71.23,9.44,,
540414,P,2002-05-17,72354,2,31.85,3.09,,
540415,P,2000-09-08,96214,3,56.70,0.81,,
540416,P,2002-02-15,6105,3,84.85,7.18,,
540417,P,2001-03-01,72835,4,79.39,7.67,,
540418,P,2002-01-08,23125,7,2.11,6.22,,
540419,P,2000-04-10,31567,9,52.37,8.32,,
540420,P,2002-04-12,39114,6,6.72,4.50,,
540421,P,2001-08-15,44147,1,88.67,6.39,,
540422,P,2001-12-05,59964,6,26.66,4.45,,
540423,P,2001-07-20,13354,3,69.69,8.92,,
540424,P,2001-01-22,96915,6,89.55,6.58,,
540425,P,2000-02-23,65219,5,86.49,9.84,,
540426,P,2002-03-28,81771,7,44.93,7.87,,
540427,P,2001-11-01,2780,10,83.75,5.29,,
540428,P,2002-06-08,93038,5,49.76,5.76,,
540429,P,2001-02-17,94681,4,22.91,6.34,,
540430,P,2002-05-20,44748,7,67.86,6.11,,
540431,P,2000-11-23,16692,8,79.08,5.22,,
540432,P,2001-01-21,69569,6,46.58,4.09,,
540433,P,2001-07-20,67287,1,62.54,6.16,,
540434,P,2001-12-25,9047,7,34.33,9.47,,
540435,P,2002-04-13,95835,8,56.76,2.75,,
540436,P,2000-09-15,29593,10,94.44,9.59,,
540437,P,2001-02-08,74045,8,19.82,6.73,,
540438,P,2000-07-28,17681,8,84.82,6.22,,
540439,P,2002-08-08,24550,8,30.28,4.38,,
540440,P,2000-04-10,24264,8,17.38,8.66,,
540441,P,2001-06-25,94881,4,32.96,2.91,,
540442,P,2000-04-15,19851,2,31.60,1.18,,
540443,P,2001-03-08,49672,6,9.45,7.55,,
540444,P,2000-10-07,48712,10,4.90,7.82,,
540445,P,2002-03-29,19742,3,89.24,5.38,,
540446,P,2002-04-11,21443,5,51.68,1.42,,
540447,P,2001-11-25,48702,1,46.74,6.71,,
540448,P,2002-04-15,29365,5,51.98,1.32,,
540449,P,2001-11-13,41772,8,28.21,2.51,,
540450,P,2001-05-11,36320,10,14.41,9.50,,
540451,P,2002-05-08,47835,3,57.49,4.61,,
540452,P,2001-09-17,55716,8,45.33,4.60,,
540453,P,2002-08-14,76684,10,54.23,4.25,,
540454,P,2000-02-11,29597,6,19.56,1.85,,
540455,P,2001-04-09,72913,4,64.30,6.96,,
540456,P,2000-12-10,94124,10,89.50,5.16,,
540457,P,2001-05-08,27798,3,39.40,9.79,,
540458,P,2000-03-31,13789,1,30.18,0.75,,
540459,P,2001-10-14,57232,8,85.34,6.48,,
540460,P,2001-11-30,47503,3,94.64,0.64,,
540461,P,2002-05-07,46124,10,59.68,9.13,,
540462,P,2002-09-22,51952,4,17.19,5.21,,
540463,P,2002-01-03,79758,8,54.19,7.78,,
540464,P,2000-01-08,68487,5,88.23,0.90,,
540465,P,2000-06-09,56278,1,55.60,3.19,,
540466,P,2000-01-23,84625,10,27.46,3.85,,
540467,P,2000-03-23,43791,9,58.07,3.33,,
540468,P,2000-07-29,15927,4,33.96,8.59,,
540469,P,2001-11-19,971,8,60.11,9.51,,
540470,P,2001-10-02,16396,7,31.03,8.08,,
540471,P,2002-05-09,80027,6,66.55,6.57,,
540472,P,2002-09-07,45428,6,64.63,8.31,,
540473,P,2002-07-27,97768,3,77.85,2.04,,
540474,P,2000-11-03,5692,9,98.98,5.53,,
540475,P,2001-07-12,58916,1,57.15,3.09,,
540476,P,2001-01-23,26932,7,73.00,9.32,,
540477,P,2001-04-04,44148,7,65.43,8.07,,
540478,P,2000-11-30,71900,6,99.89,6.36,,
540479,P,2002-07-20,66320,3,15.29,9.32,,
540480,P,2001-07-10,62652,7,41.01,7.89,,
540481,P,2001-07-22,58344,2,97.59,3.35,,
540482,P,2000-11-30,38248,9,32.32,3.21,,
540483,P,2000-02-11,42913,3,55.06,0.33,,
540484,P,2002-08-25,42344,2,86.05,9.01,,
540485,P,2001-06-09,77281,4,94.66,3.23,,
540486,P,2002-04-25,91034,4,3.52,5.29,,
540487,P,2000-06-05,74649,5,57.06,4.07,,
540488,P,2000-03-15,57826,10,30.06,3.58,,
540489,P,2001-08-01,50425,10,73.70,4.87,,
540490,P,2002-05-24,31988,3,26.75,0.81,,
540491,P,2001-06-27,34250,1,93.74,7.97,,
540492,P,2000-06-28,87927,6,68.26,1.52,,
540493,P,2002-04-16,58327,3,73.46,0.71,,
540494,P,2000-12-26,14779,5,19.26,1.95,,
540495,P,2001-06-14,73239,2,18.26,6.65,,
540496,P,2001-04-29,77813,3,44.29,1.13,,
540497,P,2000-02-23,2634,2,91.09,3.97,,
540498,P,2001-01-10,90607,5,77.28,8.12,,
540499,P,2000-03-24,5966,4,72.96,5.62,,
540500,P,2000-06-06,40910,7,36.31,8.42,,
540501,P,2002-07-19,5759,10,98.78,3.95,,
540502,P,2000-03-19,25039,5,33.58,8.12,,
540503,P,2002-07-04,51558,4,2.32,0.43,,
540504,P,2001-12-10,93389,10,34.11,7.12,,
540505,P,2001-03-23,77678,5,47.68,5.55,,
540506,P,2000-09-17,66815,4,18.41,6.17,,
540507,P,2000-08-22,74427,5,63.12,4.24,,
540508,P,2002-09-13,14996,8,71.56,3.83,,
540509,P,2001-01-29,56209,4,72.52,8.54,,
540510,P,2001-05-29,93247,8,86.67,6.00,,
540511,P,2001-01-05,13668,8,82.49,8.02,,
540512,P,2002-03-07,5616,3,12.39,8.61,,
540513,P,2000-10-15,6397,6,75.15,3.13,,
540514,P,2002-09-16,30731,5,28.62,3.22,,
540515,P,2000-09-19,23229,1,2.76,4.07,,
540516,P,2002-08-17,81675,9,41.37,2.92,,
540517,P,2001-05-16,46863,7,45.82,0.48,,
540518,P,2002-02-02,3183,10,85.20,1.03,,
540519,P,2000-04-02,52789,5,14.22,0.36,,
540520,P,2001-11-05,94867,10,99.69,7.77,,
540521,P,2001-06-02,7685,2,17.25,0.10,,
540522,P,2000-01-30,30372,7,9.20,5.54,,
540523,P,2001-08-19,27268,4,13.94,8.30,,
540524,P,2002-06-26,567,4,92.09,3.46,,
540525,P,2001-06-10,17090,9,53.03,8.89,,
540526,P,2002-04-20,88037,8,50.14,9.55,,
540527,P,2000-12-16,16034,9,52.69,6.43,,
540528,P,2000-03-11,90114,7,89.10,2.87,,
540529,P,2002-04-03,58927,1,76.57,7.20,,
540530,P,2002-05-06,79125,8,99.19,6.79,,
540531,P,2000-05-06,75007,9,41.55,5.31,,
540532,P,2000-04-27,32177,3,33.54,9.04,,
540533,P,2002-01-28,31192,4,85.97,4.72,,
540534,P,2000-08-01,6852,8,95.29,4.85,,
540535,P,2000-02-09,87507,5,97.20,2.47,,
540536,P,2001-02-22,63249,10,50.73,7.98,,
540537,P,2002-03-03,46718,10,82.47,6.61,,
540538,P,2000-12-10,86929,10,62.40,3.45,,
540539,P,2000-06-04,15150,9,17.71,1.24,,
540540,P,2000-04-07,80555,2,43.27,7.40,,
540541,P,2002-09-13,98078,3,24.41,5.34,,
540542,P,2000-04-06,75333,8,38.13,1.04,,
540543,P,2000-07-03,1329,6,0.40,7.14,,
540544,P,2000-05-06,11745,7,65.59,3.22,,
540545,P,2002-04-08,31349,1,81.30,2.19,,
540546,P,2002-07-03,76412,1,69.53,3.86,,
540547,P,2002-06-12,12012,8,2.84,0.12,,
540548,P,2000-04-04,868,1,92.68,1.25,,
540549,P,2000-04-25,26833,6,2.91,2.06,,
540550,P,2001-02-28,39203,6,7.13,5.30,,
540551,P,2000-01-08,23658,6,69.04,6.87,,
540552,P,2001-09-02,30352,2,29.38,3.29,,
540553,P,2000-05-02,44601,10,76.95,0.76,,
540554,P,2002-04-04,40700,9,98.84,2.41,,
540555,P,2000-08-23,95866,6,40.58,7.32,,
540556,P,2002-03-31,47617,10,39.57,7.06,,
540557,P,2001-09-04,44667,2,72.25,7.90,,
540558,P,2000-05-27,11175,4,19.70,4.96,,
540559,P,2002-08-16,11616,4,82.65,9.98,,
540560,P,2000-05-07,77735,10,97.49,8.16,,
540561,P,2001-09-18,57447,3,67.63,7.16,,
540562,P,2000-09-24,29360,7,51.96,3.84,,
540563,P,2002-07-02,9892,5,60.04,1.12,,
540564,P,2001-12-22,53766,8,83.01,0.10,,
540565,P,2001-08-25,77252,8,68.37,8.21,,
540566,P,2001-08-20,78391,8,2.05,6.37,,
540567,P,2001-08-01,12767,9,50.44,1.95,,
540568,P,2000-01-07,28911,10,96.45,2.45,,
540569,P,2000-07-27,71360,5,37.46,3.25,,
540570,P,2001-05-04,62401,1,12.23,5.95,,
540571,P,2000-07-15,52736,1,57.59,1.56,,
540572,P,2000-03-06,54960,4,76.24,3.74,,
540573,P,2001-05-10,43610,3,75.50,8.75,,
540574,P,2000-06-14,27552,9,24.70,6.56,,
540575,P,2000-04-10,26658,7,84.49,7.32,,
540576,P,2002-05-26,31308,4,94.38,0.85,,
540577,P,2002-03-28,63811,10,27.58,3.85,,
540578,P,2002-03-13,93564,6,32.87,4.29,,
540579,P,2000-04-21,79928,1,73.45,3.54,,
540580,P,2000-05-28,13646,5,10.97,4.90,,
540581,P,2002-01-30,86278,2,70.47,8.74,,
540582,P,2000-10-01,89488,2,62.04,1.61,,
540583,P,2001-09-25,2481,2,70.37,7.14,,
540584,P,2002-04-25,16096,10,88.03,8.18,,
540585,P,2000-11-03,59746,4,55.03,2.84,,
540586,P,2001-12-10,76166,2,2.50,0.02,,
540587,P,2001-01-09,72618,10,32.42,0.54,,
540588,P,2002-02-16,86330,8,90.62,2.27,,
540589,P,2002-06-30,19767,6,86.93,2.47,,
540590,P,2000-05-17,43195,2,11.24,9.20,,
540591,P,2001-11-03,17241,7,37.97,8.20,,
540592,P,2001-10-29,32848,5,59.83,9.93,,
540593,P,2000-08-25,45402,6,64.26,0.58,,
540594,P,2002-08-09,17296,4,49.83,4.32,,
540595,P,2001-02-03,44748,9,34.84,4.62,,
540596,P,2000-02-01,94342,5,25.66,9.49,,
540597,P,2001-09-04,73794,2,49.35,9.15,,
540598,P,2002-04-07,13467,6,93.29,8.40,,
540599,P,2002-03-10,14173,9,52.07,9.25,,
540600,P,2001-07-27,74580,6,78.40,9.84,,
540601,P,2000-05-13,37224,4,51.11,6.82,,
540602,P,2001-09-18,51949,9,82.34,1.28,,
540603,P,2001-11-30,1983,10,34.88,9.12,,
540604,P,2000-10-31,74459,5,23.34,5.92,,
540605,P,2001-12-03,10533,3,35.93,4.30,,
540606,P,2001-04-17,86798,4,20.61,3.39,,
540607,P,2001-10-19,73314,4,13.53,0.80,,
540608,P,2000-05-12,75882,5,72.06,0.71,,
540609,P,2001-10-19,95379,6,60.44,2.84,,
540610,P,2002-01-17,52336,4,79.64,4.90,,
540611,P,2000-05-28,74451,10,63.98,5.35,,
540612,P,2000-06-26,65441,7,17.17,2.08,,
540613,P,2002-05-15,82178,8,48.04,9.84,,
540614,P,2002-07-09,61966,3,97.37,5.60,,
540615,P,2002-08-29,22528,10,92.85,6.90,,
540616,P,2002-03-23,6173,4,4.10,9.18,,
540617,P,2000-10-21,69556,5,71.48,6.42,,
540618,P,2000-01-23,24058,9,33.43,0.23,,
540619,P,2001-04-06,62385,6,2.21,4.42,,
540620,P,2000-11-04,24467,7,41.08,7.10,,
540621,P,2001-05-03,80595,7,26.56,4.58,,
540622,P,2000-11-17,25335,5,41.79,4.56,,
540623,P,2000-06-07,69879,2,56.05,7.20,,
540624,P,2001-08-22,49609,7,33.32,3.27,,
540625,P,2001-10-26,36082,10,52.26,3.64,,
540626,P,2000-09-28,19511,3,35.94,6.17,,
540627,P,2001-08-07,17778,8,44.40,4.15,,
540628,P,2000-09-28,52296,9,69.27,8.55,,
540629,P,2001-05-10,42973,7,13.45,5.90,,
540630,P,2002-04-08,44706,3,57.79,8.31,,
540631,P,2000-10-02,14872,4,66.65,0.32,,
540632,P,2000-03-27,5818,5,13.21,4.36,,
540633,P,2002-05-08,1808,3,95.17,6.79,,
540634,P,2002-06-25,83839,9,97.75,1.04,,
540635,P,2002-08-18,19974,10,55.50,8.59,,
540636,P,2000-06-01,3685,2,53.56,6.87,,
540637,P,2002-02-08,29538,7,96.41,0.69,,
540638,P,2002-04-17,78486,2,93.59,1.95,,
540639,P,2000-10-14,99711,6,99.25,3.47,,
540640,P,2002-05-06,724,1,50.91,3.32,,
540641,P,2000-03-07,88055,3,1.25,3.67,,
540642,P,2001-05-25,81796,2,8.68,4.48,,
540643,P,2000-11-29,94980,4,68.73,2.96,,
540644,P,2001-08-17,39906,4,1.11,4.75,,
540645,P,2001-12-20,11967,7,37.64,5.42,,
540646,P,2002-01-26,6067,5,32.73,7.54,,
540647,P,2000-06-04,99490,5,2.46,4.37,,
540648,P,2000-07-25,45223,2,64.44,0.47,,
540649,P,2001-11-06,95896,4,41.99,1.79,,
540650,P,2001-09-20,44057,3,48.66,4.77,,
540651,P,2002-06-22,88757,2,71.66,0.06,,
540652,P,2001-07-21,25948,2,18.02,1.71,,
540653,P,2001-02-07,88989,4,64.21,6.99,,
540654,P,2002-02-14,54060,9,57.94,2.94,,
540655,P,2001-10-21,46541,9,60.82,9.60,,
540656,P,2000-12-23,38840,1,41.69,3.80,,
540657,P,2002-08-02,63787,10,16.14,9.38,,
540658,P,2002-08-11,86382,8,35.72,0.73,,
540659,P,2001-06-09,88131,3,62.23,0.99,,
540660,P,2001-10-05,77625,1,63.70,8.35,,
540661,P,2002-01-30,30712,4,81.60,0.41,,
540662,P,2000-11-13,8630,3,65.37,1.47,,
540663,P,2001-12-17,39926,9,16.06,0.11,,
540664,P,2001-04-18,95468,10,49.54,8.42,,
540665,P,2001-02-20,45170,10,8.75,6.56,,
540666,P,2000-05-12,27672,6,78.40,9.25,,
540667,P,2000-09-29,14041,7,51.73,4.63,,
540668,P,2001-05-29,60372,9,11.75,0.75,,
540669,P,2001-10-12,46474,7,66.27,3.13,,
540670,P,2002-09-04,27986,5,51.75,4.72,,
540671,P,2001-08-01,51461,6,11.78,7.10,,
540672,P,2000-11-29,67754,10,83.38,0.58,,
540673,P,2001-03-09,29889,9,67.35,1.05,,
540674,P,2000-12-02,12007,4,99.52,1.31,,
540675,P,2000-02-29,34295,3,9.31,4.77,,
540676,P,2001-06-24,63192,5,68.97,0.50,,
540677,P,2000-09-06,55371,4,9.28,3.31,,
540678,P,2001-07-19,36925,6,15.48,0.56,,
540679,P,2001-09-08,47233,5,98.97,6.29,,
540680,P,2000-07-17,95891,10,8.37,5.22,,
540681,P,2001-10-28,84462,4,15.77,0.14,,
540682,P,2001-03-20,50619,8,81.92,0.73,,
540683,P,2001-10-11,15976,6,76.97,2.00,,
540684,P,2002-04-21,71807,5,49.42,7.36,,
540685,P,2001-09-17,99820,6,19.50,1.05,,
540686,P,2001-02-14,88837,9,96.59,6.24,,
540687,P,2001-11-02,11087,3,99.96,8.24,,
540688,P,2000-07-24,69996,2,1.67,4.21,,
540689,P,2001-05-05,61798,10,90.65,4.07,,
540690,P,2002-07-07,2844,5,16.65,7.12,,
540691,P,2000-01-25,78589,1,61.05,2.62,,
540692,P,2001-07-03,82702,5,69.50,6.53,,
540693,P,2001-11-09,29196,7,25.14,4.96,,
540694,P,2002-07-05,10724,8,75.65,8.50,,
540695,P,2000-11-20,61663,10,72.63,3.54,,
540696,P,2000-05-27,37062,9,27.73,3.79,,
540697,P,2001-01-23,95488,9,46.26,0.60,,
540698,P,2001-01-14,63934,6,82.12,9.16,,
540699,P,2001-06-24,76022,3,42.25,4.04,,
540700,P,2002-08-28,71048,8,90.26,0.24,,
540701,P,2002-08-02,45969,3,36.18,1.17,,
540702,P,2001-08-15,85524,4,83.09,5.29,,
540703,P,2001-02-25,66822,4,52.19,4.56,,
540704,P,2001-12-07,72943,10,25.53,3.46,,
540705,P,2002-06-07,23683,8,30.53,8.97,,
540706,P,2000-12-06,54713,5,39.55,1.20,,
540707,P,2001-07-25,88996,3,36.79,6.65,,
540708,P,2002-01-24,7185,10,14.30,8.53,,
540709,P,2000-04-17,83279,2,49.57,5.90,,
540710,P,2001-08-16,6402,7,88.69,5.54,,
540711,P,2002-08-29,35055,7,61.28,7.05,,
540712,P,2001-04-20,70800,4,57.11,2.96,,
540713,P,2002-02-10,31073,10,33.16,5.39,,
540714,P,2002-02-28,92631,1,70.21,5.71,,
540715,P,2001-05-02,73023,5,40.40,7.25,,
540716,P,2001-08-02,71960,8,68.88,5.62,,
540717,P,2002-09-26,79132,7,32.47,3.24,,
540718,P,2002-09-02,43936,7,58.39,8.69,,
540719,P,2001-09-08,27445,7,20.03,7.41,,
540720,P,2001-05-19,58111,4,7.59,8.74,,
540721,P,2000-11-30,11130,9,45.45,6.31,,
540722,P,2002-05-31,17894,7,86.10,1.64,,
540723,P,2001-07-17,22392,2,75.40,4.81,,
540724,P,2001-04-29,2801,1,25.91,5.23,,
540725,P,2000-09-01,77327,7,77.93,7.30,,
540726,P,2001-10-06,56838,3,69.01,9.81,,
540727,P,2001-07-13,50443,6,19.17,7.29,,
540728,P,2002-09-18,91138,6,86.90,4.13,,
540729,P,2000-02-20,3866,5,99.92,3.49,,
540730,P,2000-07-02,65526,10,52.99,4.13,,
540731,P,2002-01-01,27194,1,58.12,5.48,,
540732,P,2001-05-28,38942,7,86.04,5.55,,
540733,P,2000-07-26,11959,9,74.44,5.96,,
540734,P,2000-01-22,7340,1,34.70,0.36,,
540735,P,2002-09-06,15389,1,86.85,7.87,,
540736,P,2002-06-27,28289,4,40.13,8.28,,
540737,P,2001-08-11,32362,1,38.94,5.14,,
540738,P,2000-06-25,48307,8,50.64,7.53,,
540739,P,2000-07-01,54186,5,59.46,6.71,,
540740,P,2002-09-13,73394,1,47.97,7.79,,
540741,P,2000-11-21,56452,6,99.44,3.29,,
540742,P,2001-05-23,13156,8,87.05,5.75,,
540743,P,2002-06-02,82220,5,5.61,5.68,,
540744,P,2002-06-19,87113,5,84.63,6.54,,
540745,P,2001-04-19,90844,6,8.11,9.05,,
540746,P,2001-08-11,88757,5,73.88,6.07,,
540747,P,2000-12-26,81279,2,58.56,1.18,,
540748,P,2000-03-30,89110,7,75.63,2.91,,
540749,P,2000-04-06,65020,8,56.71,4.11,,
540750,P,2001-03-12,39651,2,84.91,2.92,,
540751,P,2001-08-22,84697,7,67.02,8.60,,
540752,P,2000-03-26,7245,1,65.06,2.03,,
540753,P,2000-12-26,96103,6,46.12,5.47,,
540754,P,2000-07-17,93316,6,35.23,6.61,,
540755,P,2000-10-31,95730,9,15.88,8.90,,
540756,P,2002-05-04,51551,3,72.86,0.72,,
540757,P,2000-07-07,82232,7,60.67,9.90,,
540758,P,2000-06-09,86529,5,69.56,1.87,,
540759,P,2000-10-09,54443,6,46.14,5.82,,
540760,P,2002-08-03,36598,7,47.83,8.90,,
540761,P,2001-10-28,54069,4,51.64,1.65,,
540762,P,2000-09-09,95075,8,33.28,0.76,,
540763,P,2000-12-29,83211,3,0.17,1.17,,
540764,P,2001-01-16,47430,7,67.57,9.69,,
540765,P,2000-07-09,29106,5,78.96,9.96,,
540766,P,2000-11-20,15285,6,12.20,10.00,,
540767,P,2001-07-09,71297,9,37.43,4.36,,
540768,P,2002-01-08,58026,10,98.01,3.12,,
540769,P,2000-06-02,26751,9,7.71,5.01,,
540770,P,2001-03-10,59830,8,76.32,6.46,,
540771,P,2002-08-30,37187,4,73.36,4.64,,
540772,P,2001-09-20,70571,1,58.00,7.86,,
540773,P,2002-02-04,81268,1,70.93,4.46,,
540774,P,2001-01-22,17277,3,97.70,9.75,,
540775,P,2000-10-20,31768,6,60.20,3.17,,
540776,P,2001-07-10,65706,7,26.34,7.04,,
540777,P,2002-06-14,36408,7,96.99,4.37,,
540778,P,2001-09-26,99629,8,57.23,5.22,,
540779,P,2000-01-22,60377,7,73.29,4.36,,
540780,P,2000-04-04,73833,8,5.68,9.36,,
540781,P,2001-07-31,16663,3,17.91,5.93,,
540782,P,2000-03-20,48581,3,98.74,0.12,,
540783,P,2001-03-23,50134,8,23.95,7.39,,
540784,P,2002-08-25,30471,3,28.19,7.63,,
540785,P,2002-04-02,70261,2,29.17,4.53,,
540786,P,2002-04-16,25400,3,66.19,2.20,,
540787,P,2000-03-08,37172,10,56.56,5.66,,
540788,P,2001-06-24,39015,7,16.18,0.13,,
540789,P,2002-06-19,29942,10,83.83,6.46,,
540790,P,2000-12-25,8516,10,76.92,7.40,,
540791,P,2001-06-08,20235,3,97.36,3.95,,
540792,P,2000-10-24,24292,3,40.23,3.17,,
540793,P,2000-09-22,42943,2,84.28,1.12,,
540794,P,2001-10-10,26052,8,16.74,1.41,,
540795,P,2000-04-15,14229,7,0.46,7.24,,
540796,P,2001-06-24,57819,3,20.59,3.79,,
540797,P,2002-02-26,62962,3,96.50,4.85,,
540798,P,2000-01-02,34455,7,61.71,5.63,,
540799,P,2002-09-18,2876,2,52.91,2.82,,
540800,P,2000-02-15,72719,10,83.84,2.71,,
540801,P,2001-10-28,90519,2,3.46,9.33,,
540802,P,2002-01-12,52996,8,10.15,9.74,,
540803,P,2000-07-14,20925,7,62.60,1.40,,
540804,P,2000-11-17,41529,2,56.69,1.48,,
540805,P,2001-08-03,57676,5,23.52,2.17,,
540806,P,2002-05-25,35753,4,83.73,1.76,,
540807,P,2002-08-09,16987,4,24.71,1.09,,
540808,P,2000-01-06,60715,10,17.60,5.29,,
540809,P,2000-12-18,84119,1,60.12,1.00,,
540810,P,2000-06-29,65716,4,51.92,6.89,,
540811,P,2000-07-29,63489,4,80.34,1.47,,
540812,P,2002-02-26,17762,5,35.07,7.69,,
540813,P,2001-07-15,75318,2,99.47,0.72,,
540814,P,2002-08-18,17578,7,97.89,4.63,,
540815,P,2002-07-25,89028,7,77.32,1.80,,
540816,P,2001-12-06,38898,4,61.11,6.90,,
540817,P,2002-02-02,91623,9,91.78,8.70,,
540818,P,2001-08-12,30218,5,17.69,4.23,,
540819,P,2001-03-15,72462,1,36.71,2.07,,
540820,P,2000-01-25,6132,9,23.35,8.35,,
540821,P,2002-07-12,24723,2,7.58,8.61,,
540822,P,2000-09-05,76982,2,27.47,3.12,,
540823,P,2001-09-12,19346,3,41.26,9.20,,
540824,P,2000-10-01,20245,2,38.23,7.45,,
540825,P,2001-07-19,98252,3,97.88,5.87,,
540826,P,2000-02-28,16023,5,70.64,9.47,,
540827,P,2001-08-05,56539,9,12.70,2.30,,
540828,P,2002-06-03,86306,6,19.60,9.41,,
540829,P,2002-08-12,60182,9,23.69,3.92,,
540830,P,2000-07-20,28666,9,24.73,1.17,,
540831,P,2001-10-16,67147,10,21.84,4.45,,
540832,P,2002-04-07,58627,1,10.52,0.29,,
540833,P,2000-07-25,23681,1,79.45,3.99,,
540834,P,2001-10-13,1688,4,77.51,4.81,,
540835,P,2002-06-16,97201,2,87.49,2.23,,
540836,P,2000-02-26,61907,8,55.99,7.71,,
540837,P,2001-05-01,90662,4,53.66,6.94,,
540838,P,2000-02-01,23202,9,98.94,0.50,,
540839,P,2001-02-13,54723,10,64.97,9.60,,
540840,P,2001-01-27,96908,5,70.62,3.47,,
540841,P,2002-03-27,59836,3,94.18,8.20,,
540842,P,2000-04-03,93515,5,68.06,9.50,,
540843,P,2000-12-24,98753,10,55.54,3.71,,
540844,P,2000-06-12,12157,8,28.99,9.43,,
540845,P,2002-01-12,92310,6,85.40,9.72,,
540846,P,2002-06-23,94583,6,72.23,9.71,,
540847,P,2000-09-01,60624,6,79.34,4.98,,
540848,P,2001-10-08,79033,9,67.28,9.45,,
540849,P,2001-06-26,22286,8,95.70,6.48,,
540850,P,2000-11-16,33191,9,31.06,7.14,,
540851,P,2001-11-18,11843,7,5.22,3.41,,
540852,P,2002-08-28,65336,2,2.24,5.95,,
540853,P,2002-01-10,67942,5,22.97,9.88,,
540854,P,2002-08-12,96514,2,48.04,5.15,,
540855,P,2000-03-08,83413,8,97.42,1.86,,
540856,P,2000-04-10,91088,9,11.26,6.19,,
540857,P,2001-08-22,65357,4,10.01,3.31,,
540858,P,2000-04-18,14510,6,79.36,8.08,,
540859,P,2002-06-23,19534,9,69.64,9.93,,
540860,P,2000-07-04,46177,1,5.43,1.62,,
540861,P,2000-06-08,29733,3,53.76,6.58,,
540862,P,2002-05-22,69216,1,89.06,6.48,,
540863,P,2000-04-12,73832,9,39.35,6.19,,
540864,P,2002-01-03,92821,4,43.24,0.93,,
540865,P,2002-08-11,30558,8,13.39,8.09,,
540866,P,2001-05-31,73324,9,93.17,0.89,,
540867,P,2001-03-26,75490,3,21.32,8.44,,
540868,P,2000-05-15,69105,7,21.43,9.94,,
540869,P,2000-09-21,23002,7,3.18,0.84,,
540870,P,2001-04-22,49931,2,99.97,6.70,,
540871,P,2002-02-14,34620,4,85.79,0.74,,
540872,P,2002-07-03,60392,2,72.64,4.05,,
540873,P,2001-09-29,54677,7,34.90,0.09,,
540874,P,2000-05-23,2305,6,96.76,3.28,,
540875,P,2000-03-31,6729,7,83.09,7.34,,
540876,P,2000-07-05,1757,3,81.39,1.69,,
540877,P,2002-05-15,21555,5,61.93,4.25,,
540878,P,2001-09-08,15456,9,74.25,1.27,,
540879,P,2002-05-16,76335,2,53.14,2.44,,
540880,P,2001-02-19,74711,7,43.76,6.50,,
540881,P,2000-01-26,93378,6,92.80,7.74,,
540882,P,2002-01-16,24032,6,48.53,6.66,,
540883,P,2001-09-05,24898,2,32.05,9.71,,
540884,P,2002-05-13,20791,2,83.92,6.95,,
540885,P,2000-12-16,81764,8,78.15,6.50,,
540886,P,2002-03-12,25099,10,11.94,1.00,,
540887,P,2002-07-08,49367,10,31.30,6.95,,
540888,P,2001-03-15,18154,5,62.41,6.73,,
540889,P,2001-11-22,16195,4,2.41,9.59,,
540890,P,2000-05-04,73188,2,66.46,0.71,,
540891,P,2002-05-11,46939,5,10.54,2.29,,
540892,P,2002-03-03,85686,4,63.64,6.32,,
540893,P,2001-06-30,9506,10,57.06,9.26,,
540894,P,2000-02-02,55456,5,27.99,4.23,,
540895,P,2002-06-24,33168,7,19.90,5.28,,
540896,P,2002-01-17,21615,8,10.74,6.13,,
540897,P,2000-03-04,84795,4,60.88,0.10,,
540898,P,2002-02-15,10699,8,9.32,0.60,,
540899,P,2002-02-17,16633,1,92.81,8.49,,
540900,P,2000-11-05,62941,10,72.48,3.33,,
540901,P,2002-08-07,33781,6,64.97,4.22,,
540902,P,2002-05-14,14106,10,3.81,9.28,,
540903,P,2000-11-01,58292,6,76.85,0.23,,
540904,P,2000-02-28,30688,2,74.69,8.83,,
540905,P,2001-11-20,74195,7,68.38,6.30,,
540906,P,2000-06-08,45812,7,28.85,4.34,,
540907,P,2000-08-13,68838,8,26.15,5.22,,
540908,P,2001-07-25,7065,5,54.56,3.43,,
540909,P,2002-04-10,79633,6,38.60,1.92,,
540910,P,2002-06-13,96079,1,38.90,1.81,,
540911,P,2001-09-15,7232,2,83.82,7.74,,
540912,P,2001-07-08,47446,1,81.70,5.36,,
540913,P,2001-10-27,43989,9,50.62,0.13,,
540914,P,2002-01-24,84079,2,72.37,7.50,,
540915,P,2002-01-25,7167,4,21.26,5.09,,
540916,P,2001-08-22,95745,3,79.92,2.56,,
540917,P,2000-10-10,14529,1,42.99,3.66,,
540918,P,2001-02-11,85345,10,36.31,3.79,,
540919,P,2002-09-17,34449,5,82.18,9.04,,
540920,P,2002-01-14,6931,7,30.72,4.77,,
540921,P,2001-03-15,64991,10,61.64,4.75,,
540922,P,2001-07-09,74359,10,74.70,4.07,,
540923,P,2001-12-23,96907,3,25.38,0.13,,
540924,P,2001-12-31,82421,5,86.35,1.83,,
540925,P,2000-12-16,35764,8,3.64,0.25,,
540926,P,2001-11-06,51754,1,45.70,7.31,,
540927,P,2001-04-19,60026,10,7.76,4.60,,
540928,P,2002-07-18,72971,6,0.81,2.54,,
540929,P,2001-01-17,76393,6,45.29,6.78,,
540930,P,2002-02-18,51535,1,25.34,2.29,,
540931,P,2001-07-19,8518,4,25.18,5.66,,
540932,P,2001-08-21,92782,1,62.80,3.64,,
540933,P,2002-03-08,41196,8,3.53,2.52,,
540934,P,2001-03-11,2584,6,23.00,6.61,,
540935,P,2002-01-01,10770,7,24.49,8.54,,
540936,P,2001-08-22,91540,10,19.29,8.97,,
540937,P,2000-03-07,22973,7,7.44,3.40,,
540938,P,2000-05-13,88338,1,26.41,4.06,,
540939,P,2001-09-03,16575,6,73.71,5.17,,
540940,P,2001-11-27,59728,5,68.89,5.48,,
540941,P,2002-02-04,32059,4,90.15,9.29,,
540942,P,2002-01-15,4662,7,4.28,0.61,,
540943,P,2001-10-22,93633,8,78.21,3.33,,
540944,P,2002-01-09,92992,5,45.44,7.54,,
540945,P,2000-01-01,38493,6,29.43,1.05,,
540946,P,2000-06-12,55455,7,37.51,4.18,,
540947,P,2000-02-14,55360,1,91.76,9.83,,
540948,P,2001-09-02,40323,8,28.91,1.90,,
540949,P,2001-10-23,83475,1,99.57,0.63,,
540950,P,2002-02-19,8222,2,98.43,6.91,,
540951,P,2001-07-21,76844,2,22.76,4.03,,
540952,P,2002-03-08,33118,4,42.11,2.08,,
540953,P,2000-09-20,64622,1,46.93,5.30,,
540954,P,2001-05-29,4116,5,51.25,7.09,,
540955,P,2002-03-07,11987,7,19.56,8.08,,
540956,P,2001-01-19,10858,1,24.20,7.98,,
540957,P,2002-08-10,93788,7,41.88,9.47,,
540958,P,2002-08-22,14953,9,68.22,1.20,,
540959,P,2001-10-09,51666,2,4.95,4.78,,
540960,P,2001-04-19,7205,7,50.19,8.96,,
540961,P,2001-06-21,66185,4,48.26,6.27,,
540962,P,2000-03-30,68034,4,70.94,8.79,,
540963,P,2002-07-21,70799,3,21.15,5.00,,
540964,P,2000-02-11,64786,8,34.12,3.73,,
540965,P,2002-04-15,49881,2,42.10,7.44,,
540966,P,2001-05-14,14146,1,95.05,5.19,,
540967,P,2002-01-27,54149,9,31.37,5.18,,
540968,P,2000-06-25,27969,1,28.75,8.51,,
540969,P,2001-01-16,1703,1,43.05,5.32,,
540970,P,2000-05-28,1390,10,23.96,6.49,,
540971,P,2001-03-11,78540,5,95.78,5.66,,
540972,P,2001-04-25,54517,8,87.58,9.75,,
540973,P,2001-12-26,98653,2,66.42,9.96,,
540974,P,2000-05-03,40329,7,35.11,0.98,,
540975,P,2000-08-28,40708,1,66.93,8.88,,
540976,P,2000-11-23,52597,10,74.58,2.65,,
540977,P,2000-10-16,415,5,9.76,9.05,,
540978,P,2000-09-04,91669,4,85.36,0.06,,
540979,P,2000-05-04,45695,3,67.21,8.65,,
540980,P,2001-01-18,88207,10,20.19,8.62,,
540981,P,2000-04-05,32749,10,52.22,3.77,,
540982,P,2000-11-24,80115,2,14.15,0.56,,
540983,P,2000-10-28,84153,5,79.02,5.04,,
540984,P,2002-01-11,68910,1,8.45,3.27,,
540985,P,2001-11-01,68453,3,69.46,9.09,,
540986,P,2000-05-06,80141,6,61.43,5.23,,
540987,P,2001-05-18,46521,2,32.87,2.79,,
540988,P,2000-10-30,19074,8,58.43,4.10,,
540989,P,2000-10-01,15199,3,81.28,5.88,,
540990,P,2001-03-18,20533,2,37.13,5.89,,
540991,P,2000-10-08,54363,5,10.01,5.43,,
540992,P,2000-12-21,2118,8,61.21,9.41,,
540993,P,2000-05-01,11746,4,75.20,0.90,,
540994,P,2002-05-05,84250,8,8.32,1.66,,
540995,P,2000-12-12,67260,4,18.04,9.58,,
540996,P,2001-01-24,71742,4,89.04,1.51,,
540997,P,2000-05-26,60655,8,82.23,2.25,,
540998,P,2002-08-15,1266,9,9.42,2.18,,
540999,P,2002-03-08,74536,8,96.30,2.06,,
541000,P,2001-10-14,72545,9,5.95,6.96,,
541001,P,2000-08-12,3261,1,40.47,8.30,,
541002,P,2002-02-19,99041,3,74.57,7.18,,
541003,P,2000-03-09,76848,7,48.07,4.70,,
541004,P,2001-05-05,20293,6,64.20,5.66,,
541005,P,2001-08-13,48595,4,90.79,6.48,,
541006,P,2000-02-21,62448,4,39.18,2.48,,
541007,P,2001-03-07,96801,2,30.88,6.98,,
541008,P,2001-02-25,29510,8,10.97,5.22,,
541009,P,2002-06-24,87549,1,86.94,2.69,,
541010,P,2000-04-23,63257,4,59.08,5.81,,
541011,P,2001-11-18,39367,8,47.39,9.51,,
541012,P,2002-06-20,13611,9,52.11,9.69,,
541013,P,2000-11-06,20800,10,1.17,2.35,,
541014,P,2002-03-21,82810,6,99.39,0.79,,
541015,P,2000-05-13,76507,1,5.18,8.55,,
541016,P,2002-05-02,59726,7,69.57,3.04,,
541017,P,2002-08-03,56242,9,76.49,6.10,,
541018,P,2002-09-05,1580,8,36.59,3.54,,
541019,P,2000-10-26,13724,8,69.63,0.88,,
541020,P,2000-11-15,52631,5,32.42,8.02,,
541021,P,2000-10-12,60711,7,59.03,2.82,,
541022,P,2002-01-10,70361,3,98.99,5.71,,
541023,P,2001-05-17,79694,6,47.40,3.58,,
541024,P,2001-10-03,88826,4,94.45,8.95,,
541025,P,2000-04-04,30064,8,25.68,1.11,,
541026,P,2001-08-03,50419,3,19.65,6.71,,
541027,P,2000-01-10,31118,10,52.45,0.39,,
541028,P,2001-06-13,20915,7,71.61,2.95,,
541029,P,2002-04-26,41923,1,85.26,4.03,,
541030,P,2000-03-24,36762,9,44.98,7.52,,
541031,P,2000-07-22,62074,3,44.74,2.99,,
541032,P,2000-11-24,87298,10,56.45,0.68,,
541033,P,2000-09-11,77314,7,15.15,9.24,,
541034,P,2001-02-19,78572,10,25.11,0.78,,
541035,P,2001-12-11,6739,10,8.25,5.43,,
541036,P,2002-06-28,36511,8,69.89,8.71,,
541037,P,2002-03-15,76698,2,76.13,5.90,,
541038,P,2001-01-22,67198,8,92.81,6.75,,
541039,P,2000-03-24,7511,2,37.28,6.28,,
541040,P,2000-11-06,10526,6,47.47,3.84,,
541041,P,2002-05-21,98075,8,33.74,3.02,,
541042,P,2000-11-24,14386,10,24.09,1.44,,
541043,P,2001-04-25,11472,7,59.01,8.32,,
541044,P,2001-10-31,93110,6,10.59,2.41,,
541045,P,2000-08-02,99377,5,37.37,3.15,,
541046,P,2001-06-04,70307,8,11.95,7.96,,
541047,P,2001-05-06,79941,10,98.95,3.15,,
541048,P,2001-06-08,75054,7,1.27,2.78,,
541049,P,2002-08-08,96959,6,46.46,9.65,,
541050,P,2002-05-05,42135,2,48.12,3.32,,
541051,P,2000-02-11,32818,2,56.58,7.87,,
541052,P,2001-01-16,69006,10,3.28,2.54,,
541053,P,2002-01-07,12394,4,78.06,8.55,,
541054,P,2002-06-29,87571,1,87.68,0.13,,
541055,P,2000-07-11,83640,4,16.02,5.43,,
541056,P,2000-10-23,8587,4,7.73,4.36,,
541057,P,2001-07-15,22062,1,56.44,5.86,,
541058,P,2000-12-11,45346,3,55.75,9.49,,
541059,P,2002-07-06,81248,4,84.33,2.54,,
541060,P,2000-08-05,23881,1,28.90,6.38,,
541061,P,2001-08-09,17498,2,88.44,9.40,,
541062,P,2000-03-09,85339,9,94.10,8.70,,
541063,P,2001-06-16,6944,6,55.41,7.16,,
541064,P,2001-06-09,45015,10,70.97,3.15,,
541065,P,2000-03-04,53020,2,60.13,6.49,,
541066,P,2000-04-02,40310,6,20.31,1.25,,
541067,P,2001-07-12,89486,10,70.49,7.92,,
541068,P,2000-10-19,12713,6,21.76,0.67,,
541069,P,2002-03-01,53072,5,63.49,5.36,,
541070,P,2001-09-27,681,10,36.70,3.43,,
541071,P,2002-02-28,40849,1,41.34,1.55,,
541072,P,2000-04-12,69594,7,54.81,6.60,,
541073,P,2000-03-23,58109,5,94.98,3.09,,
541074,P,2001-08-05,65489,2,93.22,5.31,,
541075,P,2000-11-14,53496,2,30.75,0.17,,
541076,P,2000-10-07,17115,9,15.10,4.67,,
541077,P,2001-12-04,51001,8,29.30,1.19,,
541078,P,2000-10-03,86129,9,80.72,7.51,,
541079,P,2000-05-14,40424,2,41.77,1.57,,
541080,P,2002-04-17,8135,1,72.64,3.34,,
541081,P,2000-10-15,67487,3,61.53,2.98,,
541082,P,2000-07-22,36537,2,31.23,0.21,,
541083,P,2001-07-26,28404,3,17.39,4.58,,
541084,P,2000-06-12,97480,4,48.84,0.69,,
541085,P,2001-10-26,72646,3,79.60,3.04,,
541086,P,2002-01-31,51833,4,25.94,7.82,,
541087,P,2000-06-06,5477,9,64.25,7.65,,
541088,P,2002-04-19,13476,6,1.16,3.56,,
541089,P,2000-04-29,33169,4,43.25,3.95,,
541090,P,2000-03-25,5467,6,46.41,7.72,,
541091,P,2001-03-23,50994,8,49.31,7.76,,
541092,P,2002-06-28,9096,5,31.38,2.75,,
541093,P,2000-12-29,96693,4,50.21,7.03,,
541094,P,2001-12-28,13375,3,7.49,8.50,,
541095,P,2000-05-26,90459,3,54.66,5.69,,
541096,P,2002-07-04,69716,9,72.61,5.27,,
541097,P,2002-03-01,46256,4,99.88,3.12,,
541098,P,2001-01-30,57033,1,33.78,1.04,,
541099,P,2001-04-23,95133,10,5.42,6.52,,
541100,P,2001-11-12,68871,1,77.24,3.37,,
541101,P,2002-04-08,31512,6,30.30,4.52,,
541102,P,2002-01-24,62103,8,16.18,4.51,,
541103,P,2000-09-19,91722,2,83.08,8.11,,
541104,P,2002-05-01,50024,7,59.36,5.08,,
541105,P,2001-04-22,4527,9,94.94,0.27,,
541106,P,2002-08-06,58536,2,51.85,6.51,,
541107,P,2002-07-26,14247,5,19.85,8.65,,
541108,P,2002-07-02,57438,3,30.45,3.47,,
541109,P,2001-11-30,19642,4,60.51,9.45,,
541110,P,2000-03-04,39994,8,7.04,1.03,,
541111,P,2002-09-06,49962,1,73.12,4.51,,
541112,P,2000-06-21,39047,10,98.70,8.11,,
541113,P,2000-04-25,29726,2,85.92,6.91,,
541114,P,2000-10-11,69585,2,58.58,1.50,,
541115,P,2002-03-04,77624,6,33.21,8.02,,
541116,P,2002-05-19,76814,2,55.57,7.51,,
541117,P,2000-12-12,40145,5,44.64,8.34,,
541118,P,2002-02-17,31414,6,52.62,7.91,,
541119,P,2001-10-22,57930,9,66.55,6.99,,
541120,P,2002-08-05,58320,4,35.46,3.73,,
541121,P,2001-01-05,7909,8,18.72,1.40,,
541122,P,2000-03-20,29687,1,94.66,1.76,,
541123,P,2000-01-06,39005,5,99.67,0.02,,
541124,P,2000-06-12,36461,3,5.92,5.70,,
541125,P,2000-06-22,38013,4,23.96,6.52,,
541126,P,2000-06-01,21159,10,99.57,6.81,,
541127,P,2000-04-15,8817,1,2.99,0.16,,
541128,P,2001-10-30,31697,1,80.27,7.93,,
541129,P,2001-01-13,13185,2,77.61,4.70,,
541130,P,2002-09-18,11371,5,61.13,6.34,,
541131,P,2002-06-15,222,7,24.41,8.97,,
541132,P,2002-09-09,33211,7,11.09,7.63,,
541133,P,2001-12-05,45225,8,90.61,7.24,,
541134,P,2002-08-30,94814,2,8.90,6.14,,
541135,P,2001-09-10,4728,4,83.25,6.01,,
541136,P,2000-08-16,36918,1,41.04,6.54,,
541137,P,2002-07-30,59806,7,17.56,6.26,,
541138,P,2002-09-07,66465,4,37.90,6.79,,
541139,P,2000-01-22,54531,4,26.02,1.48,,
541140,P,2002-01-23,1017,2,94.54,5.24,,
541141,P,2001-12-27,1924,10,76.10,7.96,,
541142,P,2001-10-12,77220,3,17.44,5.66,,
541143,P,2002-06-30,25719,6,90.38,0.74,,
541144,P,2002-09-18,98251,2,6.77,6.70,,
541145,P,2001-09-29,86909,7,92.17,3.50,,
541146,P,2000-08-24,71605,5,27.30,2.77,,
541147,P,2000-02-06,43350,9,66.62,1.91,,
541148,P,2001-04-07,58250,4,96.99,8.76,,
541149,P,2000-12-05,63615,10,96.30,7.17,,
541150,P,2002-05-20,52533,8,36.30,8.61,,
541151,P,2002-02-05,96797,5,81.23,9.31,,
541152,P,2000-10-20,3994,3,4.67,2.45,,
541153,P,2002-01-01,82225,8,78.38,9.88,,
541154,P,2000-03-22,32779,7,37.86,5.92,,
541155,P,2000-03-27,947,8,7.73,6.61,,
541156,P,2001-02-04,46014,3,42.77,2.97,,
541157,P,2000-11-10,13435,1,99.95,4.50,,
541158,P,2000-01-24,84046,9,99.51,4.28,,
541159,P,2000-05-13,48060,9,87.94,5.54,,
541160,P,2001-04-25,76008,9,37.79,9.90,,
541161,P,2000-03-14,21474,2,82.88,9.25,,
541162,P,2000-03-30,85346,3,13.85,5.70,,
541163,P,2001-12-01,29219,7,91.37,7.20,,
541164,P,2000-05-31,11495,10,61.99,0.58,,
541165,P,2001-06-27,87461,4,79.04,2.51,,
541166,P,2001-04-14,37452,4,90.18,7.06,,
541167,P,2001-05-05,29850,1,66.53,1.63,,
541168,P,2001-02-03,46629,5,72.01,1.63,,
541169,P,2002-06-18,15743,1,33.42,0.63,,
541170,P,2000-11-05,96053,1,74.33,9.98,,
541171,P,2001-12-12,9149,5,80.79,1.38,,
541172,P,2001-09-26,68463,8,58.18,8.51,,
541173,P,2000-06-18,15883,3,75.99,0.86,,
541174,P,2002-01-31,11137,6,93.47,3.97,,
541175,P,2001-02-17,82177,2,21.05,6.27,,
541176,P,2000-06-11,94937,1,1.20,4.21,,
541177,P,2002-03-19,41490,6,20.13,1.62,,
541178,P,2001-11-07,71083,8,29.22,8.47,,
541179,P,2000-09-20,21016,9,50.93,5.00,,
541180,P,2002-02-03,26337,9,54.61,8.79,,
541181,P,2001-07-01,48514,6,27.37,0.78,,
541182,P,2000-04-19,8296,10,57.69,8.93,,
541183,P,2002-06-11,37469,9,48.22,5.47,,
541184,P,2002-08-16,16403,8,65.27,4.49,,
541185,P,2001-04-18,48849,4,82.44,7.54,,
541186,P,2000-08-30,70137,1,80.48,1.28,,
541187,P,2000-02-21,19095,8,64.18,8.98,,
541188,P,2000-09-06,13665,2,92.83,2.11,,
541189,P,2001-08-21,79797,7,75.91,3.78,,
541190,P,2001-06-01,23583,9,64.06,2.69,,
541191,P,2001-03-16,30558,5,3.66,6.09,,
541192,P,2001-07-03,40350,10,29.04,0.25,,
541193,P,2002-07-06,83549,4,97.94,4.25,,
541194,P,2001-09-23,85987,2,5.06,1.33,,
541195,P,2000-12-07,95517,7,25.07,6.06,,
541196,P,2000-01-03,24752,9,73.04,5.93,,
541197,P,2000-04-04,21725,5,48.42,0.93,,
541198,P,2000-06-25,796,2,12.98,1.28,,
541199,P,2000-09-25,74854,4,98.39,0.26,,
541200,P,2002-06-03,83702,2,87.45,0.20,,
541201,P,2002-09-06,70341,2,27.38,0.32,,
541202,P,2001-11-06,21220,6,93.35,2.94,,
541203,P,2002-08-26,64882,4,40.89,8.30,,
541204,P,2000-08-18,87873,1,65.75,0.60,,
541205,P,2000-08-24,14462,3,97.57,1.07,,
541206,P,2002-08-11,34262,1,85.96,8.40,,
541207,P,2000-04-16,79342,3,46.81,8.41,,
541208,P,2001-03-30,81129,8,74.08,6.61,,
541209,P,2000-01-26,1714,3,75.45,0.55,,
541210,P,2001-04-26,36455,5,65.31,5.20,,
541211,P,2002-02-27,22486,9,75.14,1.85,,
541212,P,2000-10-23,77774,1,63.74,4.62,,
541213,P,2002-07-20,86630,6,77.61,6.53,,
541214,P,2001-11-23,98287,2,57.72,1.94,,
541215,P,2002-04-12,73012,7,65.28,1.30,,
541216,P,2001-10-22,78521,5,34.94,9.02,,
541217,P,2001-02-23,52628,6,57.28,3.48,,
541218,P,2001-09-08,92308,1,28.74,2.79,,
541219,P,2000-11-12,418,2,97.58,6.03,,
541220,P,2001-05-29,10035,10,83.82,3.54,,
541221,P,2002-07-05,79079,1,61.12,2.61,,
541222,P,2000-05-30,18118,10,5.75,9.04,,
541223,P,2001-09-07,40552,5,60.28,7.79,,
541224,P,2002-09-26,98369,8,99.82,1.11,,
541225,P,2001-03-02,59542,6,24.70,2.39,,
541226,P,2000-03-20,72298,9,1.05,0.59,,
541227,P,2002-09-22,86968,6,14.55,3.98,,
541228,P,2002-01-20,27438,3,33.47,2.98,,
541229,P,2002-03-25,55587,6,64.00,7.99,,
541230,P,2000-05-18,10129,6,75.35,7.06,,
541231,P,2002-01-23,74774,2,84.44,2.33,,
541232,P,2000-10-24,61868,8,18.12,4.04,,
541233,P,2002-08-25,29234,7,33.80,3.83,,
541234,P,2002-09-23,38335,6,65.45,7.53,,
541235,P,2002-04-09,19361,8,29.66,8.95,,
541236,P,2000-03-29,96013,10,37.71,4.25,,
541237,P,2000-11-05,91123,4,46.20,1.86,,
541238,P,2000-05-25,27113,1,80.84,0.15,,
541239,P,2000-12-22,15403,1,57.25,5.86,,
541240,P,2002-04-02,16340,10,73.54,1.73,,
541241,P,2001-04-07,90244,2,96.09,9.93,,
541242,P,2000-01-20,38787,10,43.77,2.97,,
541243,P,2002-06-04,66798,10,34.78,0.65,,
541244,P,2002-09-25,39643,1,59.89,2.56,,
541245,P,2001-11-07,96602,5,49.27,0.29,,
541246,P,2001-12-08,36862,2,53.14,0.14,,
541247,P,2000-10-18,47622,4,28.68,2.00,,
541248,P,2001-04-12,91050,1,20.99,6.58,,
541249,P,2001-10-22,6366,8,99.90,6.59,,
541250,P,2000-08-30,35856,3,42.56,1.67,,
541251,P,2000-09-12,3302,8,64.64,1.17,,
541252,P,2000-07-28,9440,6,45.86,7.50,,
541253,P,2000-02-02,66771,3,66.74,3.13,,
541254,P,2002-09-13,59600,9,45.65,5.98,,
541255,P,2000-08-25,53708,1,34.24,8.29,,
541256,P,2000-05-31,79933,5,44.86,9.45,,
541257,P,2001-02-15,61509,7,90.37,0.03,,
541258,P,2001-08-29,99548,4,16.50,2.46,,
541259,P,2000-02-15,16523,9,35.05,1.40,,
541260,P,2002-06-04,78901,7,52.21,7.64,,
541261,P,2000-06-25,41352,10,25.95,3.64,,
541262,P,2001-06-02,66708,1,25.30,3.36,,
541263,P,2000-01-09,68723,7,64.59,8.12,,
541264,P,2000-04-15,25704,4,83.27,8.40,,
541265,P,2002-07-28,37669,9,21.06,4.03,,
541266,P,2000-03-19,70019,8,41.98,9.96,,
541267,P,2000-11-28,30900,1,39.87,0.12,,
541268,P,2001-11-03,87408,8,63.95,4.17,,
541269,P,2000-11-22,27065,10,56.36,1.29,,
541270,P,2001-05-03,86474,1,15.67,3.14,,
541271,P,2000-06-05,41514,9,33.71,0.42,,
541272,P,2000-01-12,34522,10,49.59,3.31,,
541273,P,2001-05-30,27450,7,54.92,3.64,,
541274,P,2001-09-12,11301,2,1.26,9.26,,
541275,P,2001-10-07,43118,8,29.26,4.06,,
541276,P,2002-01-28,79229,6,67.63,3.48,,
541277,P,2000-10-09,93093,9,45.03,5.21,,
541278,P,2000-04-12,82077,6,71.11,1.12,,
541279,P,2002-04-24,82736,6,4.52,1.35,,
541280,P,2000-06-05,6293,4,74.77,8.52,,
541281,P,2000-12-03,69343,5,35.55,1.73,,
541282,P,2000-10-20,5800,3,73.45,0.16,,
541283,P,2000-09-06,77656,5,1.03,8.75,,
541284,P,2001-04-13,49694,7,36.52,8.03,,
541285,P,2001-04-05,6075,10,23.87,2.64,,
541286,P,2002-07-03,14625,3,34.65,2.85,,
541287,P,2000-11-15,73379,10,58.29,9.29,,
541288,P,2001-05-21,57327,5,60.26,8.64,,
541289,P,2000-11-22,25619,2,35.90,6.67,,
541290,P,2001-07-03,92067,9,25.04,5.03,,
541291,P,2001-09-25,17796,4,44.61,6.62,,
541292,P,2002-09-25,56927,9,38.02,2.58,,
541293,P,2001-08-29,35671,1,73.56,7.56,,
541294,P,2000-03-31,35509,6,5.03,8.88,,
541295,P,2002-05-03,95002,9,26.57,2.47,,
541296,P,2001-12-03,25058,5,65.55,7.01,,
541297,P,2001-09-29,56545,3,88.69,4.04,,
541298,P,2002-03-12,85324,7,17.18,3.57,,
541299,P,2000-08-31,45619,9,17.51,5.38,,
541300,P,2001-10-19,43837,1,5.81,5.84,,
541301,P,2001-12-30,50240,4,4.89,6.26,,
541302,P,2000-04-05,13090,8,88.78,1.31,,
541303,P,2002-05-12,89283,2,17.18,5.83,,
541304,P,2001-09-12,44782,8,28.12,4.63,,
541305,P,2000-11-25,51492,10,37.96,7.48,,
541306,P,2002-09-15,28707,9,27.32,9.83,,
541307,P,2001-02-26,29323,5,41.33,4.66,,
541308,P,2000-04-11,61821,3,43.15,2.67,,
541309,P,2001-03-29,23593,5,97.58,9.12,,
541310,P,2000-02-06,23026,10,39.09,5.49,,
541311,P,2002-07-21,99899,4,60.65,0.64,,
541312,P,2000-09-16,24629,3,3.81,4.23,,
541313,P,2000-12-27,51435,7,3.24,3.02,,
541314,P,2000-04-27,54190,9,7.38,2.49,,
541315,P,2000-06-24,53040,7,73.94,7.62,,
541316,P,2001-01-05,16952,1,67.45,3.40,,
541317,P,2001-12-04,8917,8,5.04,6.51,,
541318,P,2000-03-23,8745,6,43.44,3.74,,
541319,P,2001-09-12,55580,4,99.81,7.16,,
541320,P,2001-08-15,94170,9,70.32,3.90,,
541321,P,2001-03-14,30977,7,58.27,1.21,,
541322,P,2001-07-27,26037,6,70.75,8.22,,
541323,P,2001-04-24,10370,4,52.16,5.19,,
541324,P,2002-08-14,5858,1,15.44,3.31,,
541325,P,2002-04-22,18259,5,53.96,3.13,,
541326,P,2002-06-02,33023,2,20.47,2.13,,
541327,P,2002-05-17,41260,9,37.32,2.45,,
541328,P,2001-09-19,94457,8,34.22,4.54,,
541329,P,2001-01-24,44338,9,42.04,0.06,,
541330,P,2000-12-10,71794,6,84.76,3.09,,
541331,P,2002-02-06,70268,4,72.96,8.84,,
541332,P,2000-02-20,49992,4,89.32,2.06,,
541333,P,2002-07-06,13827,4,99.07,7.71,,
541334,P,2001-03-31,53492,3,62.05,3.27,,
541335,P,2002-06-14,71681,5,56.01,1.92,,
541336,P,2001-06-29,12357,9,1.46,7.19,,
541337,P,2000-04-18,73096,4,74.57,6.99,,
541338,P,2002-03-27,71891,5,3.69,1.14,,
541339,P,2000-08-21,6396,6,67.16,3.37,,
541340,P,2001-05-11,70164,2,67.20,7.80,,
541341,P,2001-08-28,1216,5,65.87,4.23,,
541342,P,2000-07-18,27701,2,50.69,4.51,,
541343,P,2001-09-27,55708,7,62.37,2.68,,
541344,P,2001-12-18,51576,2,14.50,0.05,,
541345,P,2000-04-21,52310,9,96.44,8.03,,
541346,P,2001-07-03,53209,9,62.19,0.91,,
541347,P,2001-10-19,85556,5,81.67,8.30,,
541348,P,2001-11-06,42422,4,91.13,8.96,,
541349,P,2000-05-21,67194,8,36.54,4.98,,
541350,P,2000-04-24,19368,2,17.53,5.54,,
541351,P,2001-06-09,29561,3,17.00,3.16,,
541352,P,2000-06-10,32549,3,8.28,9.01,,
541353,P,2000-01-01,32114,6,39.21,8.80,,
541354,P,2001-04-18,21375,4,20.49,2.65,,
541355,P,2000-11-18,48074,1,36.20,0.08,,
541356,P,2002-01-22,35295,8,80.35,3.52,,
541357,P,2002-05-07,13199,7,61.78,9.18,,
541358,P,2001-01-16,33083,7,15.72,3.11,,
541359,P,2000-08-09,83847,8,77.18,4.26,,
541360,P,2002-09-10,35826,2,73.62,6.10,,
541361,P,2000-04-06,49225,7,51.89,8.15,,
541362,P,2001-07-24,85324,5,60.60,7.27,,
541363,P,2000-04-24,88123,7,18.62,5.70,,
541364,P,2002-01-05,34094,5,40.82,0.97,,
541365,P,2001-02-27,85289,5,98.10,9.76,,
541366,P,2000-12-21,20550,5,40.81,8.50,,
541367,P,2002-08-26,70830,6,12.01,3.85,,
541368,P,2000-06-27,20304,2,55.74,5.10,,
541369,P,2002-08-16,2822,9,78.26,8.14,,
541370,P,2000-02-24,67881,7,38.82,2.44,,
541371,P,2001-04-08,20710,5,75.18,4.81,,
541372,P,2000-05-25,43502,6,4.43,7.23,,
541373,P,2001-02-14,42934,4,48.14,4.43,,
541374,P,2000-07-06,54800,4,19.03,0.77,,
541375,P,2001-07-03,34904,8,51.78,6.81,,
541376,P,2002-01-16,15804,6,28.94,6.30,,
541377,P,2000-03-19,36071,5,12.44,3.88,,
541378,P,2001-12-02,65763,5,57.38,2.69,,
541379,P,2000-07-08,21880,2,44.59,7.77,,
541380,P,2000-12-05,91664,1,34.60,7.01,,
541381,P,2001-04-25,96239,1,37.17,1.57,,
541382,P,2000-05-07,82798,9,88.82,2.76,,
541383,P,2001-08-09,40563,4,63.13,9.66,,
541384,P,2000-09-29,57879,3,85.56,0.66,,
541385,P,2002-08-02,26204,1,23.61,5.01,,
541386,P,2001-05-29,51230,5,94.40,2.37,,
541387,P,2002-07-21,81635,4,80.00,0.55,,
541388,P,2000-11-29,44013,8,72.43,6.62,,
541389,P,2000-01-29,91755,5,19.99,9.13,,
541390,P,2001-08-14,31158,7,74.99,8.24,,
541391,P,2000-09-16,74858,2,68.54,5.16,,
541392,P,2002-07-06,64653,8,76.63,7.81,,
541393,P,2001-02-25,66175,5,86.66,3.06,,
541394,P,2002-05-31,85652,2,80.16,9.75,,
541395,P,2002-03-02,74123,5,87.99,1.06,,
541396,P,2000-01-27,74107,8,32.64,1.44,,
541397,P,2001-01-17,5140,4,92.07,8.38,,
541398,P,2000-04-16,59983,7,64.17,7.88,,
541399,P,2000-04-28,87532,5,16.15,1.36,,
541400,P,2000-05-19,65333,4,30.03,7.20,,
541401,P,2000-01-22,88211,1,70.78,8.03,,
541402,P,2002-06-11,35683,4,83.09,2.89,,
541403,P,2000-02-15,56307,7,4.36,7.77,,
541404,P,2000-07-21,33620,1,17.73,0.63,,
541405,P,2001-03-18,78579,7,53.93,5.19,,
541406,P,2002-08-02,27072,5,67.49,9.13,,
541407,P,2001-10-04,55718,4,80.29,9.79,,
541408,P,2001-07-07,69543,2,30.05,9.78,,
541409,P,2002-07-12,99975,3,60.26,3.06,,
541410,P,2001-01-05,51940,4,55.36,5.80,,
541411,P,2001-04-02,18059,10,17.74,1.23,,
541412,P,2001-11-15,75330,5,23.86,6.70,,
541413,P,2000-10-31,82219,9,27.27,9.49,,
541414,P,2000-08-02,6729,9,90.14,9.76,,
541415,P,2000-05-06,26616,5,42.57,4.22,,
541416,P,2001-04-22,82221,3,7.04,9.24,,
541417,P,2001-01-02,695,8,30.98,0.03,,
541418,P,2001-07-28,50191,5,84.78,2.09,,
541419,P,2001-12-27,5276,1,91.36,9.10,,
541420,P,2001-12-06,39722,10,10.72,7.92,,
541421,P,2001-05-24,66898,10,56.26,0.86,,
541422,P,2002-03-18,94952,2,53.41,1.60,,
541423,P,2000-02-14,89589,6,57.43,2.21,,
541424,P,2000-11-21,86041,4,41.16,0.93,,
541425,P,2002-04-15,23576,5,21.13,4.97,,
541426,P,2002-03-29,91267,6,86.95,0.37,,
541427,P,2000-11-25,67333,6,15.95,2.06,,
541428,P,2001-02-17,17314,2,48.31,8.98,,
541429,P,2001-08-24,38224,3,5.36,1.62,,
541430,P,2002-01-12,38608,9,50.44,4.99,,
541431,P,2001-04-20,97049,5,65.74,8.65,,
541432,P,2001-07-31,27922,6,83.25,1.06,,
541433,P,2000-04-22,84158,2,29.14,2.86,,
541434,P,2000-04-25,44915,2,72.17,3.34,,
541435,P,2002-03-04,59222,1,56.55,4.74,,
541436,P,2002-06-27,51006,4,81.58,2.33,,
541437,P,2001-08-10,99148,8,4.10,9.19,,
541438,P,2001-02-11,21548,6,64.62,2.20,,
541439,P,2002-03-14,32084,5,13.33,3.51,,
541440,P,2000-02-22,98132,3,23.01,2.39,,
541441,P,2002-09-06,93762,3,50.27,2.88,,
541442,P,2001-05-10,88831,3,5.82,4.55,,
541443,P,2000-10-28,70051,1,8.73,9.21,,
541444,P,2001-11-08,42333,2,85.47,4.86,,
541445,P,2001-02-19,85610,5,68.84,5.61,,
541446,P,2000-03-10,53935,5,40.69,7.33,,
541447,P,2002-05-26,8850,1,42.70,0.84,,
541448,P,2000-06-10,54324,6,45.96,2.25,,
541449,P,2000-08-30,21748,1,48.00,4.02,,
541450,P,2001-11-20,13700,6,0.48,6.02,,
541451,P,2000-04-10,25670,6,38.56,2.24,,
541452,P,2001-10-27,48045,5,87.42,5.12,,
541453,P,2000-01-10,362,5,65.75,4.94,,
541454,P,2002-02-23,92281,8,81.38,4.34,,
541455,P,2000-12-12,88090,4,60.33,1.80,,
541456,P,2000-02-06,13639,2,64.15,4.61,,
541457,P,2000-04-01,98940,3,51.78,3.96,,
541458,P,2001-11-16,84217,2,80.97,1.86,,
541459,P,2000-10-02,79368,3,23.21,8.15,,
541460,P,2001-12-23,17736,1,52.60,0.57,,
541461,P,2001-06-18,61365,5,92.79,5.96,,
541462,P,2002-06-05,24393,2,91.69,6.06,,
541463,P,2001-07-13,47242,7,2.47,5.94,,
541464,P,2001-10-15,93796,3,70.72,2.13,,
541465,P,2001-02-20,30581,3,47.58,8.73,,
541466,P,2001-01-11,66755,4,80.81,3.77,,
541467,P,2001-06-08,21653,1,51.76,9.64,,
541468,P,2001-08-24,81043,1,96.27,2.14,,
541469,P,2000-09-03,84394,6,2.62,6.71,,
541470,P,2001-07-26,16847,6,70.91,5.68,,
541471,P,2000-02-04,97145,7,21.05,4.74,,
541472,P,2000-12-07,51208,6,98.46,2.88,,
541473,P,2001-07-24,308,8,29.42,3.38,,
541474,P,2001-12-24,21275,10,22.27,3.94,,
541475,P,2000-07-22,18318,10,48.68,6.16,,
541476,P,2000-05-24,87213,1,22.18,3.10,,
541477,P,2002-07-18,25488,10,98.16,2.19,,
541478,P,2000-12-22,36889,6,95.74,0.89,,
541479,P,2002-07-05,86554,10,97.32,5.51,,
541480,P,2001-01-23,76326,5,9.25,8.99,,
541481,P,2000-04-13,75579,8,97.10,1.61,,
541482,P,2000-07-04,12149,4,51.70,6.03,,
541483,P,2002-02-09,36922,7,32.98,4.68,,
541484,P,2002-07-15,79291,9,56.37,6.35,,
541485,P,2002-09-19,45335,3,17.12,6.47,,
541486,P,2002-05-30,1449,9,75.85,5.32,,
541487,P,2001-02-21,78908,7,19.79,4.55,,
541488,P,2001-11-29,77102,6,90.39,6.18,,
541489,P,2002-04-11,92670,7,22.59,2.15,,
541490,P,2001-04-07,97427,7,36.29,1.10,,
541491,P,2002-04-27,32003,6,11.45,3.92,,
541492,P,2001-07-23,77582,3,5.10,5.60,,
541493,P,2002-01-12,76996,5,43.04,0.24,,
541494,P,2001-07-28,99116,6,90.04,1.23,,
541495,P,2002-07-22,36311,7,5.38,1.83,,
541496,P,2000-08-13,23510,9,45.17,4.94,,
541497,P,2000-09-26,14266,6,81.46,1.04,,
541498,P,2000-05-09,12773,9,37.69,9.41,,
541499,P,2002-05-31,10094,7,52.27,7.79,,
541500,P,2000-04-06,20227,1,55.10,5.91,,
541501,P,2001-06-03,57155,2,0.99,1.53,,
541502,P,2000-04-27,13845,5,90.11,8.42,,
541503,P,2000-06-18,80816,9,6.84,5.66,,
541504,P,2001-01-07,19647,6,40.79,9.14,,
541505,P,2000-05-03,19174,3,70.54,1.57,,
541506,P,2001-07-04,13333,2,30.75,1.73,,
541507,P,2002-02-06,1167,3,83.37,0.02,,
541508,P,2002-09-08,62700,3,11.62,1.29,,
541509,P,2001-10-24,86425,7,83.90,1.28,,
541510,P,2001-05-26,50183,10,8.97,6.86,,
541511,P,2000-03-06,20956,9,96.71,1.30,,
541512,P,2002-08-07,95680,9,56.83,8.69,,
541513,P,2000-12-16,51604,3,29.26,3.84,,
541514,P,2000-10-11,71614,3,65.67,2.89,,
541515,P,2002-04-04,98396,3,95.51,2.70,,
541516,P,2001-07-04,88852,10,44.88,9.62,,
541517,P,2002-02-05,58015,6,9.92,7.26,,
541518,P,2002-09-11,47067,3,37.03,5.66,,
541519,P,2002-09-23,71695,9,85.35,2.65,,
541520,P,2001-10-30,12780,7,42.66,9.24,,
541521,P,2000-05-25,12510,10,67.41,7.09,,
541522,P,2000-03-13,27845,10,5.77,2.75,,
541523,P,2000-12-06,29543,4,47.41,8.24,,
541524,P,2000-11-02,76756,10,18.70,6.95,,
541525,P,2002-01-06,57872,1,39.08,8.99,,
541526,P,2000-02-12,63266,1,6.88,6.81,,
541527,P,2001-10-03,60612,4,15.62,2.64,,
541528,P,2000-04-02,40169,10,52.26,3.67,,
541529,P,2001-03-01,26474,3,99.91,8.87,,
541530,P,2002-02-05,23260,9,71.25,2.14,,
541531,P,2002-04-06,94417,8,40.40,6.29,,
541532,P,2001-09-02,15244,2,53.20,0.10,,
541533,P,2000-08-08,73833,2,38.48,5.57,,
541534,P,2002-04-29,83,10,17.50,1.89,,
541535,P,2002-05-08,12232,5,77.68,8.40,,
541536,P,2000-10-28,4892,5,9.58,3.78,,
541537,P,2000-08-15,60456,6,82.67,0.26,,
541538,P,2002-02-07,8438,3,73.74,3.33,,
541539,P,2002-07-12,17712,6,16.58,8.50,,
541540,P,2000-09-02,41816,6,51.52,1.52,,
541541,P,2000-09-26,8261,8,18.94,7.90,,
541542,P,2001-11-06,47816,10,62.55,1.12,,
541543,P,2000-07-01,91365,1,98.04,7.71,,
541544,P,2000-08-20,83073,4,26.55,3.48,,
541545,P,2000-04-17,49668,2,27.46,5.35,,
541546,P,2000-01-07,40823,10,69.40,5.02,,
541547,P,2000-07-29,1139,9,7.19,9.05,,
541548,P,2002-03-18,45267,4,55.01,2.73,,
541549,P,2001-08-26,14525,5,54.43,8.79,,
541550,P,2001-12-06,68586,8,77.45,3.46,,
541551,P,2002-06-12,4207,1,11.19,8.20,,
541552,P,2001-06-08,74859,2,37.16,7.31,,
541553,P,2000-06-18,51927,9,32.25,3.06,,
541554,P,2000-03-25,84539,2,99.79,1.42,,
541555,P,2000-10-23,7453,1,16.55,2.73,,
541556,P,2001-10-18,45929,3,19.27,4.56,,
541557,P,2000-12-08,36048,10,76.35,2.24,,
541558,P,2000-01-11,23867,1,4.68,9.93,,
541559,P,2002-01-03,5428,2,15.41,6.74,,
541560,P,2001-03-26,38964,5,78.43,7.31,,
541561,P,2000-01-21,53490,3,91.10,3.78,,
541562,P,2001-02-20,4357,6,60.37,7.15,,
541563,P,2002-08-08,55477,9,66.28,8.76,,
541564,P,2000-06-15,55662,6,70.19,2.35,,
541565,P,2001-08-06,5898,1,59.64,2.35,,
541566,P,2001-07-12,44105,8,4.67,3.00,,
541567,P,2001-12-17,4039,5,55.40,7.69,,
541568,P,2000-01-06,31040,10,32.95,5.07,,
541569,P,2002-08-13,53997,3,30.32,6.01,,
541570,P,2002-07-13,13209,9,78.44,0.72,,
541571,P,2002-04-13,68183,4,87.53,9.77,,
541572,P,2000-07-17,70582,1,91.37,4.84,,
541573,P,2000-01-19,59563,8,23.31,3.73,,
541574,P,2001-09-17,9531,5,45.03,8.27,,
541575,P,2001-07-28,82347,3,71.21,6.90,,
541576,P,2000-05-03,97968,10,76.50,1.97,,
541577,P,2001-10-06,7047,7,44.39,4.01,,
541578,P,2001-05-29,31425,2,30.39,2.98,,
541579,P,2000-10-03,1569,10,73.81,7.04,,
541580,P,2001-07-01,54131,8,47.11,2.43,,
541581,P,2000-03-31,41742,9,59.92,5.40,,
541582,P,2001-08-11,99414,7,10.87,1.72,,
541583,P,2001-06-03,90301,8,73.98,7.27,,
541584,P,2000-03-10,55492,1,98.76,5.08,,
541585,P,2000-04-19,57620,2,29.94,0.18,,
541586,P,2000-12-18,41919,1,66.75,6.59,,
541587,P,2002-05-06,37319,7,43.45,2.74,,
541588,P,2000-11-29,2769,1,84.05,0.39,,
541589,P,2000-09-22,61260,4,74.05,6.65,,
541590,P,2001-01-02,72985,9,18.08,9.70,,
541591,P,2000-08-09,3879,6,59.26,9.74,,
541592,P,2001-09-29,72087,5,15.67,3.57,,
541593,P,2001-10-06,58007,10,30.56,0.89,,
541594,P,2000-01-05,41782,8,18.43,5.52,,
541595,P,2002-02-07,81970,9,28.53,4.36,,
541596,P,2001-01-29,40135,9,30.76,9.19,,
541597,P,2000-08-02,84523,7,28.17,8.51,,
541598,P,2001-03-01,23806,5,43.74,7.92,,
541599,P,2002-02-15,52962,6,60.72,0.28,,
541600,P,2000-01-26,56811,10,94.23,9.48,,
541601,P,2002-05-10,95653,2,38.46,2.47,,
541602,P,2001-08-28,5464,4,93.58,4.65,,
541603,P,2002-05-28,4227,5,68.45,0.98,,
541604,P,2002-09-26,67914,10,22.21,1.00,,
541605,P,2001-03-16,18753,3,77.59,7.16,,
541606,P,2000-04-10,24120,4,15.31,4.01,,
541607,P,2002-05-07,2673,6,65.91,0.34,,
541608,P,2000-04-09,55075,6,62.10,0.86,,
541609,P,2001-09-04,97713,5,74.24,8.07,,
541610,P,2000-02-07,95546,1,64.63,7.87,,
541611,P,2001-01-14,34534,8,87.90,7.69,,
541612,P,2001-07-25,31856,10,17.42,0.63,,
541613,P,2002-06-20,20488,9,8.75,7.89,,
541614,P,2001-09-02,26703,5,19.67,8.66,,
541615,P,2000-12-11,85593,9,68.28,4.39,,
541616,P,2001-01-19,89308,5,12.94,7.86,,
541617,P,2002-06-24,29751,1,94.98,8.44,,
541618,P,2000-11-29,14567,2,56.29,0.63,,
541619,P,2000-01-21,16047,7,58.77,5.22,,
541620,P,2001-07-15,52599,5,17.47,2.08,,
541621,P,2000-01-07,39494,2,94.97,7.78,,
541622,P,2002-08-28,30445,3,79.83,5.78,,
541623,P,2001-06-01,39006,1,31.48,4.19,,
541624,P,2001-08-07,23960,10,96.53,2.55,,
541625,P,2000-11-01,61987,5,9.59,3.30,,
541626,P,2000-10-29,37707,8,84.94,9.19,,
541627,P,2001-08-15,22072,8,40.92,0.05,,
541628,P,2000-06-22,94009,10,37.95,6.48,,
541629,P,2002-06-16,18063,5,73.48,7.21,,
541630,P,2000-08-04,83669,7,76.97,6.53,,
541631,P,2001-11-06,83978,7,99.92,4.24,,
541632,P,2001-04-05,40015,8,14.80,5.82,,
541633,P,2001-02-03,29546,2,26.58,8.76,,
541634,P,2001-09-21,93660,10,58.49,7.84,,
541635,P,2002-05-30,85571,8,17.38,9.32,,
541636,P,2001-11-12,97617,8,82.29,5.63,,
541637,P,2000-05-01,95015,2,77.73,2.14,,
541638,P,2001-08-25,74231,9,65.58,3.64,,
541639,P,2001-04-09,6763,2,22.79,6.50,,
541640,P,2000-05-23,12128,8,19.04,3.22,,
541641,P,2000-03-16,31226,5,41.00,8.74,,
541642,P,2001-08-23,29109,9,11.44,9.48,,
541643,P,2002-04-25,76282,1,44.93,8.72,,
541644,P,2000-07-25,64297,7,52.47,5.00,,
541645,P,2001-12-11,98530,4,66.45,4.15,,
541646,P,2000-07-30,91519,9,18.37,3.05,,
541647,P,2000-10-17,66658,8,63.15,9.20,,
541648,P,2000-04-22,9174,6,63.07,9.97,,
541649,P,2002-01-28,47788,4,52.83,7.94,,
541650,P,2001-03-18,92985,6,16.15,6.52,,
541651,P,2001-09-02,20488,3,88.03,6.99,,
541652,P,2000-10-30,16866,4,71.05,3.00,,
541653,P,2000-01-27,86132,9,97.30,8.82,,
541654,P,2002-09-08,9761,7,50.64,0.29,,
541655,P,2001-01-17,37819,9,97.16,5.24,,
541656,P,2000-01-22,53527,1,35.80,4.28,,
541657,P,2000-06-23,78471,5,55.94,9.03,,
541658,P,2001-05-30,15629,2,46.33,6.62,,
541659,P,2000-04-29,24690,10,20.57,1.44,,
541660,P,2000-08-07,49242,4,77.74,2.08,,
541661,P,2002-04-13,25498,6,30.64,0.37,,
541662,P,2001-05-05,47017,6,81.67,9.15,,
541663,P,2000-09-17,49331,8,62.75,5.62,,
541664,P,2001-05-20,40710,3,97.21,2.38,,
541665,P,2000-09-10,49686,8,43.69,7.17,,
541666,P,2002-05-31,49285,8,51.23,2.80,,
541667,P,2002-02-02,47923,10,27.88,1.99,,
541668,P,2000-03-17,43291,7,41.06,1.40,,
541669,P,2001-02-16,62542,3,50.13,7.24,,
541670,P,2002-04-14,23235,4,43.68,0.82,,
541671,P,2000-08-04,90334,9,25.33,1.33,,
541672,P,2001-10-25,90063,6,73.87,1.02,,
541673,P,2002-01-24,61170,7,85.03,6.43,,
541674,P,2002-04-12,82627,6,30.68,5.84,,
541675,P,2002-04-16,61299,6,89.87,4.93,,
541676,P,2001-10-19,55043,2,81.50,3.19,,
541677,P,2000-09-01,69282,3,6.82,6.08,,
541678,P,2002-08-25,30447,6,96.53,3.18,,
541679,P,2002-04-29,7726,6,18.14,0.17,,
541680,P,2002-03-03,32830,3,92.28,2.69,,
541681,P,2002-04-12,98880,8,91.80,2.23,,
541682,P,2000-05-06,91623,9,42.51,9.15,,
541683,P,2002-01-14,68782,9,86.99,4.97,,
541684,P,2002-01-01,84565,6,34.16,8.01,,
541685,P,2000-08-27,47451,10,61.06,9.18,,
541686,P,2002-01-01,8261,1,3.70,3.72,,
541687,P,2000-12-10,15720,3,94.34,4.62,,
541688,P,2000-08-17,49379,8,88.80,5.71,,
541689,P,2002-04-02,82767,2,82.94,4.66,,
541690,P,2001-12-05,55155,4,8.12,8.33,,
541691,P,2000-09-28,53786,8,38.35,6.75,,
541692,P,2002-03-07,16183,2,52.05,5.79,,
541693,P,2000-05-17,87804,5,53.84,6.96,,
541694,P,2002-05-20,75035,10,86.37,0.34,,
541695,P,2001-02-15,58579,8,72.85,0.87,,
541696,P,2000-11-19,20893,9,43.47,7.53,,
541697,P,2000-11-30,69696,7,22.83,0.06,,
541698,P,2000-09-11,14515,2,56.64,3.04,,
541699,P,2000-02-06,13386,10,55.42,6.21,,
541700,P,2002-05-15,46395,3,86.23,5.65,,
541701,P,2001-09-23,81054,5,89.07,9.52,,
541702,P,2001-07-31,18073,3,11.31,4.79,,
541703,P,2000-03-01,71334,9,61.65,3.67,,
541704,P,2002-06-17,40273,6,72.29,3.72,,
541705,P,2000-06-13,51989,6,45.44,8.55,,
541706,P,2000-06-01,71586,4,74.13,7.90,,
541707,P,2001-10-21,4653,10,71.68,6.56,,
541708,P,2001-12-07,76127,7,63.98,6.78,,
541709,P,2001-11-20,24992,5,81.11,3.57,,
541710,P,2000-04-13,13243,2,8.52,8.99,,
541711,P,2002-04-16,43345,10,86.32,9.00,,
541712,P,2001-07-19,73924,2,27.98,4.94,,
541713,P,2002-05-26,31515,3,10.41,6.35,,
541714,P,2001-12-22,84692,3,82.64,7.12,,
541715,P,2000-07-21,39145,4,42.21,6.87,,
541716,P,2002-05-25,83289,8,91.94,5.30,,
541717,P,2001-01-26,39889,6,85.12,7.22,,
541718,P,2000-09-03,61610,3,17.00,2.40,,
541719,P,2002-07-24,21683,9,37.64,8.73,,
541720,P,2001-12-02,66525,3,39.41,1.17,,
541721,P,2000-12-11,18261,8,37.18,5.36,,
541722,P,2001-05-01,63004,3,9.65,8.11,,
541723,P,2001-08-05,75811,7,51.49,7.61,,
541724,P,2002-06-07,50695,3,6.46,9.83,,
541725,P,2000-08-20,64544,10,61.83,8.59,,
541726,P,2001-09-17,43508,4,81.31,4.25,,
541727,P,2000-11-25,66366,2,78.41,5.45,,
541728,P,2002-04-17,65574,2,80.65,4.05,,
541729,P,2000-06-10,49462,1,13.34,8.80,,
541730,P,2002-03-01,46571,3,34.03,4.27,,
541731,P,2000-11-11,63706,6,34.30,2.76,,
541732,P,2001-02-09,9508,7,93.06,0.36,,
541733,P,2002-09-21,54208,1,58.55,0.97,,
541734,P,2000-10-09,76125,7,51.03,9.86,,
541735,P,2000-08-03,76853,7,30.24,1.51,,
541736,P,2001-11-08,58013,8,3.21,5.16,,
541737,P,2000-04-08,83827,8,9.89,5.81,,
541738,P,2002-09-12,64944,6,11.56,6.41,,
541739,P,2001-03-19,57911,7,9.29,1.50,,
541740,P,2002-05-22,84236,3,98.88,5.41,,
541741,P,2001-09-13,90918,5,22.43,7.10,,
541742,P,2000-02-15,30528,10,32.45,5.50,,
541743,P,2001-07-01,33051,3,90.46,7.51,,
541744,P,2002-03-25,2174,1,74.66,8.26,,
541745,P,2001-03-03,30131,1,62.53,2.63,,
541746,P,2001-04-27,37875,7,21.37,9.38,,
541747,P,2002-06-10,31535,9,4.85,0.18,,
541748,P,2002-05-07,95478,8,20.54,6.05,,
541749,P,2001-07-17,52584,6,23.48,4.96,,
541750,P,2000-05-03,35300,7,45.59,2.12,,
541751,P,2001-12-12,10069,5,48.86,3.37,,
541752,P,2000-09-12,96103,3,89.59,0.13,,
541753,P,2001-09-13,46227,3,88.15,2.39,,
541754,P,2000-02-03,696,9,19.82,8.38,,
541755,P,2001-06-24,20271,5,64.30,8.89,,
541756,P,2001-03-25,88165,8,68.10,3.06,,
541757,P,2002-04-24,43100,6,53.48,0.55,,
541758,P,2002-07-23,65890,10,44.16,2.92,,
541759,P,2002-09-10,69090,8,40.12,9.13,,
541760,P,2000-11-14,55217,2,74.71,9.79,,
541761,P,2001-07-23,72433,3,44.64,9.17,,
541762,P,2002-09-10,51671,10,30.39,3.72,,
541763,P,2001-04-11,80321,9,48.29,4.69,,
541764,P,2002-06-20,59632,2,51.71,8.55,,
541765,P,2000-10-28,21987,9,36.61,2.96,,
541766,P,2002-05-08,35081,1,71.92,1.44,,
541767,P,2001-05-20,91697,10,26.34,7.00,,
541768,P,2000-01-17,46012,6,62.67,1.33,,
541769,P,2001-05-11,49280,3,40.62,3.19,,
541770,P,2001-07-30,82521,10,29.30,7.56,,
541771,P,2002-08-11,78863,5,53.33,9.03,,
541772,P,2001-03-26,77147,2,25.84,8.50,,
541773,P,2002-07-09,58580,8,12.65,4.37,,
541774,P,2001-07-11,33225,6,73.95,7.70,,
541775,P,2001-10-28,50962,1,20.63,0.38,,
541776,P,2000-01-09,92589,10,49.18,4.65,,
541777,P,2002-08-09,79372,3,60.20,8.23,,
541778,P,2001-10-20,72608,1,51.26,1.73,,
541779,P,2000-05-20,32704,10,19.81,8.75,,
541780,P,2001-07-31,1148,6,41.97,8.09,,
541781,P,2002-09-22,19026,5,29.46,3.87,,
541782,P,2002-02-20,63373,10,29.90,2.76,,
541783,P,2001-11-06,56618,2,22.54,0.67,,
541784,P,2002-06-17,60784,4,99.66,6.33,,
541785,P,2000-05-05,69740,3,44.80,9.31,,
541786,P,2002-06-26,91928,5,95.53,2.84,,
541787,P,2001-01-09,16418,5,66.23,3.92,,
541788,P,2001-12-02,49595,10,84.63,0.39,,
541789,P,2002-05-10,60594,10,39.70,6.44,,
541790,P,2000-12-09,49733,1,58.84,7.00,,
541791,P,2000-06-22,4698,10,39.33,7.94,,
541792,P,2001-12-27,53077,1,77.95,8.58,,
541793,P,2001-12-28,96521,9,56.78,7.59,,
541794,P,2002-03-21,55121,10,17.81,3.63,,
541795,P,2001-05-07,67933,6,45.51,3.15,,
541796,P,2000-07-28,85697,9,31.60,1.55,,
541797,P,2000-05-03,80786,7,30.61,7.56,,
541798,P,2002-06-28,53235,3,94.25,8.48,,
541799,P,2002-07-24,5392,4,63.45,8.74,,
541800,P,2002-02-20,35499,2,75.92,6.71,,
541801,P,2001-04-16,81353,1,79.84,3.98,,
541802,P,2001-10-16,562,3,85.90,1.15,,
541803,P,2000-12-19,33751,8,63.45,3.88,,
541804,P,2000-05-11,60276,5,80.12,9.28,,
541805,P,2001-12-12,95693,2,68.90,8.83,,
541806,P,2002-03-10,72370,4,61.41,7.29,,
541807,P,2001-03-12,76965,8,28.77,6.74,,
541808,P,2000-10-10,20122,7,53.95,1.09,,
541809,P,2001-06-06,21560,7,59.55,9.82,,
541810,P,2002-08-24,39540,3,89.18,6.18,,
541811,P,2002-08-02,25361,2,69.92,6.98,,
541812,P,2002-02-17,89785,9,66.73,5.03,,
541813,P,2002-08-04,32021,1,52.82,2.32,,
541814,P,2002-04-28,95657,9,60.47,8.82,,
541815,P,2002-01-04,70935,10,18.33,1.73,,
541816,P,2002-02-28,10969,7,55.26,8.55,,
541817,P,2001-03-30,90013,2,46.77,2.96,,
541818,P,2002-03-04,15762,1,62.94,1.87,,
541819,P,2002-05-11,34713,3,47.93,3.94,,
541820,P,2000-03-06,93864,10,77.38,2.27,,
541821,P,2000-07-27,21126,2,68.65,3.42,,
541822,P,2002-01-12,68626,10,91.14,4.14,,
541823,P,2000-11-22,31320,7,32.84,6.97,,
541824,P,2000-08-14,22435,7,9.48,1.79,,
541825,P,2000-06-23,42724,2,95.22,3.11,,
541826,P,2001-11-04,66298,10,65.67,3.86,,
541827,P,2001-06-16,66096,8,95.75,6.71,,
541828,P,2002-08-15,97431,7,78.40,8.10,,
541829,P,2000-12-23,85615,6,95.55,4.33,,
541830,P,2001-10-12,64340,3,0.89,2.82,,
541831,P,2002-06-03,89752,2,54.05,8.10,,
541832,P,2001-03-19,43203,1,11.68,6.31,,
541833,P,2002-08-19,51087,1,13.93,5.24,,
541834,P,2000-02-16,46024,4,21.06,7.40,,
541835,P,2000-06-01,83548,9,60.16,0.48,,
541836,P,2001-08-25,63259,3,99.87,2.98,,
541837,P,2001-10-06,9253,2,31.23,1.60,,
541838,P,2000-06-18,29101,4,95.02,4.47,,
541839,P,2002-06-11,35693,1,12.70,6.28,,
541840,P,2000-09-30,60591,8,65.71,9.84,,
541841,P,2000-05-25,35637,2,37.91,4.82,,
541842,P,2000-01-31,48684,2,45.91,8.21,,
541843,P,2001-04-22,40811,9,80.59,7.09,,
541844,P,2002-03-05,83285,7,92.11,9.51,,
541845,P,2001-06-10,3551,2,23.40,4.70,,
541846,P,2001-10-20,39898,3,19.59,4.70,,
541847,P,2001-06-16,29966,1,79.30,4.80,,
541848,P,2001-06-02,53540,8,3.16,2.22,,
541849,P,2000-09-25,68572,4,64.43,2.77,,
541850,P,2000-04-05,829,10,40.35,8.81,,
541851,P,2002-07-17,98757,2,0.30,9.91,,
541852,P,2000-10-11,8810,7,0.47,6.24,,
541853,P,2000-02-04,70328,9,42.14,2.57,,
541854,P,2000-08-26,9008,3,48.07,8.01,,
541855,P,2001-11-02,94076,3,89.78,8.53,,
541856,P,2001-08-11,45523,4,64.11,8.29,,
541857,P,2000-04-03,42681,10,34.10,5.94,,
541858,P,2001-01-26,48882,3,68.58,1.85,,
541859,P,2001-10-31,42988,8,75.84,5.80,,
541860,P,2002-05-05,67848,1,74.03,1.42,,
541861,P,2002-02-28,72299,3,79.77,8.49,,
541862,P,2000-08-27,1575,1,51.29,6.44,,
541863,P,2001-12-18,174,2,25.00,5.76,,
541864,P,2001-03-07,89625,6,92.17,3.36,,
541865,P,2002-03-05,38924,3,73.77,3.59,,
541866,P,2000-02-05,60551,9,53.20,3.28,,
541867,P,2001-01-01,36885,8,36.21,7.26,,
541868,P,2000-04-11,99614,3,2.55,0.78,,
541869,P,2002-09-16,5506,9,93.38,6.79,,
541870,P,2001-07-11,66618,6,21.39,6.09,,
541871,P,2000-05-07,48271,2,53.57,1.97,,
541872,P,2002-09-11,74269,10,18.11,3.07,,
541873,P,2002-04-24,6697,9,54.20,3.75,,
541874,P,2002-01-11,77898,9,37.14,5.45,,
541875,P,2000-08-12,92371,3,40.59,1.73,,
541876,P,2000-04-13,34281,4,89.23,3.13,,
541877,P,2000-03-26,46661,1,22.98,1.14,,
541878,P,2001-04-07,65633,2,8.40,2.59,,
541879,P,2002-05-09,99458,3,83.44,3.03,,
541880,P,2000-12-16,92652,5,55.36,2.42,,
541881,P,2000-03-25,40889,3,61.72,3.39,,
541882,P,2001-05-19,16059,6,97.87,3.28,,
541883,P,2000-01-20,13257,10,96.58,7.54,,
541884,P,2001-09-24,91538,3,77.04,9.87,,
541885,P,2002-07-20,45148,1,79.07,4.17,,
541886,P,2001-06-10,74704,5,49.07,2.40,,
541887,P,2001-10-11,29382,2,94.73,9.02,,
541888,P,2000-01-10,83570,7,38.11,0.49,,
541889,P,2002-09-05,20083,7,4.19,8.78,,
541890,P,2000-01-30,66276,8,49.64,3.88,,
541891,P,2002-07-29,26083,4,77.63,9.97,,
541892,P,2002-02-16,79663,8,19.60,4.95,,
541893,P,2000-05-17,17204,10,36.24,8.69,,
541894,P,2001-05-20,39495,6,44.14,9.18,,
541895,P,2000-05-17,8267,4,47.99,3.78,,
541896,P,2002-02-27,96949,10,24.44,9.88,,
541897,P,2001-02-13,79666,8,89.91,8.44,,
541898,P,2002-08-19,62476,6,19.66,9.55,,
541899,P,2001-07-25,52166,7,66.90,0.19,,
541900,P,2002-06-18,63559,10,14.13,9.74,,
541901,P,2002-02-27,56803,7,70.84,1.37,,
541902,P,2002-08-24,18507,7,33.86,4.81,,
541903,P,2001-11-18,83065,5,48.96,4.99,,
541904,P,2000-02-05,25525,9,55.25,4.78,,
541905,P,2001-08-06,29489,4,8.71,7.27,,
541906,P,2000-07-31,51459,9,77.00,7.85,,
541907,P,2000-11-07,87644,2,98.41,3.13,,
541908,P,2000-07-12,61650,9,38.57,8.61,,
541909,P,2001-11-16,32224,2,80.69,4.57,,
541910,P,2000-12-26,35492,8,45.88,1.26,,
541911,P,2000-02-26,35551,5,53.26,4.57,,
541912,P,2000-04-10,1754,1,62.67,8.43,,
541913,P,2002-04-07,65502,4,39.34,6.48,,
541914,P,2002-01-20,17966,7,7.43,5.44,,
541915,P,2002-04-15,58427,7,9.08,8.57,,
541916,P,2000-04-07,11833,3,81.22,5.86,,
541917,P,2000-09-29,84114,2,99.70,8.40,,
541918,P,2001-04-29,14821,9,87.96,1.57,,
541919,P,2002-07-20,3775,7,62.29,5.97,,
541920,P,2000-09-22,56182,3,38.63,4.65,,
541921,P,2001-09-03,57621,8,67.75,4.91,,
541922,P,2001-12-31,84286,1,98.17,7.65,,
541923,P,2001-08-11,86231,2,68.34,4.23,,
541924,P,2000-03-17,29600,4,50.11,7.21,,
541925,P,2001-08-12,83214,9,4.95,0.42,,
541926,P,2002-03-16,99574,10,21.30,9.71,,
541927,P,2002-07-29,78693,4,67.36,7.87,,
541928,P,2000-02-01,75334,1,54.66,7.64,,
541929,P,2002-09-11,23516,10,15.23,8.07,,
541930,P,2001-09-27,38895,5,61.18,2.77,,
541931,P,2000-01-18,59077,10,87.58,4.01,,
541932,P,2000-09-24,11579,9,13.40,8.69,,
541933,P,2002-07-01,68704,1,54.63,4.42,,
541934,P,2001-04-23,68054,9,49.76,0.55,,
541935,P,2002-07-19,83577,9,96.48,7.64,,
541936,P,2000-06-11,15356,9,4.13,5.75,,
541937,P,2001-10-05,19259,4,88.47,7.89,,
541938,P,2001-09-10,15563,1,61.90,8.28,,
541939,P,2001-10-28,47788,5,99.33,4.82,,
541940,P,2002-07-26,23485,3,48.05,9.68,,
541941,P,2000-01-31,80006,5,0.77,4.75,,
541942,P,2001-01-23,13065,8,56.97,6.53,,
541943,P,2002-04-08,223,7,37.22,0.00,,
541944,P,2001-02-20,2052,3,58.43,1.50,,
541945,P,2002-03-03,53598,2,96.84,1.82,,
541946,P,2000-12-07,41279,9,86.06,7.10,,
541947,P,2002-07-15,53057,3,54.73,3.23,,
541948,P,2001-07-18,93323,10,49.33,7.88,,
