423119,P,2000-03-16,43348,9,55.53,8.58,,
423120,P,2002-07-04,22162,7,5.94,0.51,,
423121,P,2000-08-12,43456,8,41.19,9.38,,
423122,P,2000-11-12,90260,10,24.91,4.97,,
423123,P,2001-10-29,90734,1,12.60,2.99,,
423124,P,2001-07-11,49476,4,27.52,8.37,,
423125,P,2001-12-17,37049,8,29.16,7.22,,
423126,P,2002-09-17,5654,6,54.21,4.36,,
423127,P,2001-10-22,24621,9,21.44,7.08,,
423128,P,2000-09-28,18686,9,48.38,9.42,,
423129,P,2002-04-01,45328,8,32.68,8.52,,
423130,P,2001-06-30,59943,9,29.48,2.29,,
423131,P,2002-06-20,14928,1,49.80,9.52,,
423132,P,2002-07-07,7583,9,94.47,7.16,,
423133,P,2001-03-24,95842,4,13.50,8.56,,
423134,P,2001-01-18,67264,4,25.24,6.87,,
423135,P,2001-07-27,68918,1,48.06,2.51,,
423136,P,2000-08-26,69240,4,34.19,3.43,,
423137,P,2001-08-26,82707,4,62.65,0.14,,
423138,P,2001-03-19,6696,1,89.00,0.09,,
423139,P,2000-12-14,42358,3,52.04,0.86,,
423140,P,2002-03-13,12682,7,31.67,5.95,,
423141,P,2002-02-13,63984,4,81.49,7.51,,
423142,P,2000-01-25,46556,7,35.21,9.20,,
423143,P,2001-12-05,37138,5,34.54,5.62,,
423144,P,2000-01-08,958,2,98.11,6.01,,
423145,P,2000-05-31,51314,4,33.87,4.56,,
423146,P,2000-06-15,55639,4,55.03,8.04,,
423147,P,2000-05-20,45416,7,48.48,2.52,,
423148,P,2000-03-14,21536,10,97.32,5.13,,
423149,P,2001-07-19,66060,10,13.24,9.49,,
423150,P,2000-10-03,2876,1,19.09,4.17,,
423151,P,2000-01-10,19698,10,35.64,8.37,,
423152,P,2002-02-15,25201,6,50.78,8.18,,
423153,P,2001-07-27,69161,2,42.03,8.71,,
423154,P,2000-08-19,31883,7,62.14,6.77,,
423155,P,2002-02-06,25756,3,0.49,0.60,,
423156,P,2000-02-23,27290,3,47.58,5.64,,
423157,P,2002-02-25,53033,8,29.38,6.01,,
423158,P,2002-08-20,21716,7,52.90,7.40,,
423159,P,2000-06-02,75550,4,97.33,2.99,,
423160,P,2000-05-08,51571,3,56.56,8.00,,
423161,P,2001-12-12,84441,8,44.71,6.90,,
423162,P,2001-07-05,24558,6,46.67,8.61,,
423163,P,2001-12-12,83571,1,71.46,3.55,,
423164,P,2001-06-26,45390,2,86.21,9.69,,
423165,P,2001-05-14,21351,2,4.03,8.51,,
423166,P,2001-05-21,48535,7,24.93,5.62,,
423167,P,2001-10-19,29340,7,62.44,5.22,,
423168,P,2000-03-03,92770,5,71.75,8.07,,
423169,P,2002-04-15,62055,6,34.06,5.06,,
423170,P,2001-06-14,19099,4,25.92,6.11,,
423171,P,2002-09-19,79889,7,13.13,9.56,,
423172,P,2000-12-22,54327,3,58.35,1.52,,
423173,P,2001-12-06,6361,2,72.47,2.37,,
423174,P,2000-12-14,90680,10,73.36,7.35,,
423175,P,2001-11-22,97235,7,95.69,8.16,,
423176,P,2000-07-10,620,3,62.01,3.54,,
423177,P,2000-07-11,59189,6,0.77,7.31,,
423178,P,2002-04-16,93106,5,50.64,7.62,,
423179,P,2000-09-25,68652,7,7.21,8.91,,
423180,P,2001-01-31,40197,9,75.04,0.83,,
423181,P,2001-10-17,99295,3,66.70,2.94,,
423182,P,2002-02-16,79698,7,67.83,3.97,,
423183,P,2000-05-27,11580,2,90.80,1.14,,
423184,P,2000-09-25,90408,9,82.54,9.63,,
423185,P,2000-07-28,73637,6,55.05,1.16,,
423186,P,2002-03-23,69968,8,10.89,1.97,,
423187,P,2002-07-24,94656,7,19.19,9.66,,
423188,P,2002-06-21,7212,6,45.80,3.70,,
423189,P,2002-01-24,6535,1,7.61,0.23,,
423190,P,2000-09-10,47802,7,18.43,5.22,,
423191,P,2002-01-30,62914,3,41.75,3.02,,
423192,P,2002-09-27,3976,2,59.78,5.46,,
423193,P,2002-07-14,4531,10,88.51,4.07,,
423194,P,2000-04-12,22936,8,87.64,3.54,,
423195,P,2001-10-06,60926,8,36.33,9.67,,
423196,P,2000-09-24,40817,1,31.93,8.12,,
423197,P,2001-11-02,73524,8,75.94,7.85,,
423198,P,2000-12-30,99125,5,68.47,6.87,,
423199,P,2002-07-26,15421,9,61.36,1.73,,
423200,P,2000-06-29,50074,5,44.43,9.35,,
423201,P,2001-11-04,52921,1,86.40,4.38,,
423202,P,2001-11-16,79835,6,64.23,4.13,,
423203,P,2000-04-19,16308,4,65.39,4.57,,
423204,P,2001-01-13,20339,6,28.85,9.86,,
423205,P,2000-03-08,36150,8,12.08,5.78,,
423206,P,2001-04-22,44847,2,28.54,1.43,,
423207,P,2000-05-16,15437,3,14.33,0.20,,
423208,P,2001-03-18,9876,6,74.61,3.68,,
423209,P,2000-07-12,25492,6,27.49,7.84,,
423210,P,2000-05-07,82749,4,40.09,4.31,,
423211,P,2001-08-14,39923,9,49.71,4.75,,
423212,P,2000-12-21,98606,8,64.71,6.59,,
423213,P,2001-11-10,72268,6,79.58,5.93,,
423214,P,2001-05-12,37821,3,76.98,6.93,,
423215,P,2001-05-15,48308,10,59.21,6.88,,
423216,P,2001-10-29,72760,4,89.80,7.85,,
423217,P,2002-03-09,21079,10,69.50,9.42,,
423218,P,2002-01-23,78752,6,33.90,3.47,,
423219,P,2000-02-04,67142,1,30.49,8.02,,
423220,P,2000-02-29,81977,10,44.12,4.66,,
423221,P,2002-04-18,87327,2,37.02,5.22,,
423222,P,2001-08-01,16602,5,9.97,1.49,,
423223,P,2001-06-19,95558,7,69.07,3.94,,
423224,P,2000-09-12,18513,7,84.91,7.42,,
423225,P,2001-07-25,68986,6,94.10,8.59,,
423226,P,2001-04-30,22819,1,28.74,6.11,,
423227,P,2000-07-31,95181,6,32.14,9.46,,
423228,P,2000-04-08,16605,7,53.02,6.53,,
423229,P,2002-02-19,64645,8,85.09,3.94,,
423230,P,2001-04-03,78328,6,34.05,5.44,,
423231,P,2002-07-24,67325,5,57.68,9.70,,
423232,P,2000-07-19,96644,3,64.41,1.54,,
423233,P,2000-11-04,95752,8,66.85,5.83,,
423234,P,2000-02-13,16768,9,75.93,8.30,,
423235,P,2001-12-20,85475,9,52.91,6.15,,
423236,P,2002-01-31,38750,3,91.79,3.02,,
423237,P,2000-05-02,55778,1,44.60,8.79,,
423238,P,2001-05-18,15437,3,37.68,9.86,,
423239,P,2001-01-22,16788,7,1.67,5.46,,
423240,P,2001-02-09,58658,8,69.00,4.87,,
423241,P,2001-07-27,30055,6,90.55,1.27,,
423242,P,2000-08-08,7648,1,66.99,0.33,,
423243,P,2000-10-06,88329,3,73.70,3.18,,
423244,P,2000-07-02,12353,3,44.99,1.14,,
423245,P,2001-01-24,83908,6,51.43,1.51,,
423246,P,2000-10-07,61060,7,12.43,0.81,,
423247,P,2000-08-16,52422,3,52.81,7.06,,
423248,P,2000-09-15,78835,7,70.56,9.12,,
423249,P,2002-04-15,32849,3,67.98,3.06,,
423250,P,2000-04-28,84353,3,57.79,8.04,,
423251,P,2001-09-02,7969,3,3.05,6.69,,
423252,P,2000-01-04,36508,8,5.17,6.77,,
423253,P,2000-05-16,18792,7,94.50,7.69,,
423254,P,2000-11-23,42914,10,63.06,1.26,,
423255,P,2000-04-20,32607,3,26.18,5.57,,
423256,P,2001-09-28,53836,10,71.59,2.54,,
423257,P,2000-12-04,16306,4,26.37,1.91,,
423258,P,2001-12-21,71104,8,51.40,2.59,,
423259,P,2002-01-03,86140,8,29.81,8.71,,
423260,P,2000-10-15,94120,9,52.24,1.23,,
423261,P,2000-12-25,76766,5,37.14,2.08,,
423262,P,2000-09-21,24121,2,35.77,1.75,,
423263,P,2002-03-16,87829,4,46.15,0.78,,
423264,P,2002-09-21,62044,7,71.75,8.43,,
423265,P,2000-11-20,67892,7,81.66,3.81,,
423266,P,2001-10-18,9109,2,59.11,7.42,,
423267,P,2000-06-15,20980,10,31.18,8.01,,
423268,P,2000-01-24,42144,5,18.94,3.53,,
423269,P,2001-07-28,68427,4,78.13,3.20,,
423270,P,2002-07-13,71882,7,99.81,5.95,,
423271,P,2001-11-28,8125,7,31.24,8.07,,
423272,P,2001-02-02,18225,7,85.47,4.93,,
423273,P,2002-01-22,88633,2,88.26,5.40,,
423274,P,2000-07-15,78217,7,2.21,4.94,,
423275,P,2001-07-17,27066,6,48.89,2.61,,
423276,P,2002-05-11,74542,2,1.54,0.85,,
423277,P,2000-04-06,54118,7,40.49,3.92,,
423278,P,2000-11-02,51240,4,51.58,2.29,,
423279,P,2000-06-07,23499,8,26.43,5.72,,
423280,P,2002-07-05,72719,5,52.03,1.09,,
423281,P,2000-12-12,13866,7,19.04,1.88,,
423282,P,2000-10-18,46634,4,6.00,1.12,,
423283,P,2002-08-18,61215,7,57.09,1.75,,
423284,P,2001-10-16,35896,9,0.93,2.60,,
423285,P,2001-09-13,24297,9,38.02,4.94,,
423286,P,2002-05-11,6915,8,70.11,8.39,,
423287,P,2001-01-07,28998,4,17.55,9.40,,
423288,P,2001-05-26,81209,2,66.90,9.61,,
423289,P,2001-01-01,60596,7,13.50,7.15,,
423290,P,2001-01-05,5869,7,16.29,3.28,,
423291,P,2000-06-29,52465,4,92.74,0.24,,
423292,P,2000-04-16,47513,4,12.77,3.06,,
423293,P,2000-02-26,24617,1,63.89,0.31,,
423294,P,2000-03-09,79377,4,13.20,0.60,,
423295,P,2002-08-02,90114,7,65.08,6.50,,
423296,P,2002-08-19,38997,4,73.90,9.05,,
423297,P,2002-01-25,68329,8,29.45,7.35,,
423298,P,2000-12-01,64909,4,43.62,4.03,,
423299,P,2002-01-29,75322,2,46.45,4.53,,
423300,P,2000-07-22,36870,6,29.25,1.73,,
423301,P,2000-12-02,79036,4,27.48,9.30,,
423302,P,2001-04-19,54807,2,96.81,0.89,,
423303,P,2001-09-11,49038,2,8.27,1.36,,
423304,P,2002-03-24,4086,3,7.43,0.75,,
423305,P,2002-04-16,42062,6,91.32,4.58,,
423306,P,2001-09-29,82361,10,93.48,4.51,,
423307,P,2001-10-16,79054,7,35.73,7.02,,
423308,P,2002-05-20,88477,7,93.10,9.05,,
423309,P,2000-04-25,96383,1,17.08,1.43,,
423310,P,2001-05-24,21905,9,1.52,9.51,,
423311,P,2001-04-18,27254,3,75.19,8.77,,
423312,P,2002-04-20,8765,5,40.73,0.24,,
423313,P,2000-01-25,61882,9,50.34,2.12,,
423314,P,2002-01-05,33963,3,21.53,5.33,,
423315,P,2001-09-27,36889,10,77.02,6.36,,
423316,P,2001-12-06,83003,2,16.77,5.58,,
423317,P,2002-06-21,84685,5,15.05,1.64,,
423318,P,2002-02-23,71768,1,41.89,3.45,,
423319,P,2001-07-08,81269,7,44.24,8.81,,
423320,P,2000-01-20,4342,7,7.61,2.31,,
423321,P,2002-05-10,23766,2,34.77,7.16,,
423322,P,2002-06-13,57909,2,39.21,5.41,,
423323,P,2002-01-01,76578,3,98.28,4.38,,
423324,P,2001-07-16,68717,9,88.93,3.11,,
423325,P,2002-03-11,4091,10,15.79,6.66,,
423326,P,2001-02-23,54679,4,31.41,3.43,,
423327,P,2002-01-05,45700,10,61.19,6.67,,
423328,P,2001-11-17,96349,3,1.98,8.38,,
423329,P,2002-09-07,76811,8,14.94,1.63,,
423330,P,2001-10-31,89503,10,99.63,5.34,,
423331,P,2002-08-12,35038,10,88.33,8.40,,
423332,P,2002-02-08,47244,3,14.65,1.10,,
423333,P,2001-02-05,58029,1,30.64,0.31,,
423334,P,2000-06-03,31795,5,2.10,6.93,,
423335,P,2002-09-22,38336,8,65.34,3.94,,
423336,P,2002-01-27,52036,3,21.43,3.46,,
423337,P,2002-05-24,64951,6,54.65,3.40,,
423338,P,2000-01-14,25699,3,61.37,6.95,,
423339,P,2001-06-25,91809,7,55.99,7.20,,
423340,P,2000-08-07,5835,1,68.85,6.70,,
423341,P,2000-05-30,45104,8,20.65,5.67,,
423342,P,2000-10-15,99005,10,61.35,7.57,,
423343,P,2002-07-25,95141,2,29.28,3.69,,
423344,P,2000-10-07,67892,7,30.46,8.36,,
423345,P,2000-05-08,80744,10,74.75,0.01,,
423346,P,2002-02-18,18761,8,37.13,2.20,,
423347,P,2002-09-26,86441,4,53.66,5.04,,
423348,P,2000-05-23,73644,1,63.14,5.77,,
423349,P,2002-08-17,32638,1,61.33,9.39,,
423350,P,2001-12-26,61155,8,0.51,6.71,,
423351,P,2000-04-20,58681,2,21.01,4.37,,
423352,P,2002-03-05,75733,3,1.02,3.65,,
423353,P,2001-11-03,46907,4,99.19,3.35,,
423354,P,2001-06-08,24656,3,19.51,1.55,,
423355,P,2000-10-30,8712,7,33.91,7.90,,
423356,P,2000-05-31,79049,8,2.02,5.14,,
423357,P,2000-07-02,75881,8,26.06,7.46,,
423358,P,2001-02-01,87008,4,17.36,9.85,,
423359,P,2000-03-13,89593,8,84.30,2.33,,
423360,P,2000-03-28,82490,4,28.05,9.35,,
423361,P,2000-11-03,96771,10,60.19,3.65,,
423362,P,2002-03-08,74273,5,40.85,1.09,,
423363,P,2002-08-11,71945,4,54.06,7.50,,
423364,P,2001-07-07,13707,4,48.44,6.67,,
423365,P,2000-04-21,39221,8,5.47,3.14,,
423366,P,2001-10-13,13932,5,30.56,9.72,,
423367,P,2002-02-05,83705,6,15.57,2.00,,
423368,P,2002-01-02,26287,6,9.19,3.80,,
423369,P,2000-10-02,60081,2,42.40,0.00,,
423370,P,2001-01-30,38526,2,21.58,8.75,,
423371,P,2001-07-21,96451,4,64.07,7.26,,
423372,P,2002-04-07,57849,9,50.58,7.07,,
423373,P,2000-05-01,52432,9,9.41,4.88,,
423374,P,2000-09-10,36045,3,2.18,1.50,,
423375,P,2001-08-19,36769,6,7.37,5.90,,
423376,P,2001-01-29,4940,10,73.43,5.86,,
423377,P,2002-08-27,18370,5,66.61,2.28,,
423378,P,2002-07-25,2137,2,72.14,3.16,,
423379,P,2000-03-31,51286,9,62.12,8.68,,
423380,P,2001-07-02,7847,2,43.52,3.34,,
423381,P,2001-04-27,66836,8,19.29,3.91,,
423382,P,2000-01-04,77226,2,41.14,2.68,,
423383,P,2001-12-04,29524,2,96.46,8.00,,
423384,P,2002-09-18,43039,10,67.35,6.85,,
423385,P,2002-05-25,81554,8,55.79,2.22,,
423386,P,2000-01-13,19584,8,18.86,8.63,,
423387,P,2001-05-24,67568,5,98.99,9.42,,
423388,P,2000-06-05,64892,9,27.37,9.52,,
423389,P,2001-02-10,12979,10,60.07,3.86,,
423390,P,2000-05-25,69888,8,34.57,1.11,,
423391,P,2000-08-27,37680,5,36.12,0.47,,
423392,P,2000-05-28,47547,9,71.99,4.61,,
423393,P,2001-09-03,48074,1,34.14,1.76,,
423394,P,2000-07-29,82355,4,53.24,2.58,,
423395,P,2000-08-01,16302,1,70.48,4.41,,
423396,P,2002-03-08,58885,5,11.56,8.42,,
423397,P,2000-02-08,628,2,68.76,9.02,,
423398,P,2002-02-23,40669,2,60.76,4.83,,
423399,P,2001-06-10,83373,1,91.64,0.28,,
423400,P,2001-10-20,94838,9,39.18,8.27,,
423401,P,2001-01-25,77767,9,40.19,2.76,,
423402,P,2001-03-25,98362,7,82.17,1.37,,
423403,P,2000-11-23,236,4,77.06,7.87,,
423404,P,2000-12-05,85104,8,29.07,1.21,,
423405,P,2001-06-01,95715,5,12.59,6.08,,
423406,P,2001-05-11,76336,8,73.59,1.90,,
423407,P,2001-06-18,17671,1,45.84,2.23,,
423408,P,2000-03-11,98744,10,5.42,0.77,,
423409,P,2002-06-28,50320,9,0.61,5.11,,
423410,P,2000-04-02,33789,2,11.27,5.81,,
423411,P,2001-05-18,3121,2,17.79,5.10,,
423412,P,2001-07-12,86720,10,52.17,0.44,,
423413,P,2002-05-22,41069,10,18.80,9.30,,
423414,P,2000-11-12,20639,4,39.53,4.63,,
423415,P,2000-05-20,6104,8,80.07,9.42,,
423416,P,2001-01-15,35428,8,60.92,2.73,,
423417,P,2000-05-22,58674,4,44.40,2.01,,
423418,P,2002-01-10,75538,9,41.81,0.25,,
423419,P,2001-08-22,95545,6,40.72,2.03,,
423420,P,2000-05-10,81394,3,97.32,7.61,,
423421,P,2001-02-23,19276,7,6.13,3.52,,
423422,P,2002-02-21,73817,9,84.81,0.68,,
423423,P,2000-04-17,20086,3,86.81,3.29,,
423424,P,2002-01-25,73623,8,72.21,3.15,,
423425,P,2000-11-09,48128,5,19.02,7.56,,
423426,P,2001-06-21,37131,8,76.89,2.72,,
423427,P,2002-01-19,80651,5,92.02,3.85,,
423428,P,2001-10-16,69601,2,23.56,1.34,,
423429,P,2000-11-29,73286,2,72.00,6.29,,
423430,P,2002-04-02,24343,6,43.23,2.33,,
423431,P,2001-03-03,35911,7,72.57,4.00,,
423432,P,2002-04-24,26403,7,26.91,2.85,,
423433,P,2000-04-21,96336,2,22.78,6.29,,
423434,P,2002-06-03,31959,1,87.21,9.45,,
423435,P,2002-07-30,95822,6,72.96,7.22,,
423436,P,2000-09-24,72161,8,57.32,3.60,,
423437,P,2002-06-14,68905,3,97.68,4.75,,
423438,P,2002-03-31,31699,4,37.32,8.34,,
423439,P,2002-06-25,34781,7,4.61,1.13,,
423440,P,2000-10-31,14560,1,96.75,2.41,,
423441,P,2001-03-07,465,7,81.66,7.20,,
423442,P,2001-07-20,86026,7,79.02,4.99,,
423443,P,2000-04-26,63548,5,97.67,6.30,,
423444,P,2000-03-05,78881,9,5.45,0.32,,
423445,P,2000-11-04,67830,3,63.09,7.33,,
423446,P,2001-02-15,84073,9,21.24,0.98,,
423447,P,2002-08-24,34662,9,24.24,8.11,,
423448,P,2001-12-22,91876,2,15.07,2.16,,
423449,P,2002-04-29,9766,3,63.55,1.78,,
423450,P,2000-06-30,17882,9,35.26,0.72,,
423451,P,2002-05-14,21614,4,11.96,9.66,,
423452,P,2002-07-17,96137,1,7.15,4.59,,
423453,P,2000-03-25,9376,8,6.27,4.45,,
423454,P,2000-12-21,47890,8,57.95,3.95,,
423455,P,2001-06-06,24417,2,25.59,7.52,,
423456,P,2001-01-07,41003,6,17.53,2.93,,
423457,P,2002-09-14,95648,6,55.53,9.36,,
423458,P,2001-06-15,74154,10,40.55,7.24,,
423459,P,2001-04-16,97353,5,92.11,4.60,,
423460,P,2002-06-01,66746,1,93.97,8.67,,
423461,P,2002-04-01,70932,8,85.45,1.02,,
423462,P,2002-09-14,59629,2,1.81,2.55,,
423463,P,2002-06-21,80970,6,78.23,0.85,,
423464,P,2001-09-10,12070,1,62.75,0.80,,
423465,P,2002-08-09,31161,7,88.76,5.90,,
423466,P,2001-12-08,76871,5,73.02,2.89,,
423467,P,2002-05-09,97055,5,4.07,9.96,,
423468,P,2000-11-09,92604,1,63.69,3.92,,
423469,P,2002-05-29,58079,4,98.45,5.96,,
423470,P,2000-10-05,73971,9,17.81,8.76,,
423471,P,2001-07-18,79572,5,80.94,8.05,,
423472,P,2002-06-27,33210,3,89.15,1.43,,
423473,P,2001-06-12,29532,7,44.66,7.27,,
423474,P,2002-04-17,58024,2,82.38,2.70,,
423475,P,2002-08-25,1594,1,6.24,2.47,,
423476,P,2001-10-09,53159,3,67.19,7.59,,
423477,P,2000-08-01,74207,10,40.96,2.46,,
423478,P,2000-08-07,70488,2,95.17,6.32,,
423479,P,2001-04-19,41560,9,27.53,7.02,,
423480,P,2001-11-02,30135,7,98.03,5.23,,
423481,P,2001-04-20,98857,10,48.14,0.92,,
423482,P,2001-02-21,82726,9,82.78,2.90,,
423483,P,2000-12-22,57611,3,69.45,3.53,,
423484,P,2001-02-21,71197,9,69.36,0.33,,
423485,P,2002-09-10,69454,10,34.18,2.61,,
423486,P,2001-01-26,24565,5,67.25,3.11,,
423487,P,2001-12-28,52994,6,76.92,6.50,,
423488,P,2000-05-25,38829,1,0.93,7.61,,
423489,P,2002-02-23,50231,1,39.01,4.29,,
423490,P,2000-05-14,2589,8,91.25,8.08,,
423491,P,2002-02-13,85742,2,96.92,4.55,,
423492,P,2002-03-27,67207,9,72.12,5.06,,
423493,P,2001-08-18,74762,2,7.32,3.11,,
423494,P,2000-01-22,79428,6,76.66,0.22,,
423495,P,2002-02-22,69801,8,23.07,5.88,,
423496,P,2001-02-20,12055,2,84.73,1.83,,
423497,P,2000-11-22,76668,7,23.53,9.89,,
423498,P,2001-05-01,99062,5,40.16,3.88,,
423499,P,2001-07-29,11674,6,91.23,6.98,,
423500,P,2001-09-02,82279,8,45.18,6.71,,
423501,P,2001-09-15,75342,9,80.69,0.01,,
423502,P,2002-04-25,33117,7,88.98,8.18,,
423503,P,2000-08-26,53532,6,63.98,3.47,,
423504,P,2001-12-18,2452,2,17.85,1.40,,
423505,P,2001-02-26,38903,7,28.20,4.46,,
423506,P,2001-01-30,31191,4,86.24,4.05,,
423507,P,2002-06-02,76410,5,20.12,0.82,,
423508,P,2002-04-27,5988,3,82.79,8.13,,
423509,P,2000-12-31,63525,9,70.41,6.56,,
423510,P,2002-06-08,2012,5,45.02,8.58,,
423511,P,2000-12-20,40327,8,9.26,0.34,,
423512,P,2001-05-04,90634,2,37.85,0.69,,
423513,P,2001-10-02,80890,3,51.80,8.14,,
423514,P,2001-05-25,21199,4,25.71,5.02,,
423515,P,2001-08-26,25512,2,64.44,2.95,,
423516,P,2002-07-10,40160,10,67.27,0.34,,
423517,P,2002-02-05,69383,6,29.98,8.86,,
423518,P,2001-03-10,65168,9,76.17,2.62,,
423519,P,2000-10-19,3098,8,93.17,1.17,,
423520,P,2002-04-15,20062,6,29.15,0.01,,
423521,P,2000-10-14,71462,7,36.02,1.10,,
423522,P,2001-10-06,63447,6,64.18,5.91,,
423523,P,2001-06-10,44632,10,56.13,8.80,,
423524,P,2001-06-09,38454,5,15.09,1.31,,
423525,P,2000-05-04,79908,5,64.20,2.34,,
423526,P,2002-03-09,76198,6,37.47,0.88,,
423527,P,2000-12-01,6661,7,4.62,3.01,,
423528,P,2000-09-23,20253,8,97.71,6.44,,
423529,P,2001-08-29,82165,3,34.39,8.34,,
423530,P,2002-09-20,63985,2,0.78,7.98,,
423531,P,2002-01-05,10806,9,38.53,2.04,,
423532,P,2001-09-05,55414,7,11.76,6.98,,
423533,P,2001-12-13,70132,4,84.67,5.77,,
423534,P,2001-05-07,25785,1,30.62,1.86,,
423535,P,2002-05-29,98961,9,13.49,7.01,,
423536,P,2000-03-02,87924,9,35.45,4.41,,
423537,P,2001-08-12,74050,5,0.05,2.82,,
423538,P,2000-04-27,59571,6,29.84,8.08,,
423539,P,2000-03-18,90790,9,7.57,3.08,,
423540,P,2002-02-22,70743,1,16.63,1.06,,
423541,P,2000-05-14,80877,2,48.44,2.72,,
423542,P,2002-05-07,38245,2,48.46,6.13,,
423543,P,2001-02-06,1460,5,68.24,8.38,,
423544,P,2002-04-06,13246,2,41.80,0.90,,
423545,P,2001-11-21,78328,6,70.37,3.12,,
423546,P,2001-12-04,31657,6,35.09,0.12,,
423547,P,2000-07-09,61781,7,93.33,6.00,,
423548,P,2001-03-23,73812,4,5.82,9.17,,
423549,P,2002-07-02,13495,7,95.69,9.22,,
423550,P,2001-07-07,86384,2,2.75,0.37,,
423551,P,2000-07-24,67350,4,20.49,4.80,,
423552,P,2001-01-26,58808,5,0.17,1.23,,
423553,P,2002-07-25,98285,6,76.21,1.39,,
423554,P,2001-11-09,80840,8,18.49,9.34,,
423555,P,2000-03-09,67052,7,8.97,7.74,,
423556,P,2000-10-15,28837,7,17.25,5.65,,
423557,P,2002-08-13,93863,10,67.48,8.70,,
423558,P,2001-02-13,32456,7,19.09,4.92,,
423559,P,2000-02-02,66231,7,67.70,3.81,,
423560,P,2000-05-17,53352,4,6.99,2.85,,
423561,P,2000-04-12,22075,4,40.17,4.18,,
423562,P,2000-04-11,93245,5,53.13,8.29,,
423563,P,2001-07-14,42371,4,86.37,6.66,,
423564,P,2001-08-26,28961,3,10.92,0.82,,
423565,P,2002-07-09,50473,8,48.38,6.11,,
423566,P,2002-08-02,53354,9,58.59,4.86,,
423567,P,2002-08-20,29555,10,28.82,6.81,,
423568,P,2001-12-12,79380,10,57.00,6.46,,
423569,P,2000-12-20,41709,4,38.33,2.04,,
423570,P,2000-10-29,20596,3,51.32,5.59,,
423571,P,2000-07-17,44519,7,60.57,2.67,,
423572,P,2000-04-27,21829,5,13.48,5.62,,
423573,P,2001-08-23,34649,6,77.93,2.91,,
423574,P,2001-12-27,93969,5,12.72,1.44,,
423575,P,2000-05-13,86740,1,68.24,3.12,,
423576,P,2000-02-19,30551,9,20.04,3.18,,
423577,P,2000-07-21,82319,9,75.27,7.28,,
423578,P,2000-03-06,21641,8,60.45,5.68,,
423579,P,2000-09-03,46954,7,52.33,3.30,,
423580,P,2000-12-24,36868,9,11.16,7.33,,
423581,P,2001-11-26,79761,7,10.73,8.49,,
423582,P,2000-10-26,46692,4,73.47,1.85,,
423583,P,2000-04-28,20186,6,2.56,1.07,,
423584,P,2001-07-31,42606,6,36.90,4.11,,
423585,P,2000-05-16,79856,1,62.85,6.16,,
423586,P,2000-06-18,4002,2,74.48,1.87,,
423587,P,2002-01-10,29479,8,16.91,4.69,,
423588,P,2000-06-10,57006,10,75.36,9.03,,
423589,P,2002-06-09,55840,9,97.31,4.78,,
423590,P,2001-03-26,95768,7,86.05,0.41,,
423591,P,2000-12-10,18515,5,16.11,5.91,,
423592,P,2001-06-29,71517,10,80.57,6.88,,
423593,P,2001-11-21,22043,9,99.39,7.83,,
423594,P,2001-04-20,4081,4,20.94,6.49,,
423595,P,2000-02-18,39797,7,2.30,2.01,,
423596,P,2000-10-31,29419,2,53.47,6.81,,
423597,P,2001-04-30,58118,4,71.72,7.92,,
423598,P,2000-10-08,39871,7,87.10,4.56,,
423599,P,2002-04-13,52909,8,12.93,8.53,,
423600,P,2000-08-11,76132,8,62.56,8.43,,
423601,P,2001-01-20,35617,7,50.08,0.37,,
423602,P,2002-07-22,75402,6,59.26,2.18,,
423603,P,2001-01-04,45369,7,78.12,5.57,,
423604,P,2002-08-22,24817,1,80.65,2.60,,
423605,P,2001-03-02,26849,4,62.02,8.83,,
423606,P,2002-09-09,44872,3,65.42,7.48,,
423607,P,2000-01-26,13593,2,64.68,3.49,,
423608,P,2000-01-13,10681,8,88.98,1.08,,
423609,P,2002-03-10,7899,5,13.70,4.74,,
423610,P,2001-05-06,87977,2,45.17,1.03,,
423611,P,2001-06-08,59018,3,52.89,8.33,,
423612,P,2002-07-27,98372,7,95.28,1.60,,
423613,P,2000-09-01,62464,4,54.57,9.46,,
423614,P,2002-06-01,77359,10,20.77,8.54,,
423615,P,2002-02-13,67698,7,57.30,9.01,,
423616,P,2002-09-21,43670,3,54.21,9.21,,
423617,P,2002-03-05,97896,9,92.08,9.82,,
423618,P,2000-09-18,76871,10,45.64,1.22,,
423619,P,2001-03-22,40444,7,75.89,5.53,,
423620,P,2000-11-05,84257,3,37.38,3.86,,
423621,P,2002-01-28,44211,8,21.23,1.41,,
423622,P,2000-11-12,24868,5,23.39,5.64,,
423623,P,2002-06-07,33747,8,71.58,7.25,,
423624,P,2002-07-15,19076,9,21.57,3.27,,
423625,P,2002-01-05,29400,1,45.19,6.41,,
423626,P,2001-05-03,19764,8,61.45,8.63,,
423627,P,2000-03-15,74040,9,12.16,8.07,,
423628,P,2001-07-26,62874,3,32.24,0.70,,
423629,P,2000-05-23,50168,7,98.95,7.05,,
423630,P,2000-10-16,46030,9,67.48,9.23,,
423631,P,2002-01-30,87524,3,96.66,0.31,,
423632,P,2001-09-05,17096,6,28.58,5.69,,
423633,P,2002-08-19,34003,4,76.30,6.79,,
423634,P,2001-09-20,85801,3,60.48,1.58,,
423635,P,2000-02-27,77845,2,72.22,0.17,,
423636,P,2002-01-12,84667,10,31.10,3.34,,
423637,P,2002-06-16,98711,9,13.06,9.40,,
423638,P,2001-10-25,50565,5,42.31,4.96,,
423639,P,2002-03-10,76825,5,23.05,3.63,,
423640,P,2001-01-29,61211,6,35.44,3.87,,
423641,P,2000-11-16,54248,10,26.70,8.57,,
423642,P,2002-06-10,46020,8,98.62,7.87,,
423643,P,2000-09-10,42349,5,36.30,9.96,,
423644,P,2001-09-15,18622,5,37.09,9.29,,
423645,P,2000-05-30,38938,9,3.76,5.79,,
423646,P,2001-06-09,78627,4,26.13,3.45,,
423647,P,2001-03-05,95605,3,63.04,7.15,,
423648,P,2001-07-01,24621,5,33.95,9.41,,
423649,P,2000-03-22,21966,6,84.39,6.80,,
423650,P,2001-12-19,27102,3,6.09,0.98,,
423651,P,2002-05-07,74347,8,67.75,9.17,,
423652,P,2001-10-05,85113,4,28.23,6.09,,
423653,P,2002-08-23,89044,4,59.51,5.21,,
423654,P,2002-08-07,4634,10,11.35,6.54,,
423655,P,2001-09-12,95314,9,66.15,1.35,,
423656,P,2000-01-09,22872,10,74.71,2.62,,
423657,P,2002-07-02,557,10,89.52,0.08,,
423658,P,2000-11-16,21098,7,24.63,5.94,,
423659,P,2000-05-23,94109,4,2.06,3.55,,
423660,P,2002-07-27,96215,3,58.45,5.61,,
423661,P,2002-05-01,28716,3,88.52,3.38,,
423662,P,2002-04-28,14639,8,27.20,4.99,,
423663,P,2001-02-28,69276,7,54.98,4.29,,
423664,P,2000-08-21,781,8,79.27,0.36,,
423665,P,2000-06-01,93397,6,63.43,4.84,,
423666,P,2000-03-29,3427,7,83.27,2.83,,
423667,P,2001-01-27,49600,10,64.19,3.77,,
423668,P,2002-06-20,53706,5,44.00,3.12,,
423669,P,2001-09-17,13421,4,85.86,0.87,,
423670,P,2001-03-18,67832,2,95.47,5.85,,
423671,P,2001-09-10,3478,10,18.40,3.45,,
423672,P,2001-01-05,16616,10,57.10,7.25,,
423673,P,2002-05-28,19450,6,45.50,6.91,,
423674,P,2001-11-26,88446,2,26.26,6.68,,
423675,P,2000-12-24,16454,7,92.03,0.35,,
423676,P,2001-11-09,53607,5,57.03,4.19,,
423677,P,2002-04-06,9167,5,48.85,4.46,,
423678,P,2001-08-31,20874,9,79.39,7.15,,
423679,P,2000-11-21,50284,8,4.24,6.40,,
423680,P,2001-12-03,99861,6,10.58,4.69,,
423681,P,2002-02-17,51472,9,69.16,4.81,,
423682,P,2001-04-11,6068,9,3.72,3.64,,
423683,P,2001-07-24,68713,8,86.98,8.44,,
423684,P,2001-12-01,12436,8,62.23,7.98,,
423685,P,2001-01-20,62504,5,73.64,1.40,,
423686,P,2002-01-20,73756,9,80.31,9.83,,
423687,P,2001-11-18,94594,4,5.28,9.08,,
423688,P,2001-09-02,47745,2,17.22,5.11,,
423689,P,2001-06-17,14238,2,57.38,9.67,,
423690,P,2002-07-09,93885,6,50.93,3.54,,
423691,P,2002-03-08,35494,7,31.80,6.66,,
423692,P,2001-01-31,735,5,19.68,4.39,,
423693,P,2001-01-06,94248,4,59.30,9.50,,
423694,P,2000-12-25,24015,4,1.06,1.25,,
423695,P,2002-01-19,86374,10,34.28,1.44,,
423696,P,2000-12-19,72043,7,82.72,0.56,,
423697,P,2002-09-05,78219,9,62.67,1.47,,
423698,P,2000-11-27,28983,7,60.38,6.06,,
423699,P,2001-06-24,76784,10,53.59,5.36,,
423700,P,2002-05-06,83761,5,72.19,7.62,,
423701,P,2002-03-15,62410,9,61.86,2.03,,
423702,P,2000-03-17,66479,3,37.91,2.89,,
423703,P,2002-09-13,91152,8,33.18,6.88,,
423704,P,2000-09-07,88224,6,46.21,5.23,,
423705,P,2001-04-01,94909,6,56.28,4.62,,
423706,P,2000-03-22,24706,2,61.72,0.17,,
423707,P,2000-11-10,66287,1,20.11,0.95,,
423708,P,2000-01-29,48238,2,58.44,1.51,,
423709,P,2001-03-15,59930,6,26.08,9.27,,
423710,P,2002-02-17,12924,7,52.64,4.82,,
423711,P,2000-02-03,593,2,75.11,0.43,,
423712,P,2000-10-23,5594,5,17.88,2.68,,
423713,P,2000-02-19,24680,9,63.28,5.85,,
423714,P,2002-09-10,46,10,49.21,8.71,,
423715,P,2002-01-04,56993,1,7.48,2.42,,
423716,P,2000-06-25,91964,4,41.72,0.11,,
423717,P,2002-08-07,48412,2,24.31,9.88,,
423718,P,2000-05-13,20916,9,15.80,6.52,,
423719,P,2000-11-03,51097,9,71.25,1.31,,
423720,P,2001-03-28,32644,6,61.60,6.83,,
423721,P,2001-10-10,95095,1,65.55,3.34,,
423722,P,2002-05-19,8698,7,79.06,1.32,,
423723,P,2000-08-12,39553,4,71.03,1.10,,
423724,P,2002-03-11,69263,5,29.49,5.69,,
423725,P,2002-06-01,55582,3,40.51,0.52,,
423726,P,2000-09-18,14512,6,89.55,6.99,,
423727,P,2000-08-01,39936,2,29.19,9.78,,
423728,P,2002-04-08,27627,3,85.40,3.20,,
423729,P,2002-05-04,4514,1,92.82,0.41,,
423730,P,2001-08-04,27159,4,29.26,9.95,,
423731,P,2001-09-11,98054,9,99.49,9.62,,
423732,P,2002-02-27,29429,4,36.18,0.23,,
423733,P,2000-04-16,87771,6,14.51,0.97,,
423734,P,2000-02-13,34664,9,44.21,4.39,,
423735,P,2001-03-07,98544,9,14.86,5.09,,
423736,P,2001-01-03,51142,10,28.20,0.67,,
423737,P,2001-12-16,36010,5,4.90,0.33,,
423738,P,2001-01-10,93142,5,74.49,7.04,,
423739,P,2002-07-30,59011,6,73.10,1.32,,
423740,P,2000-10-02,98667,7,76.95,5.05,,
423741,P,2001-01-27,17459,9,90.14,4.18,,
423742,P,2000-12-13,3502,9,8.85,5.83,,
423743,P,2002-02-02,28670,8,5.09,0.02,,
423744,P,2000-09-05,99421,1,98.32,9.32,,
423745,P,2001-11-30,37093,10,79.81,5.11,,
423746,P,2001-12-07,12293,3,80.25,1.64,,
423747,P,2001-01-01,24660,4,66.26,8.04,,
423748,P,2001-09-21,79722,8,41.80,9.52,,
423749,P,2001-06-11,66589,4,15.86,4.69,,
423750,P,2000-03-04,16361,2,68.11,8.42,,
423751,P,2002-02-16,48386,3,36.03,9.86,,
423752,P,2000-10-29,90858,4,58.17,1.22,,
423753,P,2000-09-15,94192,6,11.72,3.47,,
423754,P,2001-03-24,34932,4,36.13,7.32,,
423755,P,2002-06-16,16168,6,34.68,2.52,,
423756,P,2000-03-15,3106,10,28.37,6.86,,
423757,P,2001-05-08,3902,10,23.67,5.71,,
423758,P,2000-09-10,5244,3,13.41,5.45,,
423759,P,2001-07-22,36293,7,30.44,8.09,,
423760,P,2001-09-22,97806,8,62.47,5.09,,
423761,P,2000-06-24,74636,2,3.42,9.37,,
423762,P,2002-09-02,89020,3,2.56,7.10,,
423763,P,2001-06-08,46933,5,98.90,4.62,,
423764,P,2000-11-18,24546,3,44.60,1.46,,
423765,P,2001-11-08,98389,9,71.63,8.44,,
423766,P,2002-04-17,47396,2,5.00,6.90,,
423767,P,2002-06-24,27267,6,8.93,6.86,,
423768,P,2000-10-23,9182,9,97.32,1.71,,
423769,P,2002-01-10,54492,7,18.67,0.27,,
423770,P,2001-07-04,22106,4,90.67,6.40,,
423771,P,2001-05-25,92440,7,87.72,2.61,,
423772,P,2001-12-15,61013,2,67.89,1.31,,
423773,P,2002-06-14,27149,9,31.09,1.25,,
423774,P,2001-09-10,59621,9,99.75,0.35,,
423775,P,2001-04-07,30574,10,82.90,1.96,,
423776,P,2001-12-28,77920,6,66.55,8.84,,
423777,P,2000-05-06,58550,6,87.45,4.50,,
423778,P,2002-09-14,84947,10,5.70,6.97,,
423779,P,2002-08-02,54897,7,89.69,3.94,,
423780,P,2001-03-17,2411,10,32.90,9.09,,
423781,P,2000-04-18,368,9,94.24,3.08,,
423782,P,2001-11-19,45654,5,70.42,3.22,,
423783,P,2001-12-28,14696,4,4.13,6.07,,
423784,P,2000-01-05,68992,10,25.93,6.25,,
423785,P,2000-11-14,25234,2,98.69,9.07,,
423786,P,2000-04-28,47879,10,12.18,8.99,,
423787,P,2001-01-27,78849,7,3.83,0.08,,
423788,P,2000-10-03,98293,9,98.24,0.47,,
423789,P,2002-05-08,18107,8,7.15,1.89,,
423790,P,2001-10-25,34331,4,35.79,7.94,,
423791,P,2000-04-17,72264,7,39.94,3.07,,
423792,P,2002-02-22,59152,6,1.43,5.21,,
423793,P,2000-06-15,531,4,95.80,6.09,,
423794,P,2001-05-04,86473,5,84.68,8.67,,
423795,P,2000-04-02,34820,3,78.16,2.66,,
423796,P,2002-05-03,10583,1,1.98,9.82,,
423797,P,2000-10-30,63886,7,79.27,7.01,,
423798,P,2002-04-03,8168,7,33.74,3.20,,
423799,P,2000-06-27,75431,5,76.50,0.79,,
423800,P,2001-03-23,97451,3,25.65,0.09,,
423801,P,2000-09-12,41560,8,22.55,0.28,,
423802,P,2000-06-11,51857,4,55.60,3.96,,
423803,P,2002-04-17,50429,10,20.79,7.95,,
423804,P,2001-05-04,30893,8,54.44,6.76,,
423805,P,2001-06-05,8839,1,89.12,3.59,,
423806,P,2001-12-09,25613,2,26.80,2.12,,
423807,P,2001-11-12,25035,5,36.44,8.22,,
423808,P,2001-01-04,16066,5,81.72,8.74,,
423809,P,2001-06-24,15038,8,83.10,9.47,,
423810,P,2000-09-30,66002,2,76.15,3.18,,
423811,P,2000-09-25,10820,8,30.99,8.21,,
423812,P,2002-06-10,90799,3,64.86,9.86,,
423813,P,2000-04-14,74239,2,59.72,6.36,,
423814,P,2002-07-23,44800,3,16.36,4.58,,
423815,P,2000-10-26,52584,9,4.68,6.58,,
423816,P,2000-10-29,15343,8,32.73,1.41,,
423817,P,2002-06-22,5157,5,41.76,9.81,,
423818,P,2002-04-08,22689,2,34.61,9.51,,
423819,P,2000-04-11,61783,3,62.75,6.74,,
423820,P,2000-05-30,66216,5,95.92,8.19,,
423821,P,2000-07-14,3150,5,53.47,3.17,,
423822,P,2000-12-24,88351,2,8.72,5.88,,
423823,P,2002-05-25,96190,10,97.23,9.38,,
423824,P,2000-11-08,70046,4,44.49,3.21,,
423825,P,2000-08-29,61343,5,25.39,9.14,,
423826,P,2001-07-28,10579,5,80.39,9.19,,
423827,P,2000-08-20,11782,6,62.54,4.84,,
423828,P,2002-06-05,84113,6,66.62,9.84,,
423829,P,2002-03-06,29835,1,2.76,6.37,,
423830,P,2000-12-11,22243,3,93.36,4.12,,
423831,P,2000-01-28,78681,6,82.95,3.03,,
423832,P,2002-05-19,92196,5,57.36,7.90,,
423833,P,2001-10-20,29950,8,51.92,4.22,,
423834,P,2000-03-16,36623,5,89.18,2.85,,
423835,P,2001-09-25,52862,3,41.33,4.54,,
423836,P,2001-02-24,25919,7,63.02,2.71,,
423837,P,2001-08-15,36257,9,67.81,7.70,,
423838,P,2001-12-04,68544,3,95.80,6.71,,
423839,P,2002-06-01,65341,7,79.99,5.80,,
423840,P,2002-02-21,74199,7,21.16,3.32,,
423841,P,2000-07-26,34217,6,52.15,2.10,,
423842,P,2000-08-10,14581,2,75.23,1.89,,
423843,P,2000-04-28,95537,7,37.18,1.80,,
423844,P,2002-09-24,6120,3,72.03,1.40,,
423845,P,2000-05-06,18480,6,70.81,9.88,,
423846,P,2001-03-11,88214,5,28.99,3.34,,
423847,P,2000-01-26,2894,2,43.09,8.89,,
423848,P,2002-03-14,87533,1,55.28,4.30,,
423849,P,2002-06-17,83469,5,19.48,6.24,,
423850,P,2000-06-28,74257,10,63.10,8.11,,
423851,P,2002-09-10,24629,3,26.78,8.20,,
423852,P,2002-03-19,40627,4,55.48,9.27,,
423853,P,2001-09-01,5794,4,76.64,1.66,,
423854,P,2000-04-06,29975,8,88.18,2.71,,
423855,P,2001-07-12,41130,1,14.15,3.24,,
423856,P,2000-08-14,46115,1,81.42,9.61,,
423857,P,2001-07-01,73022,5,13.23,0.57,,
423858,P,2001-09-24,68582,4,31.93,5.15,,
423859,P,2000-03-19,94871,8,85.52,2.85,,
423860,P,2001-02-13,65224,9,31.67,5.08,,
423861,P,2000-05-03,44691,2,34.47,5.94,,
423862,P,2001-07-22,52890,2,32.31,4.17,,
423863,P,2002-08-03,58837,6,79.56,8.75,,
423864,P,2002-03-31,43272,2,67.54,6.22,,
423865,P,2002-03-07,91934,5,2.05,1.55,,
423866,P,2002-01-23,79424,3,72.25,8.30,,
423867,P,2000-09-07,74148,5,38.01,2.49,,
423868,P,2000-03-18,31685,3,61.74,6.84,,
423869,P,2000-03-11,67923,6,0.37,2.43,,
423870,P,2001-04-23,87022,5,3.79,9.56,,
423871,P,2002-05-27,47048,1,33.94,8.50,,
423872,P,2001-01-30,7899,2,34.98,2.65,,
423873,P,2001-04-07,43392,2,82.39,6.53,,
423874,P,2001-03-10,77363,4,82.90,0.81,,
423875,P,2001-08-29,464,8,9.85,1.42,,
423876,P,2001-09-01,76688,5,64.89,8.19,,
423877,P,2000-06-12,22507,4,52.10,1.71,,
423878,P,2001-12-24,74315,8,43.70,3.31,,
423879,P,2001-04-29,884,1,29.96,0.62,,
423880,P,2002-09-21,98525,1,88.55,6.32,,
423881,P,2002-06-04,15329,7,30.16,7.75,,
423882,P,2001-04-07,74643,2,10.40,9.64,,
423883,P,2002-05-01,79003,6,80.14,3.65,,
423884,P,2002-03-14,62475,2,17.48,3.39,,
423885,P,2000-04-30,38744,2,29.64,4.44,,
423886,P,2001-04-15,51523,5,93.39,8.54,,
423887,P,2002-08-24,60808,3,90.89,9.13,,
423888,P,2001-01-31,34754,7,94.50,9.19,,
423889,P,2002-01-07,15678,9,5.14,3.65,,
423890,P,2001-12-13,22034,2,91.93,8.70,,
423891,P,2000-04-18,14793,2,21.41,2.70,,
423892,P,2002-03-30,53242,4,68.98,0.38,,
423893,P,2001-09-05,72766,5,76.24,9.05,,
423894,P,2000-05-31,42920,9,72.31,2.14,,
423895,P,2001-03-31,3196,10,91.90,4.29,,
423896,P,2002-08-29,75961,2,80.89,7.16,,
423897,P,2000-12-21,17077,7,42.63,6.86,,
423898,P,2000-07-04,317,1,50.61,9.81,,
423899,P,2001-08-09,10493,7,94.98,2.15,,
423900,P,2002-02-14,72057,5,72.21,4.41,,
423901,P,2001-02-05,29510,2,90.15,2.08,,
423902,P,2001-11-10,18141,6,9.41,2.32,,
423903,P,2001-06-27,95037,2,87.73,3.41,,
423904,P,2001-08-13,64610,6,43.18,6.04,,
423905,P,2002-06-24,5993,1,64.82,8.87,,
423906,P,2001-07-16,40407,5,52.57,5.13,,
423907,P,2002-07-17,69023,2,25.07,1.00,,
423908,P,2000-03-03,83576,2,2.76,2.24,,
423909,P,2001-06-06,30800,6,67.48,6.45,,
423910,P,2001-10-19,46778,3,6.88,8.06,,
423911,P,2000-09-12,47565,6,42.67,7.88,,
423912,P,2002-01-15,40382,9,91.39,1.31,,
423913,P,2001-05-29,51663,6,92.54,6.46,,
423914,P,2002-06-12,53394,7,39.63,5.64,,
423915,P,2002-05-13,65340,2,70.30,4.11,,
423916,P,2000-02-08,33861,6,94.20,1.55,,
423917,P,2001-05-25,69782,7,86.16,3.60,,
423918,P,2001-03-01,24143,1,54.41,1.90,,
423919,P,2001-10-25,57598,1,93.26,2.46,,
423920,P,2001-09-03,41414,8,7.84,2.30,,
423921,P,2001-08-02,22871,10,88.65,1.41,,
423922,P,2002-02-14,49745,6,85.00,1.94,,
423923,P,2001-08-13,77157,6,73.53,7.78,,
423924,P,2001-09-02,35382,10,52.96,8.95,,
423925,P,2000-10-28,79636,2,84.61,7.41,,
423926,P,2000-08-16,59991,9,51.55,6.83,,
423927,P,2000-03-20,45681,10,23.55,8.46,,
423928,P,2002-09-23,26547,3,49.91,2.33,,
423929,P,2000-06-08,9841,8,32.74,0.98,,
423930,P,2001-07-29,24478,9,43.29,1.36,,
423931,P,2000-11-02,59126,7,54.27,9.21,,
423932,P,2001-03-08,90926,1,55.93,5.65,,
423933,P,2002-06-22,42068,5,98.95,2.54,,
423934,P,2001-03-11,22328,4,54.85,8.45,,
423935,P,2000-06-04,57149,5,94.65,7.33,,
423936,P,2000-01-28,55956,3,77.85,3.74,,
423937,P,2001-08-01,88251,3,20.04,5.86,,
423938,P,2001-12-05,55907,6,85.43,2.94,,
423939,P,2000-12-26,49444,3,98.80,1.17,,
423940,P,2002-04-22,25906,8,80.99,0.04,,
423941,P,2001-03-14,16726,6,29.11,8.20,,
423942,P,2001-10-09,90677,1,38.62,9.01,,
423943,P,2002-05-14,23325,7,56.22,1.28,,
423944,P,2001-05-16,47956,7,89.95,2.33,,
423945,P,2000-11-06,14461,10,61.32,9.47,,
423946,P,2001-07-07,18448,9,98.54,1.55,,
423947,P,2000-12-11,1608,5,9.90,0.89,,
423948,P,2000-12-31,71423,8,80.92,8.04,,
423949,P,2001-02-27,64972,1,22.53,4.99,,
423950,P,2001-09-06,49898,8,80.98,3.65,,
423951,P,2001-12-03,45775,2,87.95,2.17,,
423952,P,2001-01-05,6766,10,25.51,9.55,,
423953,P,2000-06-24,59846,3,99.97,7.47,,
423954,P,2000-02-14,86907,9,56.00,4.64,,
423955,P,2001-04-30,23314,2,67.85,8.54,,
423956,P,2002-02-06,20335,3,3.28,0.75,,
423957,P,2000-03-13,25863,6,94.35,4.58,,
423958,P,2000-11-21,33291,6,6.68,6.66,,
423959,P,2002-02-28,14257,6,10.30,6.88,,
423960,P,2002-05-26,40256,5,81.53,0.62,,
423961,P,2001-01-22,5101,3,54.89,9.27,,
423962,P,2000-06-20,46254,7,17.07,4.88,,
423963,P,2000-08-07,10723,3,14.30,5.50,,
423964,P,2000-10-28,15130,4,75.74,9.29,,
423965,P,2001-01-02,92380,4,26.20,4.60,,
423966,P,2001-06-20,62145,4,52.81,7.79,,
423967,P,2000-10-27,4272,6,18.34,8.52,,
423968,P,2000-10-14,88741,8,96.55,6.17,,
423969,P,2001-03-06,52284,7,89.85,8.16,,
423970,P,2001-12-09,41008,5,97.98,4.06,,
423971,P,2001-12-22,47462,3,88.83,7.24,,
423972,P,2002-06-16,86290,5,92.23,6.66,,
423973,P,2000-06-12,36894,7,57.27,9.28,,
423974,P,2001-03-16,77106,9,19.97,6.67,,
423975,P,2002-09-22,70101,10,11.36,4.39,,
423976,P,2000-04-25,99295,10,10.50,9.05,,
423977,P,2000-03-28,48657,6,51.84,3.83,,
423978,P,2001-03-25,39879,8,69.27,6.77,,
423979,P,2001-07-01,98537,8,94.70,8.40,,
423980,P,2000-07-22,76270,6,33.76,8.69,,
423981,P,2002-08-25,51019,4,7.11,5.85,,
423982,P,2000-10-23,90666,5,68.90,6.26,,
423983,P,2002-02-14,32096,9,69.92,7.25,,
423984,P,2000-08-04,66414,7,64.71,2.03,,
423985,P,2000-03-22,26744,1,58.63,9.16,,
423986,P,2001-10-02,18505,4,40.71,3.06,,
423987,P,2001-08-13,53998,5,35.22,6.89,,
423988,P,2001-02-14,84067,5,48.23,1.69,,
423989,P,2000-04-24,10805,6,64.90,3.73,,
423990,P,2002-06-12,45530,4,56.05,4.57,,
423991,P,2002-09-13,66074,4,8.60,9.37,,
423992,P,2002-04-28,36568,3,69.71,0.45,,
423993,P,2001-11-18,76487,8,67.90,3.18,,
423994,P,2001-06-29,46797,5,96.22,3.42,,
423995,P,2002-01-24,80971,5,44.28,6.57,,
423996,P,2000-08-07,30300,5,62.20,3.83,,
423997,P,2001-08-10,81557,6,51.38,9.04,,
423998,P,2001-02-14,63430,3,37.15,3.74,,
423999,P,2001-09-21,8280,4,20.54,6.81,,
424000,P,2001-07-24,9911,1,47.82,9.21,,
424001,P,2002-07-06,35334,6,42.04,2.06,,
424002,P,2001-03-28,8378,10,18.24,1.00,,
424003,P,2000-07-24,15088,10,27.58,0.95,,
424004,P,2001-02-25,66465,8,72.32,3.01,,
424005,P,2000-06-05,28862,5,60.24,3.80,,
424006,P,2000-10-23,79645,4,2.82,5.96,,
424007,P,2002-01-29,68953,6,32.59,3.46,,
424008,P,2002-08-19,50248,10,17.87,2.90,,
424009,P,2001-08-02,55985,9,89.38,8.81,,
424010,P,2001-04-02,98547,1,32.60,2.14,,
424011,P,2001-10-18,18683,7,40.92,2.32,,
424012,P,2002-01-19,66537,8,50.05,3.64,,
424013,P,2000-02-15,38116,2,41.81,8.65,,
424014,P,2000-10-04,15212,10,84.86,1.84,,
424015,P,2000-04-12,87718,1,26.47,8.07,,
424016,P,2001-07-15,27041,1,95.81,8.60,,
424017,P,2001-06-13,7702,2,8.87,1.90,,
424018,P,2000-07-01,15499,1,62.78,8.29,,
424019,P,2002-07-20,48466,8,21.14,5.44,,
424020,P,2001-07-12,63881,8,19.68,2.53,,
424021,P,2000-03-06,95662,7,45.17,4.09,,
424022,P,2002-03-14,35317,5,14.09,7.22,,
424023,P,2000-02-03,52247,7,25.82,6.36,,
424024,P,2002-03-18,99178,7,42.89,1.59,,
424025,P,2002-03-21,13438,4,73.65,0.81,,
424026,P,2001-09-08,23319,6,81.02,0.73,,
424027,P,2001-02-07,90700,8,33.63,6.16,,
424028,P,2002-06-17,12141,2,44.16,3.01,,
424029,P,2000-03-12,73611,7,38.55,5.58,,
424030,P,2002-02-07,42999,7,33.01,8.29,,
424031,P,2001-09-09,15265,2,62.01,9.59,,
424032,P,2002-09-14,54656,1,5.43,1.08,,
424033,P,2002-08-08,10930,3,59.56,0.88,,
424034,P,2000-06-14,54461,10,84.27,8.29,,
424035,P,2000-09-16,21892,7,63.48,6.16,,
424036,P,2000-07-28,31373,5,14.20,9.01,,
424037,P,2001-09-06,91783,5,29.33,3.65,,
424038,P,2002-07-06,90387,4,68.59,6.21,,
424039,P,2002-04-26,89394,4,9.50,2.26,,
424040,P,2000-06-11,16257,7,10.20,2.22,,
424041,P,2001-11-29,83130,1,54.35,5.32,,
424042,P,2000-12-15,41230,3,40.81,6.82,,
424043,P,2002-07-15,14528,6,75.04,9.04,,
424044,P,2002-03-22,32573,4,37.46,6.00,,
424045,P,2000-09-23,88622,5,16.87,2.82,,
424046,P,2000-04-05,23812,8,59.82,7.64,,
424047,P,2000-01-16,74370,1,46.24,8.25,,
424048,P,2000-05-17,71711,6,17.48,7.02,,
424049,P,2001-09-14,11168,6,19.81,2.94,,
424050,P,2001-06-06,44838,1,93.17,8.81,,
424051,P,2001-01-21,67118,5,63.01,0.66,,
424052,P,2002-02-13,17476,4,35.75,9.22,,
424053,P,2002-02-17,61492,9,87.17,5.91,,
424054,P,2002-01-30,23871,3,48.91,8.05,,
424055,P,2002-04-12,75683,10,46.17,0.67,,
424056,P,2001-07-25,62816,8,95.98,6.96,,
424057,P,2002-05-16,78438,6,66.35,0.52,,
424058,P,2002-06-21,61558,4,99.19,2.42,,
424059,P,2001-12-23,81761,2,35.39,7.49,,
424060,P,2001-03-31,14888,3,74.59,6.09,,
424061,P,2001-11-02,40659,8,15.98,4.67,,
424062,P,2000-03-08,98629,6,64.01,1.51,,
424063,P,2001-03-15,3534,10,71.29,4.66,,
424064,P,2001-01-29,90052,2,91.87,5.34,,
424065,P,2001-06-26,83262,3,92.85,1.02,,
424066,P,2001-03-17,70880,7,21.62,0.38,,
424067,P,2000-02-27,17142,2,50.91,5.52,,
424068,P,2002-09-27,11721,1,34.85,0.73,,
424069,P,2000-05-14,78602,7,85.50,1.17,,
424070,P,2001-03-16,91960,3,16.50,7.35,,
424071,P,2000-04-11,31435,5,26.94,8.21,,
424072,P,2001-09-06,51178,10,6.89,8.44,,
424073,P,2002-01-10,11755,10,50.58,6.87,,
424074,P,2002-07-23,1695,2,37.55,8.97,,
424075,P,2001-05-04,59467,1,18.04,6.38,,
424076,P,2000-09-16,79037,10,89.71,4.01,,
424077,P,2002-08-23,73074,6,78.71,7.25,,
424078,P,2000-02-27,32302,2,48.44,9.06,,
424079,P,2000-12-15,18851,6,63.96,6.05,,
424080,P,2002-01-09,9672,5,31.70,6.64,,
424081,P,2001-05-08,26664,7,80.50,3.86,,
424082,P,2000-10-24,23218,4,75.27,9.85,,
424083,P,2000-11-29,18106,10,46.92,8.53,,
424084,P,2000-05-20,59959,1,52.34,6.29,,
424085,P,2000-11-23,5358,2,88.98,4.91,,
424086,P,2000-12-11,69582,5,28.38,1.23,,
424087,P,2002-03-01,8757,9,22.06,5.61,,
424088,P,2002-07-15,78062,3,58.53,7.58,,
424089,P,2001-08-30,97967,3,85.43,4.04,,
424090,P,2000-06-26,76842,8,51.61,8.61,,
424091,P,2000-11-09,33607,3,54.09,7.15,,
424092,P,2000-08-16,5024,6,4.90,7.64,,
424093,P,2000-08-11,69309,5,21.72,8.41,,
424094,P,2001-12-22,7287,2,20.73,8.19,,
424095,P,2001-10-07,18066,2,32.44,3.79,,
424096,P,2000-10-11,69580,2,15.41,8.67,,
424097,P,2001-03-13,27914,1,24.77,1.05,,
424098,P,2001-05-11,26147,10,88.71,7.74,,
424099,P,2000-03-15,64017,8,45.57,3.43,,
424100,P,2001-07-19,43335,3,64.46,1.67,,
424101,P,2000-11-08,24415,5,85.57,4.57,,
424102,P,2000-02-04,54770,6,45.42,1.42,,
424103,P,2001-01-18,46189,6,55.76,0.17,,
424104,P,2000-07-01,91841,3,67.93,8.35,,
424105,P,2000-02-01,50539,8,20.29,2.50,,
424106,P,2001-03-27,48435,8,45.56,7.50,,
424107,P,2000-02-25,48273,4,13.46,1.79,,
424108,P,2002-02-05,32650,5,82.22,0.24,,
424109,P,2001-03-05,84856,7,16.65,0.92,,
424110,P,2000-02-11,19848,7,19.15,9.97,,
424111,P,2001-07-31,2564,6,19.40,6.07,,
424112,P,2000-09-25,1303,5,65.98,9.27,,
424113,P,2001-02-17,17615,8,54.42,3.57,,
424114,P,2002-04-22,40925,5,90.85,7.81,,
424115,P,2000-07-01,26454,6,25.34,1.26,,
424116,P,2001-02-07,8335,7,65.84,8.39,,
424117,P,2000-07-24,80160,9,55.28,8.62,,
424118,P,2001-08-11,71114,8,68.40,1.48,,
424119,P,2001-07-23,3232,9,0.72,3.69,,
424120,P,2002-03-31,74812,1,64.38,8.43,,
424121,P,2001-02-27,79969,1,69.90,9.39,,
424122,P,2000-03-07,12282,8,9.40,5.23,,
424123,P,2002-06-17,10398,7,97.02,3.19,,
424124,P,2001-10-19,63003,2,29.68,2.05,,
424125,P,2000-04-15,76600,8,37.92,9.79,,
424126,P,2002-04-05,94077,1,14.27,7.13,,
424127,P,2000-03-05,86792,6,6.93,0.18,,
424128,P,2002-02-17,86955,3,30.55,1.39,,
424129,P,2002-05-16,14490,4,18.33,0.60,,
424130,P,2000-01-13,45637,1,57.34,3.06,,
424131,P,2000-04-22,12314,7,33.58,8.51,,
424132,P,2001-11-07,35277,10,37.57,3.62,,
424133,P,2000-06-25,33645,6,53.27,0.18,,
424134,P,2000-05-08,9828,6,34.20,0.66,,
424135,P,2000-08-23,93106,4,58.82,1.13,,
424136,P,2001-11-13,88511,7,89.96,6.84,,
424137,P,2000-09-05,31606,5,70.54,6.45,,
424138,P,2001-12-16,46704,6,28.42,8.30,,
424139,P,2000-08-29,566,5,35.11,9.76,,
424140,P,2000-08-28,82525,4,36.01,0.52,,
424141,P,2000-02-11,61394,7,41.11,8.73,,
424142,P,2001-06-23,29077,2,3.95,9.22,,
424143,P,2002-01-08,21205,2,77.73,8.80,,
424144,P,2001-09-29,32523,1,30.81,3.14,,
424145,P,2002-01-25,91179,8,56.01,2.19,,
424146,P,2000-07-29,92618,3,65.46,9.61,,
424147,P,2002-08-21,95325,7,50.45,2.83,,
424148,P,2000-04-22,84029,4,78.89,7.78,,
424149,P,2001-02-06,96502,2,33.52,4.57,,
424150,P,2000-09-05,16464,9,52.14,0.63,,
424151,P,2001-04-09,35864,8,81.50,9.99,,
424152,P,2002-07-13,56946,3,10.08,5.89,,
424153,P,2001-12-15,78305,9,77.74,0.11,,
424154,P,2001-02-11,88003,9,65.56,0.76,,
424155,P,2001-02-06,56890,7,66.96,9.90,,
424156,P,2001-06-10,3755,10,9.66,2.10,,
424157,P,2000-07-13,91355,6,89.09,0.45,,
424158,P,2001-04-16,12914,5,57.23,8.92,,
424159,P,2002-07-12,95564,3,44.25,8.73,,
424160,P,2002-04-01,82231,4,31.99,8.24,,
424161,P,2002-07-22,54785,2,63.62,4.23,,
424162,P,2001-09-04,95405,3,53.22,7.92,,
424163,P,2002-04-26,41117,4,42.50,1.73,,
424164,P,2001-03-26,95297,1,98.83,9.95,,
424165,P,2002-06-05,7259,5,37.27,8.89,,
424166,P,2001-04-17,15226,4,72.73,4.33,,
424167,P,2001-09-27,8929,6,83.85,3.93,,
424168,P,2001-11-09,83360,10,62.23,8.17,,
424169,P,2000-02-07,46662,6,35.03,0.29,,
424170,P,2000-12-12,2246,7,49.75,4.04,,
424171,P,2001-06-01,57058,1,5.37,2.05,,
424172,P,2001-05-25,49264,9,67.51,3.44,,
424173,P,2000-09-21,69989,5,31.41,5.72,,
424174,P,2002-07-08,34103,1,74.14,8.48,,
424175,P,2000-07-12,76817,1,42.00,1.15,,
424176,P,2001-01-04,18073,4,1.44,4.55,,
424177,P,2002-05-02,64783,5,20.46,9.30,,
424178,P,2001-09-28,40508,4,93.79,5.41,,
424179,P,2001-02-27,86805,6,21.56,1.85,,
424180,P,2001-07-12,68669,3,93.44,9.56,,
424181,P,2002-06-19,73756,3,68.59,3.78,,
424182,P,2002-05-19,36232,6,20.22,0.06,,
424183,P,2002-07-30,21169,4,38.60,7.99,,
424184,P,2002-02-03,40464,7,67.74,7.23,,
424185,P,2001-09-25,37846,6,0.95,1.88,,
424186,P,2001-05-10,37109,9,7.88,1.89,,
424187,P,2000-04-04,29599,3,23.35,3.18,,
424188,P,2000-01-22,74499,7,78.94,2.84,,
424189,P,2000-01-02,89865,9,36.03,2.29,,
424190,P,2000-03-25,79639,7,26.28,6.08,,
424191,P,2000-06-26,65071,2,5.19,7.17,,
424192,P,2000-09-03,78895,5,70.30,6.49,,
424193,P,2001-05-17,21771,8,11.46,4.24,,
424194,P,2001-02-19,56962,1,51.98,3.34,,
424195,P,2002-06-12,54597,7,50.13,7.02,,
424196,P,2000-10-26,7169,5,31.00,2.45,,
424197,P,2001-09-22,11273,4,45.19,0.75,,
424198,P,2001-10-29,98656,7,34.06,2.38,,
424199,P,2002-07-24,93368,1,38.67,3.24,,
424200,P,2001-04-07,31616,7,37.74,8.04,,
424201,P,2000-05-27,44180,5,8.63,3.63,,
424202,P,2001-03-16,79222,10,52.50,5.76,,
424203,P,2002-02-17,80761,5,79.00,0.54,,
424204,P,2000-10-15,55906,6,33.77,6.95,,
424205,P,2002-03-19,14861,6,25.04,2.33,,
424206,P,2001-05-03,88635,3,9.40,7.38,,
424207,P,2000-10-01,39989,9,47.43,6.49,,
424208,P,2002-05-21,59946,4,48.80,6.07,,
424209,P,2000-03-01,34815,8,71.68,5.27,,
424210,P,2001-06-02,93698,8,1.49,6.76,,
424211,P,2002-05-14,68098,7,19.73,0.56,,
424212,P,2000-04-28,26256,5,71.02,1.68,,
424213,P,2001-04-21,98212,10,33.69,5.86,,
424214,P,2000-06-04,34355,2,98.08,2.62,,
424215,P,2002-03-08,70360,6,80.14,3.11,,
424216,P,2001-05-06,74935,8,54.01,9.50,,
424217,P,2000-05-04,65167,2,64.96,2.48,,
424218,P,2000-12-06,28317,7,7.41,9.00,,
424219,P,2000-07-08,35654,3,60.71,5.02,,
424220,P,2001-01-06,39269,2,3.93,3.33,,
424221,P,2001-02-19,62807,6,34.93,5.54,,
424222,P,2001-02-24,31526,10,82.89,9.29,,
424223,P,2002-03-19,34640,3,8.68,4.81,,
424224,P,2000-11-04,52168,6,79.42,2.78,,
424225,P,2001-07-03,57510,7,8.69,0.57,,
424226,P,2000-10-03,91949,4,76.63,3.44,,
424227,P,2002-03-23,40306,4,29.41,7.11,,
424228,P,2000-07-22,98657,9,37.45,3.11,,
424229,P,2001-09-10,17169,7,53.41,8.39,,
424230,P,2001-05-03,8273,5,0.19,5.26,,
424231,P,2002-01-22,50777,8,94.41,7.75,,
424232,P,2000-04-12,81442,10,65.87,4.87,,
424233,P,2001-10-02,25741,5,95.60,5.51,,
424234,P,2000-09-16,1491,4,63.44,6.43,,
424235,P,2000-03-19,49622,1,39.44,1.62,,
424236,P,2000-06-16,97637,4,87.04,3.12,,
424237,P,2000-06-05,74197,5,22.41,4.94,,
424238,P,2002-04-15,35090,9,74.31,6.60,,
424239,P,2002-05-25,87227,6,70.18,4.04,,
424240,P,2000-10-01,28545,2,12.13,0.58,,
424241,P,2001-03-03,3456,8,23.28,3.73,,
424242,P,2002-03-23,70778,2,79.69,2.27,,
424243,P,2001-10-24,18006,4,18.04,6.80,,
424244,P,2002-07-31,20872,5,90.90,7.00,,
424245,P,2001-07-09,15985,1,42.78,6.38,,
424246,P,2002-02-17,9507,4,8.50,3.08,,
424247,P,2001-06-25,30315,4,49.21,3.38,,
424248,P,2001-03-12,45135,10,94.20,7.24,,
424249,P,2000-07-22,74067,4,87.05,2.04,,
424250,P,2000-02-03,81126,10,87.22,9.26,,
424251,P,2000-02-09,85640,10,66.20,4.37,,
424252,P,2002-04-11,80250,6,8.57,4.01,,
424253,P,2001-12-03,32507,2,17.38,8.59,,
424254,P,2002-03-24,86190,4,77.49,5.43,,
424255,P,2001-04-08,145,5,25.03,4.27,,
424256,P,2002-06-23,97128,6,43.23,5.14,,
424257,P,2002-04-27,72887,1,0.89,8.67,,
424258,P,2001-12-05,19035,4,95.66,4.71,,
424259,P,2001-09-22,95030,6,34.54,1.43,,
424260,P,2000-05-06,34283,5,34.31,2.38,,
424261,P,2001-03-28,14643,9,67.02,8.34,,
424262,P,2001-08-21,26452,1,29.73,9.11,,
424263,P,2002-04-13,51656,2,88.50,7.88,,
424264,P,2001-11-03,4641,7,32.63,8.24,,
424265,P,2001-05-11,94600,7,86.17,9.92,,
424266,P,2000-05-31,74350,5,87.44,2.01,,
424267,P,2002-07-22,7825,7,79.64,5.90,,
424268,P,2001-12-31,77086,3,7.64,5.40,,
424269,P,2001-01-14,45353,7,85.13,6.68,,
424270,P,2000-07-14,4290,5,91.75,7.75,,
424271,P,2001-10-21,71522,8,52.31,5.62,,
424272,P,2002-07-04,39963,7,57.47,3.65,,
424273,P,2001-04-27,15747,10,92.26,8.27,,
424274,P,2002-03-17,75693,5,5.58,7.00,,
424275,P,2001-09-04,74055,3,61.74,4.86,,
424276,P,2001-04-23,79931,9,33.88,1.70,,
424277,P,2000-06-01,95323,9,19.03,0.86,,
424278,P,2001-10-20,43314,10,41.46,7.57,,
424279,P,2002-03-13,90327,6,43.48,2.69,,
424280,P,2000-02-03,32051,8,96.82,4.61,,
424281,P,2001-10-15,95050,6,47.63,9.50,,
424282,P,2002-05-24,87076,6,80.93,0.31,,
424283,P,2001-07-17,49366,1,55.14,0.14,,
424284,P,2000-09-07,31279,3,39.69,5.10,,
424285,P,2001-03-19,7381,4,73.53,4.21,,
424286,P,2002-04-12,61044,4,54.13,4.83,,
424287,P,2000-02-17,83201,6,44.70,7.24,,
424288,P,2000-07-03,30784,10,20.06,5.75,,
424289,P,2002-06-06,23023,10,3.27,6.95,,
424290,P,2002-09-21,20625,9,30.28,3.04,,
424291,P,2001-10-22,83258,8,34.66,4.25,,
424292,P,2001-03-14,48448,2,6.37,9.27,,
424293,P,2002-09-21,43366,7,9.81,0.43,,
424294,P,2002-01-26,46158,5,33.19,5.48,,
424295,P,2000-10-02,70863,9,29.61,7.11,,
424296,P,2001-05-21,88762,4,52.09,8.24,,
424297,P,2001-04-24,24553,7,5.83,0.00,,
424298,P,2001-04-29,77281,4,36.99,4.77,,
424299,P,2000-06-23,59260,2,52.93,1.78,,
424300,P,2002-09-17,13429,10,52.86,7.53,,
424301,P,2000-03-17,18612,6,73.74,0.14,,
424302,P,2002-01-09,71102,3,1.09,5.38,,
424303,P,2000-11-06,88293,2,88.46,0.03,,
424304,P,2002-04-17,55146,1,98.48,0.43,,
424305,P,2002-04-26,26685,1,64.86,2.48,,
424306,P,2000-05-01,98078,1,27.16,8.95,,
424307,P,2001-06-15,7018,1,86.94,6.08,,
424308,P,2000-08-05,76611,10,55.42,7.65,,
424309,P,2001-11-28,88259,9,37.64,7.68,,
424310,P,2002-06-30,67575,6,0.55,3.96,,
424311,P,2001-03-16,5245,7,8.15,9.83,,
424312,P,2000-11-04,608,8,19.50,3.26,,
424313,P,2002-02-09,49031,7,4.76,9.46,,
424314,P,2000-02-17,4831,3,59.93,9.40,,
424315,P,2002-04-17,28157,10,21.20,5.29,,
424316,P,2001-06-15,81930,9,72.71,9.02,,
424317,P,2001-11-20,37268,7,23.93,0.49,,
424318,P,2000-10-26,55046,7,87.27,5.12,,
424319,P,2002-01-25,18570,1,23.38,0.53,,
424320,P,2001-12-05,27535,7,26.61,7.19,,
424321,P,2001-06-02,85819,3,5.76,0.50,,
424322,P,2002-06-18,88113,6,93.59,1.97,,
424323,P,2000-07-24,92399,4,95.10,8.35,,
424324,P,2000-05-09,64919,1,60.71,0.93,,
424325,P,2000-08-22,36906,10,37.12,7.51,,
424326,P,2000-03-10,77702,10,67.20,2.94,,
424327,P,2000-02-29,18305,6,1.35,7.52,,
424328,P,2001-12-02,66193,8,47.81,7.90,,
424329,P,2001-02-09,72077,2,8.79,3.50,,
424330,P,2001-04-09,32254,6,72.86,7.66,,
424331,P,2002-09-18,59509,4,15.89,7.13,,
424332,P,2001-12-17,67551,9,92.32,4.43,,
424333,P,2000-03-08,96521,9,53.88,7.40,,
424334,P,2001-11-25,87909,8,8.64,0.88,,
424335,P,2000-09-11,52711,4,95.79,3.16,,
424336,P,2001-06-10,60053,6,9.48,5.70,,
424337,P,2001-08-20,99618,6,51.14,7.52,,
424338,P,2001-12-26,84136,3,72.33,0.20,,
424339,P,2001-11-03,27198,9,90.17,4.82,,
424340,P,2002-04-14,30355,4,24.26,2.22,,
424341,P,2001-02-24,11834,9,97.57,8.08,,
424342,P,2001-03-14,24287,2,70.17,9.15,,
424343,P,2000-06-01,87629,1,3.41,9.62,,
424344,P,2000-09-16,65154,3,13.95,3.42,,
424345,P,2002-02-22,27160,9,29.99,4.30,,
424346,P,2001-10-12,44252,6,98.37,2.49,,
424347,P,2000-11-07,58629,8,57.17,0.33,,
424348,P,2001-04-27,59693,10,69.08,5.00,,
424349,P,2002-03-05,28844,9,26.49,4.62,,
424350,P,2002-05-03,85525,3,89.73,3.25,,
424351,P,2001-01-10,93613,6,84.71,2.40,,
424352,P,2001-11-17,47874,3,63.23,6.61,,
424353,P,2002-05-31,12664,4,27.06,4.40,,
424354,P,2000-03-11,93768,10,28.93,4.13,,
424355,P,2000-11-16,53918,7,4.94,9.76,,
424356,P,2001-10-06,98167,7,32.47,4.65,,
424357,P,2002-01-18,85020,2,13.41,1.43,,
424358,P,2001-03-20,21495,7,1.63,9.95,,
424359,P,2002-06-24,97574,3,42.19,8.52,,
424360,P,2001-07-03,74654,10,70.42,9.78,,
424361,P,2001-09-18,18102,10,28.12,4.33,,
424362,P,2001-09-22,32910,5,15.37,1.99,,
424363,P,2000-10-29,76061,6,83.71,4.46,,
424364,P,2000-03-24,27217,6,66.55,6.28,,
424365,P,2001-08-27,52204,3,61.16,4.37,,
424366,P,2001-11-30,6711,9,43.04,8.33,,
424367,P,2002-02-16,91205,2,78.95,9.92,,
424368,P,2000-05-15,68163,3,96.02,7.33,,
424369,P,2002-04-10,74113,9,71.06,8.82,,
424370,P,2000-06-20,55378,9,18.66,1.10,,
424371,P,2000-07-30,11822,7,81.65,7.46,,
424372,P,2001-12-18,14014,7,83.02,1.47,,
424373,P,2001-05-28,31235,10,37.53,6.70,,
424374,P,2000-04-20,8134,6,92.24,3.12,,
424375,P,2001-07-09,15524,4,22.84,8.33,,
424376,P,2002-02-23,6501,7,66.49,5.10,,
424377,P,2000-05-24,61003,1,49.34,7.28,,
424378,P,2000-11-11,29027,3,6.49,2.85,,
424379,P,2002-07-16,47783,5,67.57,7.24,,
424380,P,2002-04-29,49090,6,94.17,9.17,,
424381,P,2001-05-28,84985,9,5.58,4.22,,
424382,P,2001-01-16,44216,1,25.58,3.49,,
424383,P,2001-11-26,36149,1,43.96,6.44,,
424384,P,2001-09-14,18127,5,22.93,8.88,,
424385,P,2002-06-08,36631,5,10.95,3.29,,
424386,P,2000-12-22,9750,8,55.20,8.47,,
424387,P,2002-02-02,16222,4,77.93,3.79,,
424388,P,2002-07-30,50604,5,95.08,3.68,,
424389,P,2001-11-09,49914,4,95.52,4.23,,
424390,P,2001-05-02,46422,4,88.06,1.51,,
424391,P,2001-07-23,39316,7,29.83,3.49,,
424392,P,2001-11-04,36469,4,63.31,4.00,,
424393,P,2001-07-26,32056,6,36.27,9.98,,
424394,P,2000-08-21,22098,3,56.63,7.26,,
424395,P,2000-04-23,74674,10,36.68,0.29,,
424396,P,2002-02-23,56799,5,74.16,5.99,,
424397,P,2001-06-29,5174,10,92.41,0.05,,
424398,P,2001-08-15,43709,8,29.39,9.52,,
424399,P,2001-09-22,40803,4,97.15,6.23,,
424400,P,2000-11-16,25315,4,89.32,5.69,,
424401,P,2002-09-08,61834,9,53.07,10.00,,
424402,P,2001-04-08,72413,4,84.19,8.65,,
424403,P,2000-10-28,14189,6,79.17,3.85,,
424404,P,2000-11-08,62432,8,14.03,9.43,,
424405,P,2002-05-17,48473,1,56.51,1.12,,
424406,P,2001-11-25,42903,3,67.87,5.74,,
424407,P,2000-05-04,56900,1,11.96,8.37,,
424408,P,2000-06-20,85844,9,1.81,7.64,,
424409,P,2000-12-15,53945,9,26.74,9.24,,
424410,P,2001-12-25,71043,7,7.29,2.47,,
424411,P,2001-06-01,47713,1,3.96,0.39,,
424412,P,2001-10-15,7108,6,50.46,8.10,,
424413,P,2000-05-25,316,4,71.93,4.24,,
424414,P,2002-02-17,5685,9,47.32,0.92,,
424415,P,2001-11-21,36028,7,98.24,5.66,,
424416,P,2000-07-31,58802,6,8.91,6.64,,
424417,P,2002-06-13,18205,3,92.37,0.57,,
424418,P,2002-08-19,93784,3,0.02,9.84,,
424419,P,2002-02-26,41352,6,55.47,9.65,,
424420,P,2002-08-05,22730,5,58.32,5.50,,
424421,P,2001-03-16,56684,7,81.19,6.80,,
424422,P,2000-08-21,66667,1,72.33,2.85,,
424423,P,2001-01-19,85565,8,57.52,3.57,,
424424,P,2000-04-17,45975,8,94.20,9.48,,
424425,P,2001-01-03,58261,1,48.50,2.65,,
424426,P,2000-05-02,23818,4,39.01,1.48,,
424427,P,2001-04-14,66912,2,48.97,1.99,,
424428,P,2000-07-07,85790,2,69.27,2.07,,
424429,P,2001-11-22,23700,9,30.93,9.55,,
424430,P,2000-06-18,3756,1,48.36,8.36,,
424431,P,2000-07-21,45780,3,72.47,7.74,,
424432,P,2000-08-12,6036,9,45.18,9.69,,
424433,P,2000-05-05,67352,3,45.95,9.44,,
424434,P,2000-02-17,90718,5,84.25,3.68,,
424435,P,2000-09-19,64463,2,7.38,8.66,,
424436,P,2000-08-10,73004,2,72.08,8.86,,
424437,P,2000-04-03,85044,10,67.12,7.79,,
424438,P,2000-05-03,28781,2,62.18,4.84,,
424439,P,2000-03-04,68218,10,1.77,6.38,,
424440,P,2001-10-09,82919,3,67.32,3.85,,
424441,P,2002-01-15,83674,8,92.59,4.85,,
424442,P,2000-11-22,10561,5,27.89,3.86,,
424443,P,2000-01-18,37043,7,23.20,5.31,,
424444,P,2000-08-29,70320,7,12.94,3.78,,
424445,P,2000-07-30,2990,5,33.04,7.13,,
424446,P,2001-01-08,64867,9,6.77,3.74,,
424447,P,2000-04-10,34219,10,29.74,0.17,,
424448,P,2001-07-02,31458,5,19.95,0.16,,
424449,P,2000-07-20,64392,4,1.76,4.30,,
424450,P,2002-09-17,52308,7,16.07,3.56,,
424451,P,2002-05-15,25130,10,21.67,6.97,,
424452,P,2001-01-23,96793,1,64.82,3.06,,
424453,P,2002-01-12,93,6,17.62,2.97,,
424454,P,2000-06-19,91801,8,66.36,3.56,,
424455,P,2002-06-20,72899,7,3.99,9.22,,
424456,P,2001-04-08,53966,8,65.41,8.09,,
424457,P,2002-01-07,28971,2,97.18,7.79,,
424458,P,2001-06-10,3645,9,44.52,3.79,,
424459,P,2002-04-17,98127,4,7.68,5.10,,
424460,P,2002-06-29,7002,7,87.86,1.35,,
424461,P,2001-05-21,7388,6,2.37,6.27,,
424462,P,2002-09-22,65205,2,15.45,4.91,,
424463,P,2001-01-24,10508,8,84.66,4.99,,
424464,P,2002-09-18,13966,10,26.34,9.25,,
424465,P,2000-03-23,98679,3,62.51,3.40,,
424466,P,2002-04-06,27966,4,60.27,4.78,,
424467,P,2002-03-17,6641,10,92.57,5.06,,
424468,P,2002-09-25,33214,2,46.07,9.39,,
424469,P,2000-10-14,40544,2,6.10,8.12,,
424470,P,2002-02-11,30830,10,57.46,1.45,,
424471,P,2000-06-27,17543,8,97.36,4.75,,
424472,P,2002-02-11,10920,7,72.05,9.53,,
424473,P,2002-05-24,94662,6,78.92,0.71,,
424474,P,2002-01-10,84400,1,30.56,7.89,,
424475,P,2000-06-27,77566,5,73.53,9.78,,
424476,P,2001-04-18,62278,1,15.09,0.27,,
424477,P,2002-02-12,90725,2,73.23,2.65,,
424478,P,2000-06-05,69279,2,35.30,4.08,,
424479,P,2002-07-13,98311,8,65.42,2.78,,
424480,P,2001-02-17,17848,4,76.38,1.81,,
424481,P,2001-07-26,1432,1,75.29,9.81,,
424482,P,2000-06-12,33458,9,22.62,5.88,,
424483,P,2001-10-16,12033,2,81.90,7.23,,
424484,P,2000-12-25,62657,9,58.54,6.09,,
424485,P,2000-10-25,70598,7,12.59,7.70,,
424486,P,2002-06-03,28678,8,23.06,8.19,,
424487,P,2000-02-17,91501,7,4.43,4.00,,
424488,P,2000-08-21,58033,1,34.84,4.88,,
424489,P,2001-06-28,85430,6,4.47,3.13,,
424490,P,2000-04-20,25970,1,93.66,6.70,,
424491,P,2001-04-18,47119,8,65.12,5.44,,
424492,P,2002-05-06,80960,2,54.29,0.96,,
424493,P,2001-09-17,98861,7,79.67,1.46,,
424494,P,2000-11-13,99842,6,80.16,0.38,,
424495,P,2001-03-31,10330,4,34.48,7.23,,
424496,P,2001-01-09,78383,8,55.81,4.84,,
424497,P,2000-08-30,96750,9,86.37,7.62,,
424498,P,2001-08-15,58048,3,99.21,6.91,,
424499,P,2000-10-15,56792,9,3.07,6.16,,
424500,P,2002-04-08,86478,2,57.08,3.57,,
424501,P,2000-02-13,57168,2,27.65,8.45,,
424502,P,2001-10-27,73816,8,48.63,0.87,,
424503,P,2001-09-08,15792,8,69.26,2.36,,
424504,P,2002-02-15,55128,7,71.21,5.55,,
424505,P,2000-11-29,95766,8,42.11,4.11,,
424506,P,2001-11-10,49309,9,9.32,1.90,,
424507,P,2001-09-14,66307,5,49.50,6.30,,
424508,P,2002-04-22,46380,8,35.83,9.09,,
424509,P,2000-08-19,59467,9,81.50,1.48,,
424510,P,2000-05-24,8803,1,18.08,0.03,,
424511,P,2000-06-23,66423,7,68.10,0.26,,
424512,P,2002-02-08,9481,9,25.36,6.79,,
424513,P,2001-06-23,44904,9,54.52,0.88,,
424514,P,2001-09-21,69719,1,46.42,6.57,,
424515,P,2002-01-31,36230,4,8.46,3.70,,
424516,P,2001-03-11,92868,1,12.84,8.99,,
424517,P,2001-02-02,23269,2,96.14,2.74,,
424518,P,2001-01-24,63997,9,30.38,6.04,,
424519,P,2002-05-22,11585,10,18.05,2.97,,
424520,P,2001-02-04,2317,9,35.54,0.61,,
424521,P,2000-02-17,51339,10,58.06,9.87,,
424522,P,2002-09-05,16391,4,22.52,3.33,,
424523,P,2000-02-22,1567,5,34.01,4.64,,
424524,P,2000-06-14,85459,3,16.01,3.75,,
424525,P,2002-09-22,58580,1,73.42,0.27,,
424526,P,2001-03-15,66035,6,2.73,3.02,,
424527,P,2000-02-03,33636,2,12.42,6.96,,
424528,P,2001-08-25,56942,5,71.33,8.34,,
424529,P,2002-08-16,90782,4,83.86,2.01,,
424530,P,2000-11-23,18810,5,93.24,1.37,,
424531,P,2001-09-16,75788,9,25.63,5.67,,
424532,P,2001-11-09,17287,3,42.28,6.30,,
424533,P,2001-03-05,42848,2,4.58,1.94,,
424534,P,2002-09-04,46876,1,59.82,5.77,,
424535,P,2002-05-28,38119,8,65.52,0.32,,
424536,P,2000-03-02,56711,2,79.93,1.38,,
424537,P,2000-08-30,88745,1,34.26,6.51,,
424538,P,2002-05-18,26834,9,77.96,2.56,,
424539,P,2001-11-18,82246,1,14.14,2.47,,
424540,P,2000-04-06,96938,9,86.78,1.12,,
424541,P,2001-10-22,34,2,5.45,6.03,,
424542,P,2000-11-14,23332,9,47.18,8.48,,
424543,P,2002-04-28,18931,2,41.39,2.17,,
424544,P,2000-10-25,40779,9,47.48,1.81,,
424545,P,2000-05-14,31171,6,45.29,3.83,,
424546,P,2002-07-20,59370,6,28.93,3.98,,
424547,P,2000-04-04,24136,3,78.34,3.14,,
424548,P,2002-08-17,60432,8,36.78,9.56,,
424549,P,2000-05-27,62004,2,34.62,4.24,,
424550,P,2002-06-03,73932,10,52.20,2.22,,
424551,P,2000-04-20,6133,1,15.84,5.97,,
424552,P,2002-06-26,74041,3,24.70,5.57,,
424553,P,2000-09-20,10320,8,26.55,6.17,,
424554,P,2000-07-21,967,8,61.50,8.79,,
424555,P,2001-04-03,73547,2,38.42,9.74,,
424556,P,2001-02-09,40800,5,58.13,3.80,,
424557,P,2002-05-05,71719,8,82.46,6.85,,
424558,P,2002-07-03,17574,7,43.65,4.15,,
424559,P,2000-01-26,19768,7,85.59,9.30,,
424560,P,2002-02-06,31702,3,52.86,0.17,,
424561,P,2000-01-16,93500,4,77.21,4.22,,
424562,P,2000-02-10,55777,10,46.57,6.60,,
424563,P,2002-05-02,24980,1,62.33,7.95,,
424564,P,2000-10-05,40555,9,75.22,6.73,,
424565,P,2002-04-20,30286,10,70.86,8.30,,
424566,P,2000-01-15,94380,5,72.66,0.04,,
424567,P,2001-06-22,26410,5,65.49,6.81,,
424568,P,2002-08-14,57179,4,28.74,0.24,,
424569,P,2001-07-20,22182,6,12.50,8.32,,
424570,P,2001-10-08,29526,10,16.49,7.29,,
424571,P,2000-09-23,49111,9,10.55,7.49,,
424572,P,2002-04-21,26287,7,92.69,6.56,,
424573,P,2001-08-26,82435,8,17.39,0.02,,
424574,P,2000-07-18,98990,6,9.68,3.14,,
424575,P,2002-09-21,34399,4,75.59,2.90,,
424576,P,2002-02-15,21272,6,68.04,3.46,,
424577,P,2001-07-11,84356,9,73.94,9.85,,
424578,P,2002-06-10,19463,9,16.98,5.99,,
424579,P,2000-06-05,25795,4,11.91,0.49,,
424580,P,2002-09-27,80504,4,11.45,9.34,,
424581,P,2002-03-26,13716,6,7.80,3.21,,
424582,P,2000-12-08,79344,7,50.26,9.61,,
424583,P,2000-12-17,14600,5,49.10,9.99,,
424584,P,2002-08-30,88248,4,88.15,7.79,,
424585,P,2000-04-30,17477,7,26.04,3.62,,
424586,P,2001-02-27,32651,5,62.74,8.04,,
424587,P,2000-10-22,29993,2,29.05,5.16,,
424588,P,2002-06-10,84720,8,91.13,4.38,,
424589,P,2002-05-28,68874,8,98.90,5.19,,
424590,P,2000-09-24,26297,8,77.32,9.91,,
424591,P,2001-03-26,15942,4,93.43,6.18,,
424592,P,2000-03-31,53921,3,18.65,9.65,,
424593,P,2001-05-18,59219,10,24.52,6.56,,
424594,P,2000-12-29,85282,7,64.11,3.07,,
424595,P,2000-01-27,65963,4,80.14,6.90,,
424596,P,2001-10-29,72694,6,93.85,3.76,,
424597,P,2001-06-17,96396,8,91.02,2.70,,
424598,P,2002-08-08,54248,4,13.71,9.52,,
424599,P,2002-03-06,6856,8,42.13,7.61,,
424600,P,2001-12-09,6669,2,82.22,9.88,,
424601,P,2000-10-03,65291,10,50.96,1.89,,
424602,P,2002-05-01,97641,4,48.02,3.22,,
424603,P,2000-09-24,66094,2,68.12,9.26,,
424604,P,2001-12-02,22409,1,77.42,1.40,,
424605,P,2002-08-26,24891,5,74.68,5.68,,
424606,P,2002-01-09,90139,10,65.01,6.67,,
424607,P,2000-05-20,84546,6,96.27,5.79,,
424608,P,2000-08-15,20178,10,69.39,5.71,,
424609,P,2000-08-14,71957,3,91.68,5.53,,
424610,P,2000-04-20,61860,8,13.82,0.25,,
424611,P,2002-09-23,27265,2,81.17,8.00,,
424612,P,2000-02-27,94440,2,91.88,3.90,,
424613,P,2000-11-02,81064,8,40.07,6.16,,
424614,P,2000-12-06,43546,1,29.03,1.89,,
424615,P,2001-08-17,41910,5,32.38,5.48,,
424616,P,2001-11-25,13011,2,68.95,5.91,,
424617,P,2000-06-27,95937,8,23.07,4.22,,
424618,P,2000-06-26,56607,6,75.84,6.24,,
424619,P,2001-06-22,45710,10,35.98,8.99,,
424620,P,2002-01-19,68919,2,56.44,7.78,,
424621,P,2000-04-04,64208,8,11.58,8.55,,
424622,P,2000-05-11,30144,8,57.88,5.54,,
424623,P,2001-05-19,961,2,30.42,8.69,,
424624,P,2001-05-18,79281,5,96.45,9.42,,
424625,P,2000-03-04,53183,8,5.17,9.87,,
424626,P,2000-12-07,65317,9,29.50,3.78,,
424627,P,2002-06-25,78528,5,90.99,5.95,,
424628,P,2000-04-07,10873,2,36.62,7.25,,
424629,P,2000-10-14,5747,7,32.44,9.53,,
424630,P,2000-03-25,25118,8,71.42,6.65,,
424631,P,2000-03-26,7185,10,72.65,8.95,,
424632,P,2000-07-05,43847,8,88.15,3.71,,
424633,P,2001-12-21,90049,6,45.52,7.28,,
424634,P,2000-10-21,15395,5,64.53,0.07,,
424635,P,2000-05-15,84641,4,76.90,7.77,,
424636,P,2000-10-14,99037,2,30.95,7.30,,
424637,P,2001-08-01,13602,8,15.82,5.93,,
424638,P,2002-01-18,4765,3,12.36,6.68,,
424639,P,2001-11-06,35220,8,57.30,3.11,,
424640,P,2001-06-30,64940,8,94.91,3.73,,
424641,P,2000-04-09,28483,7,44.88,9.68,,
424642,P,2002-04-09,72151,9,83.21,9.85,,
424643,P,2002-03-31,66762,4,53.79,4.71,,
424644,P,2001-01-19,44589,6,23.06,8.15,,
424645,P,2000-08-07,50615,8,27.52,4.72,,
424646,P,2000-08-19,77037,3,21.97,1.65,,
424647,P,2002-01-23,47858,5,31.32,4.01,,
424648,P,2001-04-06,75453,8,56.47,9.94,,
424649,P,2002-01-27,138,9,39.09,7.68,,
424650,P,2001-04-25,48533,1,17.80,7.44,,
424651,P,2002-09-19,16088,4,68.91,3.83,,
424652,P,2001-10-07,58924,5,86.29,4.71,,
424653,P,2002-07-13,91960,9,45.90,9.98,,
424654,P,2000-03-02,85993,4,38.72,9.33,,
424655,P,2002-02-22,87016,3,8.54,6.41,,
424656,P,2001-02-23,87405,1,46.10,0.90,,
424657,P,2000-10-06,71610,9,29.38,1.58,,
424658,P,2002-06-03,50832,10,97.42,5.79,,
424659,P,2001-06-16,20849,9,58.88,4.95,,
424660,P,2001-10-27,35092,2,26.31,9.98,,
424661,P,2002-03-01,23423,10,87.52,4.84,,
424662,P,2002-04-12,80959,1,47.43,9.27,,
424663,P,2001-02-28,23749,5,40.09,8.17,,
424664,P,2001-10-17,98736,2,92.47,8.55,,
424665,P,2002-08-02,20628,7,66.76,5.88,,
424666,P,2001-01-30,64357,6,90.97,7.53,,
424667,P,2001-11-21,6320,4,93.72,3.27,,
424668,P,2001-06-04,13651,2,63.95,5.27,,
424669,P,2000-11-02,79889,7,49.49,1.67,,
424670,P,2000-04-10,70079,8,66.48,1.77,,
424671,P,2001-03-27,51080,4,43.81,1.86,,
424672,P,2001-06-22,11708,7,19.90,3.88,,
424673,P,2002-04-03,518,7,17.92,2.30,,
424674,P,2001-12-28,53134,8,47.89,7.63,,
424675,P,2002-08-19,36708,1,44.09,7.74,,
424676,P,2001-07-31,40755,3,90.99,2.72,,
424677,P,2001-12-12,63459,10,89.34,8.98,,
424678,P,2000-01-10,14610,6,90.17,3.22,,
424679,P,2000-05-05,55494,7,3.55,6.15,,
424680,P,2000-02-18,87270,9,7.81,0.65,,
424681,P,2000-05-30,18843,10,14.50,6.26,,
424682,P,2001-05-04,35226,7,66.04,3.47,,
424683,P,2002-07-02,32397,10,53.62,5.90,,
424684,P,2002-08-21,39193,8,50.53,9.17,,
424685,P,2001-01-01,95981,7,67.35,9.01,,
424686,P,2001-11-03,12055,1,12.69,9.90,,
424687,P,2000-03-02,13570,5,77.47,5.02,,
424688,P,2002-01-01,93460,2,89.97,6.40,,
424689,P,2001-03-17,82414,2,72.13,0.73,,
424690,P,2001-04-15,74900,6,46.78,2.16,,
424691,P,2001-03-08,34321,5,27.61,7.09,,
424692,P,2002-05-28,1701,7,35.93,4.56,,
424693,P,2000-07-11,45314,7,9.12,9.06,,
424694,P,2000-04-30,74256,7,12.58,0.50,,
424695,P,2000-10-29,65773,10,45.12,6.26,,
424696,P,2001-10-22,71502,10,95.12,6.30,,
424697,P,2002-05-02,59669,7,30.65,4.99,,
424698,P,2000-01-20,63318,6,20.60,2.32,,
424699,P,2002-07-17,34102,9,72.59,0.63,,
424700,P,2000-04-24,84310,7,76.99,4.20,,
424701,P,2000-10-13,54326,2,83.54,0.15,,
424702,P,2002-04-07,75943,10,34.62,7.45,,
424703,P,2000-06-30,97636,3,27.60,5.52,,
424704,P,2000-03-20,66726,10,99.67,4.34,,
424705,P,2000-01-26,52403,7,42.85,5.04,,
424706,P,2000-01-24,57582,1,43.24,3.92,,
424707,P,2002-01-07,89684,4,81.03,1.94,,
424708,P,2001-06-24,3444,8,38.87,4.39,,
424709,P,2001-12-27,40541,9,19.41,5.13,,
424710,P,2000-04-10,51466,8,85.27,6.93,,
424711,P,2000-07-14,98600,8,97.96,9.35,,
424712,P,2001-01-04,76863,3,39.64,4.30,,
424713,P,2000-09-16,21520,1,70.88,4.29,,
424714,P,2002-04-13,44746,2,45.75,1.96,,
424715,P,2000-02-07,79979,3,13.47,1.74,,
424716,P,2000-04-25,48944,2,7.01,0.52,,
424717,P,2001-10-04,5473,6,51.74,6.75,,
424718,P,2001-10-07,31176,5,41.26,0.85,,
424719,P,2001-07-11,98043,7,59.50,3.24,,
424720,P,2000-11-11,89175,4,44.30,5.07,,
424721,P,2001-04-18,71691,3,1.86,0.87,,
424722,P,2000-02-24,58369,4,28.24,2.25,,
424723,P,2002-05-30,55319,7,75.02,8.84,,
424724,P,2001-04-08,74269,3,70.64,9.14,,
424725,P,2000-12-25,78337,9,90.42,8.13,,
424726,P,2002-05-21,83399,3,27.35,3.20,,
424727,P,2000-10-24,50041,9,20.83,8.12,,
424728,P,2002-05-16,73795,3,17.90,4.36,,
424729,P,2001-05-22,99876,3,24.35,8.22,,
424730,P,2001-11-01,13690,7,38.36,4.79,,
424731,P,2000-09-24,68341,5,91.31,3.45,,
424732,P,2001-08-24,63753,3,27.66,9.45,,
424733,P,2001-04-24,29089,2,85.57,4.68,,
424734,P,2002-03-10,43615,2,62.12,8.44,,
424735,P,2000-01-28,36567,10,45.52,1.87,,
424736,P,2001-03-06,67448,5,17.64,4.06,,
424737,P,2001-05-08,71665,2,41.13,0.42,,
424738,P,2000-01-25,5497,5,54.11,6.13,,
424739,P,2002-04-12,32016,5,70.55,5.28,,
424740,P,2000-06-24,32392,9,61.53,5.36,,
424741,P,2002-03-26,19572,2,67.94,3.70,,
424742,P,2000-11-18,41994,8,41.00,6.95,,
424743,P,2001-05-29,50834,8,11.13,4.54,,
424744,P,2001-07-09,78179,3,12.20,8.10,,
424745,P,2002-01-07,86099,3,63.64,9.36,,
424746,P,2002-07-31,77196,10,78.97,0.47,,
424747,P,2000-08-22,69863,5,86.14,5.45,,
424748,P,2000-07-06,98460,10,56.07,9.98,,
424749,P,2001-08-24,6477,2,17.61,5.26,,
424750,P,2002-04-07,77347,7,74.86,4.47,,
424751,P,2002-08-04,97627,4,23.17,1.53,,
424752,P,2002-08-10,49042,3,64.65,4.14,,
424753,P,2001-07-16,254,8,8.03,8.97,,
424754,P,2000-07-11,26761,5,36.06,8.49,,
424755,P,2002-02-22,45349,7,67.90,2.11,,
424756,P,2000-02-11,85931,2,89.15,2.31,,
424757,P,2001-02-16,79500,8,63.86,6.37,,
424758,P,2001-05-15,147,2,51.31,1.25,,
424759,P,2000-03-30,52620,5,92.59,4.65,,
424760,P,2002-09-14,35806,8,56.04,5.85,,
424761,P,2000-10-13,39953,10,75.92,10.00,,
424762,P,2000-11-26,607,4,69.97,7.03,,
424763,P,2001-10-05,48150,6,48.96,0.05,,
424764,P,2001-10-05,51675,10,9.25,2.46,,
424765,P,2002-08-06,9655,4,82.58,8.54,,
424766,P,2000-11-21,33056,4,62.32,6.39,,
424767,P,2000-02-14,86692,6,98.95,6.81,,
424768,P,2000-07-16,17704,4,37.57,4.15,,
424769,P,2001-08-08,37464,3,52.68,2.60,,
424770,P,2001-06-19,38151,5,4.97,9.47,,
424771,P,2001-01-21,48276,1,41.62,2.88,,
424772,P,2000-02-11,68869,3,3.99,7.22,,
424773,P,2001-02-26,43577,10,35.20,4.86,,
424774,P,2001-06-14,20575,1,10.46,6.93,,
424775,P,2000-03-03,91036,10,52.99,5.29,,
424776,P,2001-05-21,88392,3,59.53,1.88,,
424777,P,2001-12-10,87495,10,35.49,5.94,,
424778,P,2002-06-10,84271,7,76.52,6.23,,
424779,P,2000-07-04,71762,4,72.97,3.56,,
424780,P,2000-01-27,93717,8,50.54,9.55,,
424781,P,2001-05-20,33074,2,48.86,7.31,,
424782,P,2000-05-28,49245,4,92.47,5.82,,
424783,P,2000-07-26,24778,6,8.29,2.31,,
424784,P,2002-05-17,83622,8,50.15,8.82,,
424785,P,2001-09-15,25558,1,46.68,0.43,,
424786,P,2000-06-04,16182,8,43.85,0.67,,
424787,P,2002-01-11,53737,7,67.71,1.38,,
424788,P,2000-05-02,42910,5,24.13,1.48,,
424789,P,2000-06-29,61932,8,8.33,4.51,,
424790,P,2001-01-19,31350,4,73.65,2.15,,
424791,P,2000-08-20,15014,1,3.02,7.52,,
424792,P,2000-05-07,88519,7,62.87,7.25,,
424793,P,2001-05-29,51076,9,88.64,9.21,,
424794,P,2001-11-23,9399,4,73.83,6.36,,
424795,P,2001-02-07,54021,5,84.85,6.89,,
424796,P,2000-12-08,99162,6,6.09,2.58,,
424797,P,2002-06-19,74691,6,51.98,4.15,,
424798,P,2000-10-10,99659,9,18.72,0.13,,
424799,P,2001-12-04,61828,9,58.63,9.80,,
424800,P,2001-06-09,62931,8,18.84,3.68,,
424801,P,2001-04-21,75721,1,57.38,3.27,,
424802,P,2001-11-29,45737,2,90.76,9.22,,
424803,P,2001-01-08,51774,3,89.65,2.86,,
424804,P,2000-01-25,27359,5,26.01,1.58,,
424805,P,2000-10-23,9447,3,92.62,7.52,,
424806,P,2001-07-27,31073,8,81.56,4.25,,
424807,P,2001-12-07,67408,5,17.33,7.66,,
424808,P,2001-12-03,52318,7,51.55,7.86,,
424809,P,2002-07-05,1867,8,60.24,7.08,,
424810,P,2002-05-22,59743,8,12.40,1.22,,
424811,P,2001-07-26,38241,4,72.62,2.04,,
424812,P,2001-02-26,6156,7,89.47,2.03,,
424813,P,2001-02-08,58730,9,90.87,5.19,,
424814,P,2002-06-24,55599,4,17.67,0.75,,
424815,P,2000-10-14,25836,5,17.70,7.94,,
424816,P,2000-01-05,38270,1,78.53,7.46,,
424817,P,2001-08-29,15931,7,55.57,4.60,,
424818,P,2001-03-25,47018,6,62.20,0.38,,
424819,P,2002-05-10,28764,6,28.30,6.15,,
424820,P,2000-12-25,92599,7,15.72,9.43,,
424821,P,2000-10-22,29005,5,8.63,4.42,,
424822,P,2001-11-20,589,4,27.70,2.74,,
424823,P,2002-04-11,79967,7,58.35,2.99,,
424824,P,2002-06-16,38426,10,5.17,9.61,,
424825,P,2001-05-15,12438,9,26.67,4.50,,
424826,P,2001-09-27,60306,2,7.99,6.80,,
424827,P,2001-08-13,52105,7,42.02,4.17,,
424828,P,2001-04-21,43496,10,89.90,5.86,,
424829,P,2000-06-19,34835,6,52.40,9.97,,
424830,P,2001-02-27,37387,1,72.05,9.73,,
424831,P,2001-01-16,69303,6,90.13,1.12,,
424832,P,2001-06-15,22271,3,12.61,0.60,,
424833,P,2000-04-21,36768,10,98.83,9.58,,
424834,P,2002-08-16,55409,3,70.78,0.25,,
424835,P,2001-05-19,19783,1,56.08,5.79,,
424836,P,2000-01-11,49270,1,5.52,4.16,,
424837,P,2002-07-07,51228,10,13.59,0.19,,
424838,P,2000-06-22,58600,8,22.83,2.22,,
424839,P,2001-06-10,10366,10,83.97,4.36,,
424840,P,2000-12-21,73047,4,63.40,4.89,,
424841,P,2000-11-01,16249,6,47.26,4.68,,
424842,P,2000-08-16,95192,1,31.32,7.97,,
424843,P,2000-06-23,43832,6,36.09,1.93,,
424844,P,2000-10-25,38935,4,25.24,1.26,,
424845,P,2000-10-11,77575,3,39.65,1.16,,
424846,P,2000-10-29,96545,4,90.18,2.53,,
424847,P,2000-10-27,39350,3,76.44,1.54,,
424848,P,2001-02-25,8024,5,60.18,1.19,,
424849,P,2001-05-18,33193,3,5.15,5.73,,
424850,P,2002-03-22,38316,2,55.96,6.05,,
424851,P,2000-02-17,38380,2,99.46,7.68,,
424852,P,2002-07-10,81404,3,20.37,6.76,,
424853,P,2001-07-27,32188,9,99.97,1.27,,
424854,P,2000-08-07,18086,5,0.22,0.14,,
424855,P,2001-04-05,17728,9,99.16,6.48,,
424856,P,2001-09-05,66328,6,88.83,4.03,,
424857,P,2001-09-15,12547,10,63.09,3.33,,
424858,P,2002-09-20,61743,3,87.14,4.99,,
424859,P,2001-10-30,63455,8,1.28,4.09,,
424860,P,2001-03-14,91927,9,90.10,1.20,,
424861,P,2002-09-05,30329,5,53.58,5.91,,
424862,P,2000-05-07,28905,7,35.47,6.82,,
424863,P,2002-03-20,41560,5,7.12,6.18,,
424864,P,2002-05-20,48572,6,67.53,5.63,,
424865,P,2001-07-21,31123,6,68.31,8.57,,
424866,P,2001-05-12,87133,4,36.01,4.06,,
424867,P,2001-11-20,43815,5,2.39,3.37,,
424868,P,2001-12-28,19838,10,33.53,1.62,,
424869,P,2002-09-12,59469,5,56.27,1.09,,
424870,P,2000-02-20,75317,7,51.90,2.17,,
424871,P,2000-02-05,22768,7,95.78,1.80,,
424872,P,2002-01-23,34220,1,7.48,2.00,,
424873,P,2001-09-07,53329,5,36.30,5.15,,
424874,P,2001-01-12,13987,2,1.32,1.22,,
424875,P,2000-01-15,35831,7,21.06,7.87,,
424876,P,2001-03-28,17046,4,39.06,5.21,,
424877,P,2002-01-24,47466,3,12.55,8.88,,
424878,P,2002-09-04,24698,3,66.12,6.48,,
424879,P,2000-12-15,64614,8,24.12,2.73,,
424880,P,2001-07-28,84183,3,5.19,0.46,,
424881,P,2002-04-16,75389,7,96.72,0.30,,
424882,P,2000-02-05,4425,2,26.14,5.16,,
424883,P,2000-07-08,11127,7,8.08,6.70,,
424884,P,2001-10-28,37691,7,100.00,4.42,,
424885,P,2002-05-17,41270,4,34.21,0.51,,
424886,P,2002-05-10,88743,4,62.06,1.18,,
424887,P,2001-10-05,68866,4,7.15,5.18,,
424888,P,2000-03-22,48896,6,10.44,3.81,,
424889,P,2000-07-10,97031,6,88.86,2.90,,
424890,P,2000-08-04,98508,8,90.67,0.93,,
424891,P,2002-09-14,33752,4,18.37,8.07,,
424892,P,2001-01-18,726,10,3.41,5.80,,
424893,P,2002-08-30,75829,10,29.50,8.14,,
424894,P,2002-07-01,99767,3,20.77,1.80,,
424895,P,2002-02-11,72723,2,19.55,6.01,,
424896,P,2001-01-09,51008,8,45.38,7.12,,
424897,P,2001-09-11,60819,1,6.18,7.47,,
424898,P,2000-06-18,49586,7,27.75,7.06,,
424899,P,2000-05-02,62415,8,45.19,4.36,,
424900,P,2001-06-08,92856,1,19.16,7.54,,
424901,P,2002-06-17,37789,7,66.59,2.79,,
424902,P,2000-06-13,85687,10,85.22,8.72,,
424903,P,2000-11-25,98572,4,90.83,2.31,,
424904,P,2002-05-13,58349,10,1.10,3.61,,
424905,P,2000-08-31,28213,9,63.10,2.50,,
424906,P,2000-07-31,19449,2,61.52,5.55,,
424907,P,2000-03-25,59252,3,21.66,3.45,,
424908,P,2000-11-03,72354,7,54.20,5.44,,
424909,P,2000-06-11,51813,4,17.10,6.84,,
424910,P,2001-07-25,10493,10,95.29,6.00,,
424911,P,2000-08-12,98585,10,53.11,2.48,,
424912,P,2002-02-03,8592,4,12.33,5.06,,
424913,P,2001-01-21,33489,1,51.12,8.15,,
424914,P,2002-03-01,73149,5,8.51,4.39,,
424915,P,2001-10-12,81760,5,10.92,3.15,,
424916,P,2002-06-08,63057,1,45.92,8.42,,
424917,P,2002-09-04,71833,5,29.01,4.04,,
424918,P,2000-12-29,17401,3,68.13,6.76,,
424919,P,2000-12-21,39930,10,2.09,9.06,,
424920,P,2001-08-30,78323,1,92.53,0.01,,
424921,P,2001-01-19,41797,10,8.84,0.78,,
424922,P,2002-06-01,87156,4,60.61,2.87,,
424923,P,2000-02-17,36940,2,88.86,4.08,,
424924,P,2000-02-13,9321,3,88.23,2.63,,
424925,P,2002-04-15,248,2,86.60,0.33,,
424926,P,2001-06-10,41987,6,99.05,6.16,,
424927,P,2002-05-30,96337,4,29.89,0.27,,
424928,P,2001-06-19,28489,7,63.69,0.88,,
424929,P,2002-09-26,16107,3,97.09,3.11,,
424930,P,2002-02-18,12164,1,95.98,9.54,,
424931,P,2001-01-06,45094,2,82.81,0.32,,
424932,P,2002-06-26,86842,2,0.89,6.61,,
424933,P,2002-04-10,67504,1,32.58,1.70,,
424934,P,2000-04-14,67982,4,41.10,6.23,,
424935,P,2002-01-16,29180,5,32.56,2.38,,
424936,P,2000-02-18,38466,9,89.84,1.88,,
424937,P,2002-05-27,35326,6,59.04,4.82,,
424938,P,2000-12-05,31346,4,84.64,8.00,,
424939,P,2002-04-08,43978,5,73.20,0.06,,
424940,P,2000-07-28,34256,9,94.67,7.72,,
424941,P,2000-10-16,16519,4,91.32,6.41,,
424942,P,2002-09-08,9476,2,73.29,4.91,,
424943,P,2001-07-14,44005,5,45.55,2.81,,
424944,P,2000-04-04,37990,9,51.03,2.84,,
424945,P,2000-01-12,54161,10,70.12,5.00,,
424946,P,2001-03-14,48312,6,66.08,1.97,,
424947,P,2000-03-24,13349,1,82.62,9.70,,
424948,P,2000-02-24,19425,9,47.90,6.77,,
424949,P,2001-12-11,14414,8,31.70,4.02,,
424950,P,2000-12-02,12110,10,80.13,9.47,,
424951,P,2000-10-09,20794,4,10.84,1.94,,
424952,P,2001-12-30,58567,7,62.05,2.95,,
424953,P,2001-03-12,54107,10,74.99,0.21,,
424954,P,2002-05-14,91840,6,65.64,8.27,,
424955,P,2000-04-03,33595,7,33.23,2.50,,
424956,P,2001-05-13,74995,10,76.36,3.77,,
424957,P,2001-07-09,25709,10,24.87,2.77,,
424958,P,2002-09-19,76230,3,62.71,6.68,,
424959,P,2002-07-31,88101,8,59.84,4.11,,
424960,P,2000-08-26,7330,7,9.01,4.94,,
424961,P,2001-01-28,87651,9,76.75,4.83,,
424962,P,2001-01-10,38941,2,60.52,3.84,,
424963,P,2000-06-10,597,4,18.07,7.96,,
424964,P,2000-02-05,26614,9,67.25,6.90,,
424965,P,2001-12-30,74009,7,74.73,8.30,,
424966,P,2000-02-27,50874,5,70.38,3.90,,
424967,P,2001-03-01,77678,5,13.32,9.87,,
424968,P,2002-08-04,56350,9,54.43,2.62,,
424969,P,2001-11-13,98056,6,28.19,3.89,,
424970,P,2001-04-30,36940,2,21.01,9.16,,
424971,P,2002-06-28,6929,5,29.90,9.69,,
424972,P,2002-07-12,58701,1,99.34,8.25,,
424973,P,2002-09-13,7910,5,57.45,1.33,,
424974,P,2001-10-01,54607,8,27.99,6.81,,
424975,P,2001-05-15,43830,9,77.69,3.55,,
424976,P,2002-02-20,33685,6,91.60,3.09,,
424977,P,2001-12-11,6143,9,72.12,7.87,,
424978,P,2002-08-15,69832,10,60.07,3.08,,
424979,P,2000-10-03,77471,6,31.20,1.18,,
424980,P,2000-10-12,39373,8,68.21,8.72,,
424981,P,2002-07-09,48344,1,25.63,3.38,,
424982,P,2001-03-10,1180,1,46.62,0.85,,
424983,P,2001-03-07,31336,1,88.51,7.73,,
424984,P,2002-01-08,83048,9,99.64,6.43,,
424985,P,2002-06-19,11777,3,47.68,3.06,,
424986,P,2000-01-17,25103,10,86.98,2.48,,
424987,P,2000-12-28,97082,1,38.72,6.14,,
424988,P,2001-10-22,67641,2,91.68,5.47,,
424989,P,2000-02-25,78874,2,64.84,5.05,,
424990,P,2001-02-03,9424,4,97.02,3.16,,
424991,P,2001-05-15,37080,3,97.17,5.50,,
424992,P,2000-09-12,90010,3,7.44,4.50,,
424993,P,2001-04-27,73211,6,93.03,0.68,,
424994,P,2000-05-11,41561,8,48.03,6.50,,
424995,P,2002-07-07,15392,4,16.24,5.39,,
424996,P,2001-02-23,68797,1,5.95,7.14,,
424997,P,2000-01-08,8374,9,53.06,3.75,,
424998,P,2001-07-08,55874,5,39.82,9.65,,
424999,P,2002-08-14,89863,6,45.55,2.19,,
425000,P,2001-10-19,70867,10,3.92,2.66,,
425001,P,2001-11-28,34081,7,97.08,3.23,,
425002,P,2000-08-22,33023,6,29.44,5.31,,
425003,P,2000-08-04,8542,5,33.22,3.09,,
425004,P,2000-05-09,92393,6,83.47,5.21,,
425005,P,2000-06-17,96947,10,17.14,3.80,,
425006,P,2001-05-27,5791,9,18.79,0.01,,
425007,P,2001-01-24,26623,10,8.07,8.36,,
425008,P,2002-06-21,99097,10,71.31,3.88,,
425009,P,2002-05-01,73087,7,51.13,1.52,,
425010,P,2000-08-16,83876,5,45.67,3.31,,
425011,P,2002-08-01,68161,7,37.48,8.88,,
425012,P,2002-01-08,82922,10,17.77,5.08,,
425013,P,2000-01-03,81306,2,12.55,6.40,,
425014,P,2001-05-08,35702,10,25.91,0.54,,
425015,P,2001-12-11,98514,8,84.19,6.88,,
425016,P,2002-09-08,55346,1,59.67,9.31,,
425017,P,2000-01-12,44966,7,95.17,1.78,,
425018,P,2001-02-02,95821,4,8.25,2.91,,
425019,P,2001-05-29,25792,4,81.27,2.15,,
425020,P,2002-02-05,44281,3,85.28,5.09,,
425021,P,2000-03-21,20487,5,21.67,2.85,,
425022,P,2000-04-19,93177,5,61.93,3.26,,
425023,P,2000-01-01,74616,8,79.11,6.69,,
425024,P,2001-09-08,65953,7,93.93,5.89,,
425025,P,2001-07-25,44119,2,29.89,9.76,,
425026,P,2002-02-14,89287,5,89.15,1.66,,
425027,P,2000-06-17,59331,9,74.53,9.23,,
425028,P,2001-12-29,3372,1,80.42,1.70,,
425029,P,2002-01-25,56177,9,94.96,5.89,,
425030,P,2002-02-28,5098,10,58.67,6.58,,
425031,P,2002-02-11,34127,7,44.66,1.26,,
425032,P,2002-05-29,87252,8,47.12,3.33,,
425033,P,2001-05-04,32422,7,4.78,4.95,,
425034,P,2002-01-07,5421,2,45.84,5.77,,
425035,P,2001-02-23,75436,3,2.00,2.30,,
425036,P,2001-03-06,72480,3,26.51,2.47,,
425037,P,2001-03-22,66169,9,69.28,6.65,,
425038,P,2001-12-25,32198,10,58.66,1.22,,
425039,P,2000-08-30,65834,7,1.69,3.88,,
425040,P,2000-12-21,5002,2,46.93,0.85,,
425041,P,2001-03-07,55068,1,11.18,5.23,,
425042,P,2000-02-11,21486,1,94.12,0.67,,
425043,P,2001-08-12,88248,8,12.76,9.18,,
425044,P,2000-08-18,22388,6,18.25,6.16,,
425045,P,2000-11-15,75051,3,89.79,3.29,,
425046,P,2000-08-15,45352,5,30.01,9.04,,
425047,P,2001-06-03,62303,1,79.67,4.86,,
425048,P,2001-04-06,40228,7,2.24,9.36,,
425049,P,2001-09-25,77950,1,26.99,6.94,,
425050,P,2002-01-20,29534,1,80.93,3.56,,
425051,P,2001-03-18,80125,8,0.06,2.29,,
425052,P,2001-02-08,19833,3,33.75,0.06,,
425053,P,2001-09-01,29051,7,52.00,0.41,,
425054,P,2001-11-10,49148,2,35.94,4.45,,
425055,P,2001-06-28,32036,9,18.25,3.81,,
425056,P,2000-08-28,88764,7,34.47,3.46,,
425057,P,2000-05-25,60037,9,92.39,1.71,,
425058,P,2002-05-29,39389,7,63.01,4.04,,
425059,P,2000-03-25,32703,3,71.79,2.00,,
425060,P,2000-11-09,35969,6,87.46,1.05,,
425061,P,2001-05-07,13799,5,47.00,4.39,,
425062,P,2000-02-18,68919,6,89.33,0.32,,
425063,P,2000-11-04,10760,3,1.81,2.13,,
425064,P,2000-10-02,91591,5,74.64,2.35,,
425065,P,2002-01-09,11164,3,70.18,2.45,,
425066,P,2000-01-28,88823,5,76.47,9.30,,
425067,P,2002-07-15,67451,5,2.65,4.11,,
425068,P,2001-07-24,42949,5,4.36,3.58,,
425069,P,2000-12-08,94282,3,65.27,9.27,,
425070,P,2002-01-14,79554,6,77.48,6.45,,
425071,P,2001-05-03,64057,6,93.94,1.60,,
425072,P,2001-10-20,95950,8,46.49,0.82,,
425073,P,2001-06-13,70168,1,90.14,7.53,,
425074,P,2000-11-20,79628,2,97.37,1.81,,
425075,P,2000-07-03,84056,9,53.64,4.26,,
425076,P,2000-11-21,97433,10,95.73,4.31,,
425077,P,2002-04-12,49943,4,59.65,1.69,,
425078,P,2002-07-13,73070,5,5.83,4.70,,
425079,P,2000-06-19,58840,3,70.80,6.35,,
425080,P,2001-08-31,87376,10,13.67,2.45,,
425081,P,2001-07-20,80076,10,29.70,9.54,,
425082,P,2002-02-28,59860,6,40.33,6.55,,
425083,P,2000-09-29,80054,2,84.38,4.01,,
425084,P,2000-03-10,79269,5,42.48,3.22,,
425085,P,2002-09-22,94110,8,3.76,8.09,,
425086,P,2002-06-29,94191,10,41.12,8.77,,
425087,P,2002-01-27,44933,1,49.96,9.16,,
425088,P,2001-10-25,75607,8,53.17,8.97,,
425089,P,2000-10-27,22286,9,71.98,0.45,,
425090,P,2002-06-30,88634,10,12.92,0.43,,
425091,P,2002-09-09,88198,6,84.04,6.28,,
425092,P,2002-01-13,79194,7,49.81,4.96,,
425093,P,2000-01-02,82282,9,84.45,5.15,,
425094,P,2002-08-26,11633,3,44.00,8.52,,
425095,P,2000-09-30,97580,4,35.28,2.09,,
425096,P,2001-10-10,34141,8,88.94,7.10,,
425097,P,2001-07-15,61598,6,77.30,5.54,,
425098,P,2000-02-26,79784,5,27.12,7.61,,
425099,P,2000-03-27,10588,8,56.84,5.79,,
425100,P,2001-01-19,62284,5,56.73,1.33,,
425101,P,2000-06-13,53098,2,35.66,0.44,,
425102,P,2000-07-17,93329,3,62.87,5.79,,
425103,P,2000-09-13,68303,4,95.80,7.79,,
425104,P,2001-04-07,9957,1,87.06,9.18,,
425105,P,2000-05-31,96165,9,90.23,9.96,,
425106,P,2002-05-26,79837,9,8.58,2.66,,
425107,P,2001-06-14,16485,2,73.05,9.84,,
425108,P,2000-10-21,96197,4,73.33,6.79,,
425109,P,2001-05-23,60268,6,28.96,8.02,,
425110,P,2001-10-25,2240,2,1.39,5.01,,
425111,P,2002-01-19,88613,8,72.21,8.01,,
425112,P,2002-08-13,54178,3,25.54,2.33,,
425113,P,2000-09-28,61961,1,0.58,0.95,,
425114,P,2002-07-16,18745,1,48.75,6.37,,
425115,P,2002-03-18,42920,1,56.38,6.50,,
425116,P,2001-08-02,87964,3,49.52,7.50,,
425117,P,2000-04-04,4236,9,12.39,4.34,,
425118,P,2002-02-21,35756,2,17.56,7.69,,
425119,P,2000-12-27,79332,10,10.74,6.94,,
425120,P,2000-02-23,84226,2,4.67,5.66,,
425121,P,2000-11-03,32581,5,77.56,2.55,,
425122,P,2000-07-29,58479,1,61.61,2.22,,
425123,P,2000-04-18,52399,4,97.98,1.95,,
425124,P,2002-07-16,85620,1,24.32,1.67,,
425125,P,2001-02-17,48260,10,58.81,7.34,,
425126,P,2001-08-11,37180,5,13.05,1.93,,
425127,P,2001-02-23,45604,5,7.64,5.22,,
425128,P,2000-05-22,70689,10,17.93,2.38,,
425129,P,2002-08-11,85607,10,64.70,3.70,,
425130,P,2001-04-22,72231,2,96.95,8.76,,
425131,P,2000-11-22,45709,5,43.09,4.36,,
425132,P,2002-09-05,56728,4,60.38,0.26,,
425133,P,2000-12-20,77275,6,32.64,5.19,,
425134,P,2000-05-31,56900,3,2.73,2.73,,
425135,P,2001-09-22,46092,1,29.72,2.30,,
425136,P,2000-07-20,47472,6,46.79,7.05,,
425137,P,2002-01-31,17374,10,18.69,8.68,,
425138,P,2002-06-08,7400,8,46.47,3.99,,
425139,P,2001-06-21,28177,7,6.41,7.54,,
425140,P,2000-06-22,58204,1,93.87,5.83,,
425141,P,2000-04-16,67342,2,98.76,0.08,,
425142,P,2001-02-11,98443,9,80.93,2.03,,
425143,P,2001-09-19,57997,4,75.25,8.18,,
425144,P,2001-09-04,38647,4,94.22,2.80,,
425145,P,2001-09-27,27537,9,28.62,0.09,,
425146,P,2000-04-09,9755,5,12.41,2.20,,
425147,P,2001-08-03,41302,7,54.70,7.41,,
425148,P,2000-07-05,30956,4,70.67,2.57,,
425149,P,2001-12-31,89897,8,91.71,4.50,,
425150,P,2001-09-27,56270,10,11.31,1.66,,
425151,P,2002-01-12,33889,4,17.44,8.37,,
425152,P,2001-03-05,72689,9,46.37,4.72,,
425153,P,2001-08-24,40192,3,73.83,0.19,,
425154,P,2002-04-22,27420,8,71.33,2.10,,
425155,P,2001-01-31,54742,10,68.65,8.88,,
425156,P,2000-01-23,46828,7,92.20,6.71,,
425157,P,2000-11-30,61942,7,31.52,9.22,,
425158,P,2001-11-03,33897,10,49.27,1.21,,
425159,P,2000-11-17,582,10,50.72,7.95,,
425160,P,2002-03-22,85111,9,65.15,5.35,,
425161,P,2000-04-13,15268,1,68.82,5.13,,
425162,P,2001-06-25,121,8,9.97,0.94,,
425163,P,2000-09-29,24536,9,15.02,0.63,,
425164,P,2001-08-24,18314,6,92.75,4.16,,
425165,P,2001-06-30,71449,4,1.48,1.71,,
425166,P,2001-05-01,43464,6,91.28,5.95,,
425167,P,2002-02-11,17933,4,70.34,3.13,,
425168,P,2001-08-31,77309,6,7.49,7.73,,
425169,P,2000-01-22,15442,5,7.65,6.39,,
425170,P,2001-05-16,40940,9,37.94,1.33,,
425171,P,2002-05-19,18840,8,39.66,9.71,,
425172,P,2001-05-21,79942,9,4.35,5.36,,
425173,P,2001-03-19,40081,7,5.15,5.79,,
425174,P,2002-02-02,53125,10,65.36,9.95,,
425175,P,2001-12-20,49396,3,83.81,6.43,,
425176,P,2001-03-08,95636,9,79.11,9.14,,
425177,P,2000-11-27,75598,10,72.50,2.32,,
425178,P,2000-12-03,26557,6,53.23,9.59,,
425179,P,2002-09-14,65323,6,64.02,9.32,,
425180,P,2001-10-22,33150,8,87.48,6.48,,
425181,P,2000-05-08,74410,3,44.22,9.78,,
425182,P,2000-10-20,96726,9,8.87,3.79,,
425183,P,2000-04-07,14662,9,36.69,1.77,,
425184,P,2002-08-27,86219,6,66.19,5.04,,
425185,P,2001-03-03,94757,10,38.17,5.36,,
425186,P,2002-02-11,94209,6,6.46,9.13,,
425187,P,2002-07-12,93693,1,93.24,0.18,,
425188,P,2001-12-05,3843,4,41.65,8.80,,
425189,P,2000-11-09,68197,10,56.23,8.75,,
425190,P,2001-03-24,85821,8,87.10,8.61,,
425191,P,2001-03-17,81964,9,43.54,8.79,,
425192,P,2000-12-24,58696,10,74.68,6.60,,
425193,P,2001-02-07,56914,9,35.58,4.37,,
425194,P,2001-04-12,89450,3,13.47,1.17,,
425195,P,2002-03-02,18696,2,97.22,2.26,,
425196,P,2000-10-21,48492,1,0.22,2.29,,
425197,P,2001-04-05,37021,3,40.53,6.93,,
425198,P,2002-02-26,50696,9,27.95,9.59,,
425199,P,2001-07-06,26365,7,10.41,5.18,,
425200,P,2001-11-08,9666,5,73.07,4.38,,
425201,P,2002-03-18,41408,5,56.83,0.88,,
425202,P,2001-03-22,39549,5,46.63,9.05,,
425203,P,2002-01-28,30083,8,89.58,3.54,,
425204,P,2002-06-08,51369,4,98.15,4.69,,
425205,P,2000-09-28,87497,5,12.41,7.07,,
425206,P,2001-05-02,72638,7,97.81,4.77,,
425207,P,2001-03-24,3385,5,22.17,2.70,,
425208,P,2001-06-28,38908,8,53.15,3.85,,
425209,P,2001-08-01,88966,5,79.46,7.29,,
425210,P,2002-06-27,64408,4,78.65,7.60,,
425211,P,2002-09-18,50874,4,69.26,9.62,,
425212,P,2001-01-15,76174,1,8.58,9.75,,
425213,P,2000-07-01,36188,9,86.21,1.59,,
425214,P,2002-09-16,6723,6,44.35,2.30,,
425215,P,2000-06-02,40960,9,46.66,5.08,,
425216,P,2000-05-21,35769,2,70.52,3.72,,
425217,P,2002-04-30,89986,10,95.60,9.88,,
425218,P,2002-01-08,54627,2,47.40,5.22,,
425219,P,2001-01-29,1663,5,84.32,3.44,,
425220,P,2002-02-26,62683,9,10.03,4.32,,
425221,P,2001-01-13,66561,2,5.75,8.99,,
425222,P,2000-12-23,86759,3,70.16,8.20,,
425223,P,2002-04-06,40589,8,99.39,5.53,,
425224,P,2002-04-01,20586,7,97.49,4.15,,
425225,P,2000-05-10,26539,6,95.34,5.01,,
425226,P,2001-01-07,32996,2,49.74,3.00,,
425227,P,2001-04-14,9197,9,87.77,2.22,,
425228,P,2001-01-05,96506,2,32.79,9.28,,
425229,P,2001-09-11,24577,1,24.48,1.56,,
425230,P,2002-06-13,26850,9,59.15,3.70,,
425231,P,2000-04-01,95577,6,85.13,8.61,,
425232,P,2000-09-11,11360,3,89.52,10.00,,
425233,P,2000-03-18,47720,7,10.70,2.80,,
425234,P,2000-12-29,69566,5,26.76,2.97,,
425235,P,2001-01-26,17610,5,60.74,0.88,,
425236,P,2002-08-05,56154,2,25.35,9.45,,
425237,P,2002-08-19,3803,2,81.15,7.77,,
425238,P,2000-06-08,49733,8,27.04,5.66,,
425239,P,2000-07-11,56282,10,39.60,5.24,,
425240,P,2002-04-29,63311,4,71.96,4.46,,
425241,P,2001-09-24,82415,8,91.76,1.57,,
425242,P,2001-01-20,59703,3,96.44,9.60,,
425243,P,2001-05-15,9714,1,4.62,3.45,,
425244,P,2000-07-13,16717,8,22.74,3.99,,
425245,P,2000-12-31,22076,10,40.89,6.92,,
425246,P,2000-03-24,76998,1,10.60,5.10,,
425247,P,2001-07-24,33763,6,9.71,1.64,,
425248,P,2002-01-04,85269,1,0.81,1.38,,
425249,P,2000-07-23,98170,2,16.01,6.45,,
425250,P,2002-03-07,75992,2,64.96,7.43,,
425251,P,2000-10-17,41801,1,90.67,3.69,,
425252,P,2001-01-16,40635,6,86.39,2.27,,
425253,P,2001-04-25,12664,2,10.71,7.89,,
425254,P,2000-02-14,5653,3,83.32,0.07,,
425255,P,2001-01-16,78590,9,71.65,9.80,,
425256,P,2001-12-04,70938,5,98.82,7.87,,
425257,P,2002-09-22,59775,5,34.51,8.47,,
425258,P,2002-08-22,66147,6,98.30,7.13,,
425259,P,2001-09-07,57067,10,11.76,3.60,,
425260,P,2000-03-07,27227,7,14.61,8.95,,
425261,P,2002-04-02,58768,5,34.90,6.88,,
425262,P,2002-08-02,94573,2,16.77,1.68,,
425263,P,2000-09-22,72298,2,59.22,1.05,,
425264,P,2002-03-08,52856,4,89.54,8.06,,
425265,P,2002-04-07,50050,7,22.61,0.92,,
425266,P,2001-12-05,66842,4,2.43,1.35,,
425267,P,2001-12-06,26933,9,51.76,9.63,,
425268,P,2001-02-03,69532,8,43.96,2.98,,
425269,P,2000-06-14,82946,8,81.05,6.02,,
425270,P,2001-06-19,23319,2,3.76,3.01,,
425271,P,2000-10-28,84584,9,62.56,2.69,,
425272,P,2000-11-30,96908,1,10.88,6.04,,
425273,P,2001-02-03,18289,9,32.38,9.94,,
425274,P,2001-03-11,23691,7,23.09,5.13,,
425275,P,2002-01-27,22922,4,68.99,4.08,,
425276,P,2002-04-27,35720,1,53.95,3.24,,
425277,P,2002-05-14,69450,9,34.68,8.19,,
425278,P,2001-09-28,13734,7,84.64,2.16,,
425279,P,2002-06-10,74844,8,71.59,4.19,,
425280,P,2001-05-20,42567,8,68.11,2.61,,
425281,P,2002-08-10,54380,10,80.71,5.88,,
425282,P,2001-11-11,25351,2,22.64,0.38,,
425283,P,2000-12-11,39889,9,9.08,1.88,,
425284,P,2001-03-26,27246,6,65.25,8.83,,
425285,P,2001-02-11,51146,2,15.69,5.73,,
425286,P,2001-05-28,48367,7,24.35,8.19,,
425287,P,2001-12-31,46786,1,20.57,8.77,,
425288,P,2000-06-06,61948,8,71.77,3.72,,
425289,P,2001-11-12,20982,6,45.96,4.66,,
425290,P,2000-09-19,11745,9,7.73,5.00,,
425291,P,2000-12-05,38290,7,33.15,9.59,,
425292,P,2001-04-28,69264,5,70.15,5.13,,
425293,P,2002-03-14,68953,10,76.40,3.60,,
425294,P,2001-04-02,45384,4,57.72,9.25,,
425295,P,2000-08-10,34025,7,15.32,9.29,,
425296,P,2002-01-04,36630,3,7.23,6.75,,
425297,P,2000-03-13,51087,4,9.10,3.54,,
425298,P,2000-02-21,55324,2,1.79,6.61,,
425299,P,2000-12-23,9185,4,82.99,7.87,,
425300,P,2002-08-04,21417,5,32.59,1.09,,
425301,P,2000-10-28,70828,6,16.76,6.95,,
425302,P,2000-04-19,20726,1,46.31,2.62,,
425303,P,2002-05-31,49185,9,89.71,7.29,,
425304,P,2000-08-13,6254,10,8.33,0.50,,
425305,P,2001-11-27,94225,5,38.18,1.41,,
425306,P,2002-02-26,33150,1,99.31,3.72,,
425307,P,2000-07-25,23377,5,27.25,1.74,,
425308,P,2001-08-09,35534,7,50.57,0.25,,
425309,P,2001-06-29,1515,6,74.13,0.56,,
425310,P,2002-02-08,77350,8,37.49,0.47,,
425311,P,2001-05-10,24630,3,31.25,4.23,,
425312,P,2001-09-26,58946,2,78.80,7.12,,
425313,P,2000-09-03,68034,7,41.71,1.26,,
425314,P,2000-12-10,62758,1,20.98,1.06,,
425315,P,2000-07-16,98992,1,51.28,4.12,,
425316,P,2002-05-06,50226,5,7.63,9.41,,
425317,P,2000-12-01,19826,10,35.21,1.67,,
425318,P,2001-03-03,9780,4,19.13,6.88,,
425319,P,2002-07-12,9576,2,35.67,3.51,,
425320,P,2002-05-18,51984,2,14.69,2.30,,
425321,P,2000-10-19,87563,8,75.00,4.64,,
425322,P,2000-08-03,63231,7,17.19,0.21,,
425323,P,2001-01-03,11168,4,25.22,6.26,,
425324,P,2000-07-11,97089,8,68.90,3.27,,
425325,P,2001-09-14,41981,4,28.69,4.02,,
425326,P,2001-01-27,35310,4,28.53,3.96,,
425327,P,2001-09-12,90436,3,58.21,6.31,,
425328,P,2000-05-05,56648,4,90.71,1.05,,
425329,P,2001-02-01,49636,3,79.81,2.22,,
425330,P,2002-08-13,53243,5,83.77,3.53,,
425331,P,2001-11-21,62692,5,4.33,8.09,,
425332,P,2000-10-04,23994,1,96.48,4.76,,
425333,P,2002-04-23,21215,6,97.02,3.77,,
425334,P,2001-09-22,34142,10,7.10,4.55,,
425335,P,2002-04-14,96576,9,42.79,9.28,,
425336,P,2001-04-20,90149,9,14.09,6.86,,
425337,P,2002-03-19,10223,6,62.36,4.83,,
425338,P,2001-12-22,29383,6,83.04,5.33,,
425339,P,2000-07-07,98544,7,93.06,3.54,,
425340,P,2000-02-14,42282,5,50.77,4.14,,
425341,P,2000-01-05,86309,9,61.22,6.11,,
425342,P,2002-09-05,23501,10,14.98,1.70,,
425343,P,2002-02-11,8400,8,32.91,1.19,,
425344,P,2001-05-28,27558,7,7.94,6.10,,
425345,P,2001-04-29,46611,10,38.10,4.32,,
425346,P,2000-05-10,53915,3,97.82,7.93,,
425347,P,2000-04-21,67976,6,3.86,9.11,,
425348,P,2000-11-27,89818,2,41.72,2.71,,
425349,P,2000-08-26,94273,3,36.75,5.12,,
425350,P,2000-12-11,91365,8,4.24,2.74,,
425351,P,2001-07-24,57074,10,79.74,4.06,,
425352,P,2001-02-09,10536,3,87.56,6.45,,
425353,P,2000-11-05,74462,9,15.49,8.69,,
425354,P,2000-09-23,33750,3,86.93,6.91,,
425355,P,2000-08-09,8131,4,62.31,1.38,,
425356,P,2002-04-18,29704,1,90.48,3.85,,
425357,P,2002-07-01,14975,2,3.92,2.99,,
425358,P,2001-01-11,52480,7,57.62,5.02,,
425359,P,2002-07-03,97389,4,50.53,3.51,,
425360,P,2000-11-22,99385,4,98.99,4.82,,
425361,P,2002-06-17,34536,7,87.51,0.03,,
425362,P,2002-09-26,36242,7,90.78,0.00,,
425363,P,2002-02-24,86253,5,70.44,8.27,,
425364,P,2000-09-20,20324,10,19.57,3.50,,
425365,P,2000-09-19,28089,2,90.78,4.18,,
425366,P,2000-10-11,65702,10,66.45,0.70,,
425367,P,2001-06-25,52879,4,65.62,6.82,,
425368,P,2001-08-03,1362,7,73.22,2.30,,
425369,P,2001-01-27,33462,3,59.48,2.37,,
425370,P,2000-03-15,37517,2,0.93,1.57,,
425371,P,2000-01-30,96942,3,23.68,7.87,,
425372,P,2000-08-05,77009,3,31.32,5.91,,
425373,P,2001-01-23,99502,5,68.66,3.40,,
425374,P,2000-03-12,475,1,26.05,5.80,,
425375,P,2002-08-25,56041,10,58.72,9.84,,
425376,P,2000-12-16,96070,8,64.60,2.23,,
425377,P,2001-02-09,52304,7,76.93,1.21,,
425378,P,2002-08-18,63867,3,91.19,4.45,,
425379,P,2000-07-10,96464,10,25.41,6.33,,
425380,P,2002-04-13,95700,2,17.18,4.58,,
425381,P,2000-02-21,77723,4,25.15,1.81,,
425382,P,2000-10-21,35592,9,30.83,0.44,,
425383,P,2002-01-08,57291,3,61.54,5.07,,
425384,P,2001-06-25,48219,2,12.53,0.26,,
425385,P,2001-02-27,55309,3,75.78,6.64,,
425386,P,2002-02-02,10364,9,71.57,0.38,,
425387,P,2000-05-31,18412,7,82.52,7.41,,
425388,P,2000-01-02,36532,10,41.95,5.14,,
425389,P,2000-03-09,21964,4,44.97,6.14,,
425390,P,2001-02-24,45035,4,48.95,5.44,,
425391,P,2000-10-11,38321,9,43.83,6.50,,
425392,P,2002-02-06,64600,10,62.97,8.19,,
425393,P,2002-07-20,68541,3,84.84,3.76,,
425394,P,2002-07-11,1432,1,65.96,5.10,,
425395,P,2002-01-08,51351,4,89.49,1.48,,
425396,P,2002-06-05,54144,5,42.56,9.87,,
425397,P,2000-12-19,48456,5,86.15,5.67,,
425398,P,2000-12-21,54169,9,57.28,5.43,,
425399,P,2001-09-19,95913,1,57.93,1.16,,
425400,P,2000-11-25,64450,6,69.75,3.94,,
425401,P,2001-08-16,83617,8,4.87,4.40,,
