16370,P,2002-02-15,30785,8,59.63,7.72,,
16371,P,2001-04-24,75111,6,55.40,0.45,,
16372,P,2001-09-24,84628,10,96.36,7.98,,
16373,P,2002-08-13,2003,1,75.54,8.19,,
16374,P,2000-05-29,48790,10,73.51,2.94,,
16375,P,2001-02-12,45624,8,46.57,4.38,,
16376,P,2001-11-08,93018,3,71.81,7.37,,
16377,P,2000-04-11,12443,4,37.10,7.48,,
16378,P,2002-07-24,4190,5,91.00,5.73,,
16379,P,2002-07-08,80615,8,60.15,9.91,,
16380,P,2002-09-08,95829,4,59.88,6.97,,
16381,P,2000-09-26,2853,3,80.06,0.92,,
16382,P,2001-01-15,28147,4,67.95,1.64,,
16383,P,2001-02-12,22779,8,19.99,3.36,,
16384,P,2002-09-12,16004,7,26.17,8.17,,
16385,P,2001-10-26,58873,2,86.15,9.58,,
16386,P,2001-02-12,37739,1,30.27,7.91,,
16387,P,2002-02-24,41248,6,3.41,4.95,,
16388,P,2001-02-26,58269,2,29.26,9.08,,
16389,P,2000-07-08,69160,8,75.34,0.05,,
16390,P,2001-08-05,33206,7,97.47,2.20,,
16391,P,2001-01-04,98725,4,94.54,3.88,,
16392,P,2001-12-13,93598,3,80.20,5.27,,
16393,P,2000-08-01,32657,8,33.44,0.58,,
16394,P,2002-02-19,16275,3,17.51,1.39,,
16395,P,2001-08-25,45865,7,87.87,1.09,,
16396,P,2000-03-09,11568,6,14.94,7.04,,
16397,P,2001-05-30,27213,9,85.75,3.30,,
16398,P,2000-10-09,56579,4,34.99,9.63,,
16399,P,2000-12-27,8022,8,94.01,1.62,,
16400,P,2001-03-05,4912,2,47.77,0.74,,
16401,P,2000-09-04,11426,1,16.83,3.29,,
16402,P,2001-02-26,1469,5,85.71,0.48,,
16403,P,2000-12-25,38938,8,52.38,3.92,,
16404,P,2000-06-06,94782,6,12.71,9.93,,
16405,P,2001-05-03,77354,3,28.99,0.50,,
16406,P,2001-01-15,23981,3,84.25,8.69,,
16407,P,2002-09-19,74353,2,72.35,9.82,,
16408,P,2001-02-05,64948,3,98.27,1.08,,
16409,P,2000-08-02,71598,1,60.77,2.10,,
16410,P,2001-02-21,82023,3,70.19,6.22,,
16411,P,2000-08-31,32496,2,37.50,8.70,,
16412,P,2001-06-08,96376,8,52.54,7.28,,
16413,P,2002-07-16,30502,8,31.53,6.12,,
16414,P,2001-06-25,15181,3,70.43,1.71,,
16415,P,2001-04-03,6098,5,33.85,7.53,,
16416,P,2001-09-15,54088,3,84.53,9.39,,
16417,P,2001-08-20,86321,7,99.85,6.34,,
16418,P,2000-04-16,48409,9,36.09,6.59,,
16419,P,2000-03-06,9053,3,92.20,0.51,,
16420,P,2001-09-25,45065,6,30.01,8.10,,
16421,P,2002-06-18,20460,1,28.66,6.69,,
16422,P,2002-08-19,84570,6,21.61,0.17,,
16423,P,2002-04-01,60228,8,81.34,3.15,,
16424,P,2001-11-11,88779,4,62.75,6.40,,
16425,P,2001-09-28,71923,6,80.94,9.41,,
16426,P,2001-11-21,58447,8,58.77,9.32,,
16427,P,2000-05-25,86799,4,93.61,5.10,,
16428,P,2002-02-06,26054,8,62.99,0.91,,
16429,P,2001-02-04,99576,7,47.02,6.86,,
16430,P,2001-11-25,81610,9,45.36,0.81,,
16431,P,2001-01-01,22050,7,74.56,2.63,,
16432,P,2000-01-09,8981,5,7.73,8.97,,
16433,P,2002-05-01,9146,1,42.54,3.94,,
16434,P,2001-01-18,76881,7,15.62,8.72,,
16435,P,2002-03-31,3012,8,25.59,6.81,,
16436,P,2000-11-23,91172,6,37.79,1.42,,
16437,P,2000-04-13,61585,6,49.96,7.79,,
16438,P,2001-01-13,53489,6,0.98,7.87,,
16439,P,2000-05-29,11157,6,26.23,0.31,,
16440,P,2001-12-09,69182,1,29.36,7.25,,
16441,P,2001-08-25,85837,10,86.19,2.42,,
16442,P,2000-11-09,4372,2,7.22,0.57,,
16443,P,2001-12-16,91805,9,42.62,9.12,,
16444,P,2000-06-12,53857,2,8.92,3.22,,
16445,P,2002-09-27,4990,5,70.55,9.71,,
16446,P,2002-07-18,25001,7,4.36,4.88,,
16447,P,2000-04-24,50065,6,71.39,0.03,,
16448,P,2000-03-29,94256,9,37.68,4.82,,
16449,P,2000-04-28,87924,6,35.16,1.96,,
16450,P,2001-03-10,21352,10,72.87,3.77,,
16451,P,2000-11-25,37334,5,19.19,4.69,,
16452,P,2001-10-04,37137,10,81.86,6.66,,
16453,P,2000-06-29,98388,10,2.09,3.86,,
16454,P,2000-03-26,93031,8,87.16,1.79,,
16455,P,2001-12-02,57362,2,67.47,9.97,,
16456,P,2000-07-02,26743,7,92.99,9.58,,
16457,P,2000-08-05,275,8,41.29,1.79,,
16458,P,2002-01-31,32389,9,12.53,8.43,,
16459,P,2002-02-15,60841,9,34.58,1.57,,
16460,P,2000-10-07,62444,7,86.15,9.93,,
16461,P,2000-12-05,3637,9,68.07,7.60,,
16462,P,2001-01-20,57488,7,6.44,0.37,,
16463,P,2001-09-15,37203,6,50.92,4.81,,
16464,P,2001-08-19,56059,6,89.79,1.87,,
16465,P,2000-08-24,26705,8,32.92,1.27,,
16466,P,2002-06-18,47185,8,37.23,0.22,,
16467,P,2002-04-29,2733,4,30.26,2.14,,
16468,P,2001-08-03,13442,8,28.29,3.77,,
16469,P,2002-05-25,92197,8,53.31,1.79,,
16470,P,2002-04-12,35789,3,5.01,0.50,,
16471,P,2001-01-20,48082,3,16.48,7.37,,
16472,P,2000-08-28,14762,10,8.10,5.99,,
16473,P,2000-09-30,93083,7,38.84,4.74,,
16474,P,2000-11-14,56164,2,15.87,0.20,,
16475,P,2000-10-22,53759,10,66.43,0.69,,
16476,P,2001-04-15,91102,8,41.06,5.92,,
16477,P,2000-12-12,40576,2,24.77,5.00,,
16478,P,2001-03-06,16680,4,42.07,7.19,,
16479,P,2001-01-19,97501,6,9.28,2.41,,
16480,P,2002-01-03,61011,3,0.89,4.45,,
16481,P,2000-05-30,61612,4,6.80,4.33,,
16482,P,2000-07-06,63850,1,76.48,5.09,,
16483,P,2002-09-17,55313,8,33.63,5.85,,
16484,P,2002-05-16,4473,1,26.38,5.59,,
16485,P,2000-05-29,45087,1,95.62,0.87,,
16486,P,2001-02-27,87456,1,51.07,4.55,,
16487,P,2000-01-24,36512,8,93.83,0.28,,
16488,P,2000-04-14,32450,6,94.45,3.71,,
16489,P,2000-05-25,37853,1,57.81,0.92,,
16490,P,2001-02-18,9250,1,73.43,8.25,,
16491,P,2002-02-10,68215,4,29.41,6.15,,
16492,P,2002-09-14,9279,6,32.21,6.63,,
16493,P,2000-08-07,68007,2,59.30,9.89,,
16494,P,2000-07-31,51827,1,6.61,8.58,,
16495,P,2000-02-07,20338,8,55.47,6.85,,
16496,P,2001-01-17,15051,5,61.97,1.36,,
16497,P,2000-09-09,61882,5,6.42,8.75,,
16498,P,2000-11-16,64216,10,96.26,5.85,,
16499,P,2000-05-19,69460,2,33.94,4.18,,
16500,P,2002-08-11,33224,8,50.82,2.77,,
16501,P,2000-05-05,46883,7,13.72,5.07,,
16502,P,2001-06-14,19331,6,71.90,0.27,,
16503,P,2000-09-19,17576,10,13.19,9.64,,
16504,P,2000-09-18,43264,3,64.04,8.19,,
16505,P,2001-11-07,95925,10,18.86,1.51,,
16506,P,2000-02-08,92261,10,69.03,8.96,,
16507,P,2000-11-27,94049,6,14.83,3.87,,
16508,P,2001-02-05,13703,3,78.60,3.34,,
16509,P,2001-04-25,17590,3,20.88,8.38,,
16510,P,2001-07-23,74970,7,15.99,1.87,,
16511,P,2000-06-21,67680,10,42.12,7.06,,
16512,P,2000-03-16,44487,10,88.64,3.51,,
16513,P,2001-11-27,66890,7,99.87,1.04,,
16514,P,2001-04-15,13290,4,51.50,6.62,,
16515,P,2002-03-30,14586,3,6.87,9.14,,
16516,P,2002-05-11,62481,9,70.87,4.07,,
16517,P,2000-12-03,9103,3,58.01,1.04,,
16518,P,2000-09-16,35424,10,23.13,0.40,,
16519,P,2000-05-14,77940,8,74.64,4.84,,
16520,P,2000-06-13,88929,4,56.27,7.99,,
16521,P,2000-01-17,73254,3,94.95,1.82,,
16522,P,2000-01-07,36164,6,35.50,0.10,,
16523,P,2001-04-08,51313,9,39.79,3.09,,
16524,P,2002-09-03,10618,10,73.88,5.38,,
16525,P,2001-12-21,20314,2,9.76,0.07,,
16526,P,2000-07-12,8671,8,38.22,7.11,,
16527,P,2002-03-30,65319,6,8.97,4.59,,
16528,P,2001-04-20,6972,1,66.24,2.34,,
16529,P,2000-09-21,14331,2,98.69,4.10,,
16530,P,2002-07-06,1025,6,89.34,6.00,,
16531,P,2002-03-15,17596,10,80.96,4.12,,
16532,P,2001-12-13,64135,2,66.50,9.53,,
16533,P,2000-12-26,40693,7,65.55,9.50,,
16534,P,2000-01-27,39917,6,86.90,3.08,,
16535,P,2000-10-07,22210,5,22.48,8.14,,
16536,P,2000-03-05,95857,4,85.14,8.43,,
16537,P,2000-09-08,35529,9,75.92,2.42,,
16538,P,2002-02-07,67050,1,90.27,9.86,,
16539,P,2001-05-10,9253,4,41.58,9.58,,
16540,P,2000-03-17,66628,6,62.47,0.19,,
16541,P,2001-02-20,23488,5,67.90,4.83,,
16542,P,2002-01-31,26112,7,10.53,0.74,,
16543,P,2000-02-24,5521,7,43.93,3.97,,
16544,P,2001-12-21,66139,8,5.62,2.24,,
16545,P,2002-01-19,2344,2,73.13,2.26,,
16546,P,2000-08-20,85822,1,43.86,4.07,,
16547,P,2001-10-17,54582,1,27.21,9.44,,
16548,P,2000-05-08,50197,4,35.28,9.66,,
16549,P,2001-08-22,57487,1,2.05,8.72,,
16550,P,2000-08-17,49277,3,32.74,2.89,,
16551,P,2002-04-08,63001,9,67.40,2.72,,
16552,P,2002-04-11,6295,7,36.47,0.69,,
16553,P,2001-03-29,3810,9,46.88,7.65,,
16554,P,2002-09-15,28788,3,66.31,2.12,,
16555,P,2002-08-14,41428,4,8.79,1.80,,
16556,P,2000-04-06,17663,2,87.34,8.30,,
16557,P,2002-03-23,52096,7,28.00,8.83,,
16558,P,2000-09-13,60839,2,78.64,2.75,,
16559,P,2002-01-13,89710,2,80.72,2.94,,
16560,P,2000-01-11,45514,1,56.70,7.08,,
16561,P,2002-07-25,87586,3,53.24,5.64,,
16562,P,2002-07-22,28973,1,93.18,3.44,,
16563,P,2000-04-06,70103,3,46.43,3.50,,
16564,P,2002-02-07,65465,6,4.01,1.96,,
16565,P,2000-10-24,26670,3,94.54,5.58,,
16566,P,2002-04-12,32833,6,91.75,4.56,,
16567,P,2001-01-17,53547,6,38.49,1.98,,
16568,P,2000-08-20,99470,9,79.31,1.01,,
16569,P,2002-08-29,77861,5,4.44,7.66,,
16570,P,2001-03-30,21054,6,10.97,0.86,,
16571,P,2001-04-28,72927,7,54.04,8.33,,
16572,P,2000-08-28,1687,8,24.58,3.61,,
16573,P,2001-07-01,49571,7,79.16,5.05,,
16574,P,2001-01-28,20596,10,68.79,7.09,,
16575,P,2000-07-31,87215,7,39.69,0.78,,
16576,P,2000-04-06,5427,1,63.85,6.12,,
16577,P,2001-12-16,99650,7,10.37,9.49,,
16578,P,2000-12-13,71456,9,87.42,3.83,,
16579,P,2001-10-13,98991,7,41.07,5.72,,
16580,P,2000-09-10,28400,2,51.62,5.98,,
16581,P,2000-09-23,46076,5,80.22,9.35,,
16582,P,2001-09-03,93287,7,86.01,2.54,,
16583,P,2000-01-11,20725,2,5.10,7.01,,
16584,P,2000-07-30,48371,4,10.97,2.30,,
16585,P,2001-07-06,49057,9,58.52,2.47,,
16586,P,2000-08-12,24380,1,39.38,5.41,,
16587,P,2002-05-07,44730,2,88.16,5.58,,
16588,P,2002-08-15,84472,5,70.35,0.14,,
16589,P,2002-07-22,45927,4,19.01,5.13,,
16590,P,2002-04-29,34047,2,85.29,1.76,,
16591,P,2001-11-08,34712,1,56.46,8.61,,
16592,P,2001-01-23,44256,5,70.18,4.65,,
16593,P,2002-05-23,52591,1,17.08,6.38,,
16594,P,2000-12-17,21899,10,7.83,9.43,,
16595,P,2000-06-04,3717,10,97.44,5.62,,
16596,P,2001-05-02,45819,1,96.03,5.37,,
16597,P,2000-04-06,65265,6,89.55,2.43,,
16598,P,2002-05-18,60663,5,93.72,9.86,,
16599,P,2000-01-20,72881,10,87.44,0.94,,
16600,P,2001-04-02,21565,4,54.84,9.07,,
16601,P,2000-07-19,23517,5,3.03,1.32,,
16602,P,2002-06-10,79788,9,26.38,6.07,,
16603,P,2002-07-23,73961,2,0.77,5.11,,
16604,P,2001-10-28,89142,7,7.46,2.85,,
16605,P,2000-12-27,76666,4,84.46,7.55,,
16606,P,2000-01-19,53134,7,10.72,9.31,,
16607,P,2002-06-07,41275,1,83.33,9.59,,
16608,P,2000-05-03,73845,5,74.88,3.23,,
16609,P,2002-04-03,7980,3,46.45,2.26,,
16610,P,2001-11-21,99016,7,48.63,7.42,,
16611,P,2000-09-29,45605,9,64.38,0.65,,
16612,P,2001-12-17,78020,1,51.77,7.54,,
16613,P,2000-08-20,25736,5,32.49,5.56,,
16614,P,2002-08-28,29589,2,10.12,6.98,,
16615,P,2002-08-14,11361,4,8.42,1.71,,
16616,P,2000-12-16,87026,7,83.32,3.06,,
16617,P,2000-08-08,34832,9,33.70,1.10,,
16618,P,2001-06-04,68852,8,19.78,1.15,,
16619,P,2000-11-14,1620,3,2.95,9.62,,
16620,P,2002-05-22,49300,9,46.12,2.12,,
16621,P,2000-06-06,70536,6,11.85,2.97,,
16622,P,2000-01-29,77665,5,19.82,2.83,,
16623,P,2001-05-01,35254,7,29.83,5.92,,
16624,P,2001-07-18,83742,4,85.51,7.18,,
16625,P,2000-12-01,96548,5,27.93,9.39,,
16626,P,2001-02-20,99523,8,68.32,3.37,,
16627,P,2002-06-14,54789,3,74.95,7.48,,
16628,P,2002-07-20,6254,9,96.64,4.58,,
16629,P,2001-02-18,6570,6,79.11,7.94,,
16630,P,2000-05-20,83535,10,24.32,1.04,,
16631,P,2000-10-26,95521,8,48.94,9.13,,
16632,P,2000-02-29,82721,8,93.48,6.92,,
16633,P,2000-01-19,83716,2,46.30,1.90,,
16634,P,2000-09-05,33946,6,24.33,0.03,,
16635,P,2001-07-04,31248,6,52.71,4.71,,
16636,P,2000-05-20,10749,1,10.40,0.89,,
16637,P,2000-01-13,38129,6,94.28,1.82,,
16638,P,2002-01-26,75481,6,45.14,6.48,,
16639,P,2002-02-20,75576,7,93.86,3.61,,
16640,P,2001-03-31,50382,3,9.93,2.34,,
16641,P,2001-06-05,59683,9,33.30,4.96,,
16642,P,2000-10-06,33345,10,3.08,7.89,,
16643,P,2001-07-23,90504,1,78.79,1.36,,
16644,P,2002-07-04,57280,9,95.22,8.03,,
16645,P,2000-10-22,13129,9,3.40,5.19,,
16646,P,2000-04-23,99255,3,35.58,1.30,,
16647,P,2001-08-30,14512,7,98.78,0.66,,
16648,P,2000-04-22,3782,9,25.25,0.02,,
16649,P,2000-02-17,3024,6,23.86,2.23,,
16650,P,2002-06-29,408,4,93.87,8.60,,
16651,P,2002-08-21,95746,6,24.73,0.65,,
16652,P,2001-05-26,6148,6,31.53,7.60,,
16653,P,2002-04-30,12873,4,54.82,4.07,,
16654,P,2001-09-24,27292,4,3.66,7.44,,
16655,P,2001-06-26,64036,9,72.88,3.28,,
16656,P,2002-03-13,72418,8,42.50,3.99,,
16657,P,2001-06-03,1107,8,70.40,3.65,,
16658,P,2000-03-27,96367,5,62.57,9.41,,
16659,P,2000-10-20,51856,5,21.28,7.75,,
16660,P,2000-09-18,34782,7,53.08,6.79,,
16661,P,2000-03-21,63461,5,5.21,4.03,,
16662,P,2001-01-10,36417,9,90.28,9.82,,
16663,P,2001-01-03,28676,1,32.27,0.39,,
16664,P,2000-01-31,63524,8,38.80,1.54,,
16665,P,2001-11-24,605,1,65.77,4.20,,
16666,P,2001-06-09,69628,4,87.55,6.02,,
16667,P,2001-03-04,47942,7,81.60,8.57,,
16668,P,2001-11-09,85108,3,96.72,9.21,,
16669,P,2001-04-26,4163,3,47.23,9.69,,
16670,P,2001-07-04,8109,10,60.49,0.23,,
16671,P,2002-04-24,3405,6,85.04,8.33,,
16672,P,2000-07-13,10356,4,57.84,5.56,,
16673,P,2001-09-23,67915,6,47.24,5.28,,
16674,P,2000-08-01,18076,7,37.17,9.98,,
16675,P,2000-03-09,48825,3,31.71,0.08,,
16676,P,2001-06-30,75521,8,99.60,1.91,,
16677,P,2002-08-02,40074,4,47.01,9.05,,
16678,P,2001-05-22,24413,8,51.83,1.25,,
16679,P,2002-02-02,62578,1,63.88,6.57,,
16680,P,2002-03-18,19959,4,49.68,6.71,,
16681,P,2001-07-27,61939,7,21.56,8.07,,
16682,P,2001-03-19,73675,10,24.32,7.68,,
16683,P,2001-09-12,97142,1,14.61,8.73,,
16684,P,2001-06-15,43346,5,19.32,2.04,,
16685,P,2001-08-06,33223,4,83.17,0.79,,
16686,P,2001-04-11,81107,2,17.73,9.82,,
16687,P,2002-08-23,58647,6,48.59,4.91,,
16688,P,2001-03-19,21902,3,86.24,2.12,,
16689,P,2002-03-04,1403,3,58.87,7.59,,
16690,P,2001-09-06,51376,8,23.91,6.00,,
16691,P,2002-09-04,94595,7,98.48,7.18,,
16692,P,2002-03-19,14375,7,38.48,9.52,,
16693,P,2000-07-05,7392,9,9.38,3.13,,
16694,P,2001-08-08,78955,9,81.50,2.10,,
16695,P,2001-05-25,78144,10,3.26,1.60,,
16696,P,2000-05-29,55048,6,36.53,7.77,,
16697,P,2000-08-07,51392,3,18.77,3.35,,
16698,P,2002-05-31,70375,10,74.58,6.40,,
16699,P,2001-10-12,52080,4,51.33,0.86,,
16700,P,2002-08-02,17423,4,45.75,0.83,,
16701,P,2001-04-05,15796,4,91.56,7.59,,
16702,P,2001-12-17,28537,2,38.27,3.52,,
16703,P,2002-01-06,59898,7,10.83,5.98,,
16704,P,2001-09-27,81698,5,15.40,0.32,,
16705,P,2000-12-27,4156,6,11.02,1.08,,
16706,P,2002-06-27,2858,10,70.92,3.70,,
16707,P,2000-04-29,41685,6,41.45,2.35,,
16708,P,2000-01-12,81276,10,38.62,4.22,,
16709,P,2001-07-12,35514,8,77.65,2.66,,
16710,P,2002-03-15,18619,5,90.98,3.03,,
16711,P,2001-07-20,63999,5,79.65,5.13,,
16712,P,2001-03-08,52841,3,22.35,6.55,,
16713,P,2002-08-25,75384,2,18.69,7.84,,
16714,P,2002-08-08,7937,5,96.81,0.18,,
16715,P,2002-01-31,9826,7,77.68,7.78,,
16716,P,2000-09-30,4406,2,31.61,5.13,,
16717,P,2000-07-27,60704,1,96.94,4.18,,
16718,P,2001-10-12,53898,8,18.58,1.64,,
16719,P,2001-09-04,35833,3,48.16,4.01,,
16720,P,2002-06-13,97676,2,94.87,8.36,,
16721,P,2002-06-20,44844,3,51.40,2.06,,
16722,P,2000-05-18,55461,7,35.65,4.55,,
16723,P,2001-02-20,21928,9,10.23,4.81,,
16724,P,2000-03-26,42597,6,75.34,3.28,,
16725,P,2000-09-18,37079,5,72.19,7.93,,
16726,P,2001-08-06,3822,6,82.10,1.52,,
16727,P,2001-03-28,27853,10,56.09,5.47,,
16728,P,2002-08-26,78248,8,25.95,7.12,,
16729,P,2000-03-18,53846,5,33.73,4.19,,
16730,P,2000-09-13,58751,6,68.73,1.00,,
16731,P,2002-06-29,43441,6,98.63,8.83,,
16732,P,2000-12-25,43796,2,31.88,5.14,,
16733,P,2000-11-19,99365,2,33.56,5.21,,
16734,P,2000-11-19,75934,2,62.00,9.37,,
16735,P,2000-06-24,48371,9,93.67,8.80,,
16736,P,2002-04-13,24489,6,23.45,1.58,,
16737,P,2000-12-14,45296,10,85.85,0.08,,
16738,P,2001-03-29,49864,5,65.04,9.74,,
16739,P,2002-08-26,24462,8,91.55,2.38,,
16740,P,2002-07-26,45284,8,39.43,3.18,,
16741,P,2000-05-19,82998,3,65.38,2.13,,
16742,P,2001-11-24,32852,6,5.76,4.32,,
16743,P,2002-09-18,36502,1,44.71,8.36,,
16744,P,2001-01-13,35700,3,84.17,2.07,,
16745,P,2001-06-23,13551,10,50.42,0.33,,
16746,P,2000-03-01,94225,1,89.60,9.38,,
16747,P,2002-04-28,1654,8,93.79,6.45,,
16748,P,2001-05-23,36238,10,73.68,6.75,,
16749,P,2000-06-18,11430,6,79.68,8.24,,
16750,P,2001-07-28,67815,6,87.20,9.83,,
16751,P,2000-03-11,73291,7,30.20,1.53,,
16752,P,2001-07-07,46682,1,33.99,3.10,,
16753,P,2002-08-18,98171,8,20.97,8.51,,
16754,P,2000-06-30,97294,5,22.24,5.27,,
16755,P,2000-11-06,65701,3,39.65,4.64,,
16756,P,2000-11-19,10310,9,84.55,5.90,,
16757,P,2000-02-04,27585,6,33.49,1.41,,
16758,P,2000-05-21,42037,1,88.78,1.81,,
16759,P,2002-07-19,26552,8,79.18,0.81,,
16760,P,2002-06-02,18023,10,77.56,2.09,,
16761,P,2001-12-31,93797,5,81.13,1.83,,
16762,P,2002-05-24,35479,5,55.88,2.77,,
16763,P,2002-01-13,96868,2,39.57,9.02,,
16764,P,2002-05-21,65854,3,44.48,5.19,,
16765,P,2000-05-27,66357,9,69.91,7.37,,
16766,P,2002-04-26,63855,6,88.57,8.52,,
16767,P,2000-11-05,48093,8,30.15,2.00,,
16768,P,2000-01-01,21651,5,37.95,1.29,,
16769,P,2000-05-21,54221,10,69.27,8.36,,
16770,P,2001-10-24,70895,4,21.31,8.11,,
16771,P,2001-04-04,62940,2,0.66,5.62,,
16772,P,2001-03-17,14427,7,13.86,0.72,,
16773,P,2000-03-05,61736,9,98.59,9.11,,
16774,P,2002-04-06,23302,10,58.48,8.73,,
16775,P,2001-05-05,89724,3,77.61,1.42,,
16776,P,2001-07-06,90331,5,29.55,4.57,,
16777,P,2000-08-14,52594,6,95.51,1.91,,
16778,P,2001-08-15,27135,2,67.16,3.92,,
16779,P,2001-08-13,17965,7,8.20,3.37,,
16780,P,2001-12-30,45770,3,41.14,3.82,,
16781,P,2001-01-10,66526,6,46.35,1.52,,
16782,P,2000-03-01,46513,10,36.43,0.48,,
16783,P,2001-04-11,49549,2,49.16,1.05,,
16784,P,2001-12-21,37793,7,36.05,3.11,,
16785,P,2002-01-25,44712,3,60.22,7.04,,
16786,P,2000-10-29,49893,8,70.82,0.66,,
16787,P,2001-07-03,21459,8,47.27,3.80,,
16788,P,2001-05-21,79371,5,24.35,2.65,,
16789,P,2001-07-11,35714,5,34.07,4.57,,
16790,P,2001-04-25,25917,1,22.79,1.21,,
16791,P,2000-11-04,82880,5,51.98,3.41,,
16792,P,2000-02-10,87499,8,34.61,7.43,,
16793,P,2000-07-17,18306,2,7.40,5.39,,
16794,P,2002-06-24,93329,3,13.83,5.54,,
16795,P,2000-04-16,31161,10,15.89,9.54,,
16796,P,2000-12-05,32736,6,10.10,8.57,,
16797,P,2001-09-10,39148,2,49.20,4.65,,
16798,P,2002-04-17,52759,10,88.66,5.69,,
16799,P,2000-12-27,4490,7,73.35,4.40,,
16800,P,2002-01-18,50176,2,83.30,7.79,,
16801,P,2001-05-12,53845,6,49.69,5.22,,
16802,P,2001-06-01,68684,3,77.26,5.33,,
16803,P,2002-07-15,73804,4,61.36,2.11,,
16804,P,2000-03-11,58834,7,73.06,7.19,,
16805,P,2000-07-05,12700,4,7.86,1.79,,
16806,P,2000-11-14,86732,1,36.04,7.04,,
16807,P,2001-10-16,3365,2,59.64,8.08,,
16808,P,2000-03-17,93161,8,1.69,9.32,,
16809,P,2000-10-01,5181,6,98.64,3.46,,
16810,P,2002-04-04,28188,7,26.82,5.99,,
16811,P,2000-02-22,7884,3,65.83,0.31,,
16812,P,2001-02-11,54327,10,81.64,5.58,,
16813,P,2000-10-23,66666,7,29.37,7.65,,
16814,P,2000-12-20,14838,5,7.78,0.61,,
16815,P,2000-05-05,69225,9,78.92,9.40,,
16816,P,2000-12-22,40569,7,74.90,3.00,,
16817,P,2000-09-27,97048,4,9.52,5.65,,
16818,P,2001-12-08,15301,9,43.32,1.92,,
16819,P,2002-07-08,36663,9,6.27,2.57,,
16820,P,2002-04-10,95360,6,52.55,7.09,,
16821,P,2001-08-27,73414,6,62.14,4.89,,
16822,P,2001-04-19,55521,3,35.80,6.21,,
16823,P,2000-08-30,69175,6,39.85,5.89,,
16824,P,2002-05-10,11906,3,81.34,3.36,,
16825,P,2002-05-11,87592,10,60.26,9.87,,
16826,P,2001-05-11,39712,7,73.00,1.17,,
16827,P,2000-01-07,79455,1,85.44,3.96,,
16828,P,2001-09-23,84928,3,86.76,4.56,,
16829,P,2002-05-01,80173,7,41.09,7.66,,
16830,P,2001-12-29,92741,7,90.95,7.57,,
16831,P,2000-07-06,51459,5,94.85,3.09,,
16832,P,2002-01-13,41965,2,80.47,6.33,,
16833,P,2001-09-10,70600,3,49.39,8.52,,
16834,P,2001-11-06,2019,8,91.03,6.93,,
16835,P,2001-03-23,64080,1,73.17,8.14,,
16836,P,2001-02-01,27675,3,98.84,6.35,,
16837,P,2001-07-21,55415,7,28.53,6.12,,
16838,P,2001-03-10,75633,1,37.03,2.66,,
16839,P,2002-03-31,87821,1,80.41,3.98,,
16840,P,2001-01-04,89793,6,64.95,9.40,,
16841,P,2001-01-15,13886,8,16.35,3.26,,
16842,P,2001-05-07,59250,7,77.36,2.98,,
16843,P,2000-07-15,60832,7,22.66,7.49,,
16844,P,2001-05-18,38479,8,99.33,7.03,,
16845,P,2000-06-14,95650,8,34.24,3.16,,
16846,P,2001-01-21,28033,10,36.11,4.02,,
16847,P,2002-05-20,89549,5,60.53,4.18,,
16848,P,2000-01-04,74308,1,20.81,9.86,,
16849,P,2000-04-23,45269,6,7.81,5.17,,
16850,P,2000-12-15,50870,8,9.44,9.08,,
16851,P,2001-03-14,20203,4,88.90,2.40,,
16852,P,2001-12-14,43536,10,96.61,6.88,,
16853,P,2001-07-26,38628,3,40.76,8.74,,
16854,P,2002-07-11,91235,6,88.23,3.62,,
16855,P,2002-04-12,90665,6,66.28,1.67,,
16856,P,2000-04-26,31242,1,74.73,7.63,,
16857,P,2002-03-16,27337,10,10.97,2.74,,
16858,P,2001-01-10,21557,5,7.09,9.82,,
16859,P,2000-01-20,55340,8,77.76,4.38,,
16860,P,2001-08-17,23631,5,19.26,9.71,,
16861,P,2000-07-25,18132,7,93.24,7.52,,
16862,P,2000-08-04,62477,9,1.14,1.76,,
16863,P,2000-02-09,73223,2,46.67,9.04,,
16864,P,2001-08-04,66500,8,13.87,6.21,,
16865,P,2001-05-31,18339,1,16.60,4.05,,
16866,P,2001-10-29,24593,1,9.88,8.97,,
16867,P,2000-10-25,15053,6,10.26,9.33,,
16868,P,2001-06-12,36961,8,37.55,5.54,,
16869,P,2001-11-22,46548,6,43.81,2.44,,
16870,P,2001-03-30,25821,2,9.86,7.22,,
16871,P,2002-04-23,62103,8,82.87,1.49,,
16872,P,2000-10-01,13268,8,45.37,6.34,,
16873,P,2002-07-22,73058,6,8.60,6.52,,
16874,P,2000-08-21,80774,8,85.98,7.86,,
16875,P,2001-06-03,57136,3,6.38,4.00,,
16876,P,2002-01-12,51359,5,49.24,8.28,,
16877,P,2000-08-19,51599,3,53.22,8.62,,
16878,P,2002-08-11,37140,7,11.15,7.52,,
16879,P,2002-09-02,98421,5,99.87,7.12,,
16880,P,2001-10-13,9159,3,15.46,7.10,,
16881,P,2000-12-12,81981,2,24.71,5.57,,
16882,P,2001-10-25,96022,6,89.86,7.42,,
16883,P,2002-08-22,42936,2,69.18,5.02,,
16884,P,2001-07-22,46144,2,33.02,7.09,,
16885,P,2001-01-10,19131,2,35.50,6.47,,
16886,P,2000-10-13,23658,9,74.70,7.99,,
16887,P,2002-03-10,53114,1,65.74,3.82,,
16888,P,2000-11-22,12235,5,24.32,6.66,,
16889,P,2001-03-07,86938,3,78.92,9.99,,
16890,P,2000-08-05,47584,7,69.32,4.92,,
16891,P,2000-03-23,60719,5,52.32,0.24,,
16892,P,2001-07-29,8439,5,45.17,5.71,,
16893,P,2000-05-12,97049,1,85.75,1.13,,
16894,P,2002-03-14,73444,1,58.64,2.06,,
16895,P,2001-11-23,41083,6,14.23,7.01,,
16896,P,2001-03-09,71032,4,27.45,8.39,,
16897,P,2001-05-17,64504,10,21.39,8.63,,
16898,P,2002-01-31,35317,8,56.48,3.68,,
16899,P,2002-07-05,12713,1,57.89,9.15,,
16900,P,2000-04-20,17960,3,91.24,8.73,,
16901,P,2001-04-12,34350,4,60.71,4.75,,
16902,P,2000-04-24,35254,5,47.69,5.90,,
16903,P,2002-07-19,33909,2,76.05,0.91,,
16904,P,2002-06-09,2486,7,3.95,4.40,,
16905,P,2002-03-27,40257,3,55.20,9.87,,
16906,P,2000-02-26,63938,4,69.85,7.63,,
16907,P,2002-01-27,87431,10,46.36,0.12,,
16908,P,2002-05-29,32294,7,64.60,9.69,,
16909,P,2000-05-23,17074,4,40.85,9.49,,
16910,P,2002-01-14,11573,6,11.97,6.87,,
16911,P,2001-07-09,90760,8,94.88,1.16,,
16912,P,2001-11-12,55669,2,27.44,5.43,,
16913,P,2000-11-01,67900,3,16.66,3.37,,
16914,P,2000-05-20,48979,9,52.63,4.43,,
16915,P,2000-11-24,2712,1,55.95,7.59,,
16916,P,2001-04-08,19046,7,90.24,4.92,,
16917,P,2001-11-21,96414,5,83.66,9.66,,
16918,P,2000-08-02,95346,4,83.93,2.55,,
16919,P,2002-01-30,36202,4,64.40,3.68,,
16920,P,2001-02-12,88859,10,48.04,7.98,,
16921,P,2001-03-27,37717,2,77.78,5.05,,
16922,P,2001-10-16,93185,5,17.34,1.80,,
16923,P,2000-11-28,98601,6,41.56,8.26,,
16924,P,2002-07-24,65745,7,45.79,4.51,,
16925,P,2001-03-18,29783,5,61.77,8.88,,
16926,P,2002-03-27,28199,3,37.61,4.69,,
16927,P,2000-10-31,5367,4,90.59,8.68,,
16928,P,2002-08-19,44954,5,75.40,5.44,,
16929,P,2001-07-01,84622,2,26.39,7.48,,
16930,P,2000-01-11,80656,2,53.08,6.83,,
16931,P,2001-08-05,50663,4,84.90,5.98,,
16932,P,2002-05-28,79069,2,23.42,9.29,,
16933,P,2000-06-24,13421,2,26.52,3.65,,
16934,P,2000-08-06,84738,3,78.06,6.50,,
16935,P,2000-03-11,9747,7,47.22,8.30,,
16936,P,2000-03-14,25479,3,35.19,3.88,,
16937,P,2000-01-03,24923,9,90.50,7.48,,
16938,P,2002-09-02,57116,3,99.63,7.87,,
16939,P,2002-08-08,86268,9,20.22,5.64,,
16940,P,2000-01-16,59710,10,22.14,6.45,,
16941,P,2001-12-24,45782,8,59.03,6.90,,
16942,P,2002-08-25,23191,7,67.26,2.14,,
16943,P,2000-10-21,91678,2,20.97,6.84,,
16944,P,2001-05-04,37206,9,62.66,4.29,,
16945,P,2001-12-27,343,4,24.54,2.13,,
16946,P,2001-03-13,36591,5,35.69,2.82,,
16947,P,2000-08-14,16452,10,89.30,5.45,,
16948,P,2002-02-17,34691,8,86.60,0.27,,
16949,P,2001-04-27,53457,3,2.25,6.02,,
16950,P,2000-01-08,59808,2,75.41,2.66,,
16951,P,2001-07-13,10859,7,64.05,5.81,,
16952,P,2002-04-03,72167,1,61.64,3.41,,
16953,P,2000-07-14,84760,3,68.69,2.68,,
16954,P,2001-08-26,63891,1,27.02,5.22,,
16955,P,2001-08-10,5136,7,78.79,7.13,,
16956,P,2000-08-06,56396,7,46.34,3.06,,
16957,P,2000-04-13,49638,4,20.50,5.43,,
16958,P,2001-06-02,82551,4,43.98,7.69,,
16959,P,2002-02-17,64333,9,24.80,7.86,,
16960,P,2002-09-03,38952,8,84.86,8.93,,
16961,P,2001-05-27,93228,10,98.58,5.22,,
16962,P,2001-09-02,25730,4,83.71,4.11,,
16963,P,2002-07-20,17966,4,94.69,2.53,,
16964,P,2000-01-07,72157,10,18.62,1.56,,
16965,P,2001-08-01,91264,2,71.67,3.66,,
16966,P,2000-06-08,74882,4,64.21,0.86,,
16967,P,2002-08-04,42019,3,67.05,6.49,,
16968,P,2001-05-23,41422,2,24.65,2.26,,
16969,P,2001-05-14,27684,10,70.59,6.87,,
16970,P,2000-04-01,25536,9,18.28,4.95,,
16971,P,2002-08-15,65804,3,41.97,7.59,,
16972,P,2002-08-09,46917,1,83.21,8.10,,
16973,P,2001-06-02,69559,3,54.24,0.62,,
16974,P,2001-02-17,40107,9,9.18,2.44,,
16975,P,2001-09-05,53984,4,66.74,8.54,,
16976,P,2000-12-22,41920,4,38.04,7.83,,
16977,P,2001-10-28,71010,10,40.17,7.21,,
16978,P,2000-05-04,50485,2,47.04,1.07,,
16979,P,2000-11-08,17519,5,16.69,7.31,,
16980,P,2001-02-21,71406,4,94.64,5.21,,
16981,P,2000-11-05,95045,7,75.93,0.66,,
16982,P,2001-09-10,5437,10,24.39,2.61,,
16983,P,2002-06-29,44614,7,25.40,8.48,,
16984,P,2002-01-11,54261,4,58.74,9.51,,
16985,P,2001-01-02,95786,10,93.13,3.98,,
16986,P,2002-09-27,89598,8,96.19,6.45,,
16987,P,2002-01-09,6264,8,67.47,7.89,,
16988,P,2000-08-13,12684,1,15.28,9.53,,
16989,P,2001-09-04,37368,10,25.38,9.84,,
16990,P,2002-06-24,11287,8,11.00,9.32,,
16991,P,2001-07-26,20586,10,83.60,3.84,,
16992,P,2002-09-20,92541,5,30.48,0.60,,
16993,P,2000-09-14,40119,7,73.05,5.35,,
16994,P,2000-07-02,94839,7,1.50,9.73,,
16995,P,2001-06-11,20359,10,31.82,9.05,,
16996,P,2000-11-19,83621,9,77.82,4.25,,
16997,P,2000-03-01,30262,8,51.82,2.71,,
16998,P,2001-06-05,82414,2,58.82,9.10,,
16999,P,2001-10-30,62781,5,80.94,0.92,,
17000,P,2002-01-03,89438,6,33.07,0.60,,
17001,P,2000-03-01,61847,10,70.38,9.94,,
17002,P,2000-07-24,71622,3,55.55,9.09,,
17003,P,2001-09-06,81370,7,90.64,9.70,,
17004,P,2001-07-18,53444,1,4.71,1.68,,
17005,P,2001-11-19,28817,1,95.00,4.30,,
17006,P,2001-01-30,45176,10,21.10,1.55,,
17007,P,2001-12-15,90867,10,90.93,1.50,,
17008,P,2001-05-11,17801,8,72.69,2.87,,
17009,P,2001-08-14,74735,5,23.42,4.19,,
17010,P,2002-03-07,15273,6,76.68,1.38,,
17011,P,2001-04-08,50780,4,23.44,4.88,,
17012,P,2000-05-07,87175,5,82.17,5.33,,
17013,P,2000-07-05,75218,1,19.08,7.11,,
17014,P,2002-09-14,67643,3,79.87,2.46,,
17015,P,2000-05-09,38581,3,39.37,4.67,,
17016,P,2002-02-26,56068,4,50.98,4.59,,
17017,P,2001-05-08,28235,6,85.07,8.04,,
17018,P,2002-08-19,64313,2,41.36,3.67,,
17019,P,2001-08-29,58279,2,76.31,6.58,,
17020,P,2001-09-05,11730,8,12.41,1.88,,
17021,P,2002-01-25,25219,8,73.70,0.79,,
17022,P,2001-05-29,61363,1,30.11,9.72,,
17023,P,2002-02-15,49397,4,19.34,8.02,,
17024,P,2000-04-08,4675,10,73.21,0.43,,
17025,P,2001-01-02,44488,10,84.69,1.56,,
17026,P,2000-03-27,71191,6,51.54,6.47,,
17027,P,2000-02-12,29332,1,57.51,8.49,,
17028,P,2001-01-17,85299,8,73.75,8.25,,
17029,P,2002-04-01,26615,8,55.69,2.04,,
17030,P,2001-08-12,55337,3,72.60,2.62,,
17031,P,2001-01-29,56307,6,36.41,1.72,,
17032,P,2001-01-03,98787,9,18.41,1.96,,
17033,P,2000-01-10,73425,8,69.68,0.69,,
17034,P,2001-05-19,8270,5,25.99,4.23,,
17035,P,2002-01-14,6263,1,22.33,1.04,,
17036,P,2001-11-23,78328,4,24.63,0.25,,
17037,P,2001-03-12,77028,8,86.93,8.25,,
17038,P,2000-02-08,34259,4,31.61,2.74,,
17039,P,2002-01-16,10739,4,8.68,8.59,,
17040,P,2000-05-02,85887,8,90.26,1.76,,
17041,P,2001-09-27,55811,9,55.36,0.42,,
17042,P,2001-12-13,76479,2,95.07,5.68,,
17043,P,2002-05-29,45532,7,26.06,1.91,,
17044,P,2001-05-13,28508,1,40.66,4.85,,
17045,P,2001-01-15,44535,9,64.53,7.50,,
17046,P,2002-02-03,40061,2,41.62,5.58,,
17047,P,2001-12-25,44852,9,52.95,0.38,,
17048,P,2000-05-24,3305,5,89.79,0.25,,
17049,P,2000-08-16,98387,7,1.41,8.46,,
17050,P,2002-05-04,17905,3,65.06,5.39,,
17051,P,2002-08-19,71292,10,13.75,8.86,,
17052,P,2000-09-06,22344,6,98.02,6.25,,
17053,P,2002-06-28,82607,8,25.99,5.64,,
17054,P,2001-11-22,5709,5,68.97,3.63,,
17055,P,2000-11-23,23235,6,27.82,7.01,,
17056,P,2002-08-04,88127,9,20.86,1.04,,
17057,P,2002-01-04,75823,4,80.73,5.42,,
17058,P,2001-11-29,2175,8,54.88,9.80,,
17059,P,2000-06-04,40717,7,28.10,0.01,,
17060,P,2002-07-12,57893,6,8.29,8.21,,
17061,P,2002-05-14,78243,9,29.50,8.65,,
17062,P,2001-11-06,59705,8,7.21,8.44,,
17063,P,2000-05-02,20849,3,15.44,3.21,,
17064,P,2002-05-05,30959,6,96.20,4.60,,
17065,P,2002-05-06,46949,5,14.45,2.22,,
17066,P,2001-11-25,61368,9,83.10,9.19,,
17067,P,2002-04-29,82407,5,32.40,4.76,,
17068,P,2001-08-11,64932,2,51.80,0.72,,
17069,P,2000-12-22,59465,3,2.59,3.67,,
17070,P,2001-11-06,65950,3,91.14,1.00,,
17071,P,2000-04-22,70153,1,84.17,8.68,,
17072,P,2000-08-01,49161,3,6.30,3.33,,
17073,P,2001-03-13,76514,7,67.92,3.01,,
17074,P,2000-04-11,73540,10,53.68,3.66,,
17075,P,2000-10-07,18420,1,64.41,0.80,,
17076,P,2001-08-07,70370,9,82.82,2.17,,
17077,P,2001-12-06,85750,2,98.54,2.09,,
17078,P,2001-11-11,57213,3,25.30,3.40,,
17079,P,2002-04-26,14100,5,27.83,3.84,,
17080,P,2002-06-17,77401,9,69.99,2.82,,
17081,P,2000-01-19,11904,6,59.71,8.85,,
17082,P,2000-08-23,62937,8,17.37,3.99,,
17083,P,2002-05-23,6332,6,59.26,5.93,,
17084,P,2000-12-28,19644,6,1.58,8.14,,
17085,P,2002-07-03,7124,9,30.63,1.85,,
17086,P,2002-09-24,47096,1,37.85,9.00,,
17087,P,2002-06-11,70117,1,68.53,5.09,,
17088,P,2000-01-28,78082,9,81.22,3.83,,
17089,P,2001-03-02,4978,10,79.06,3.64,,
17090,P,2001-11-14,46096,4,68.38,5.85,,
17091,P,2001-04-03,8243,7,41.77,3.22,,
17092,P,2002-01-14,30442,5,33.97,6.45,,
17093,P,2002-06-21,5454,7,10.92,2.43,,
17094,P,2002-08-09,1161,2,70.77,7.69,,
17095,P,2001-03-10,39270,4,54.05,7.41,,
17096,P,2000-05-04,54294,1,8.14,3.43,,
17097,P,2001-06-28,63873,3,34.20,6.15,,
17098,P,2001-08-14,65360,3,63.65,3.51,,
17099,P,2002-01-01,95596,4,37.37,0.71,,
17100,P,2001-12-05,89698,7,97.52,3.78,,
17101,P,2001-01-31,15516,5,70.77,4.77,,
17102,P,2001-08-31,94858,8,55.01,8.12,,
17103,P,2000-03-26,96419,10,28.91,0.02,,
17104,P,2001-09-29,48052,5,73.36,7.12,,
17105,P,2000-01-18,96639,3,91.14,0.13,,
17106,P,2001-09-30,51826,2,29.31,2.30,,
17107,P,2002-02-06,35999,5,48.04,5.82,,
17108,P,2001-07-20,79007,7,45.42,0.02,,
17109,P,2001-04-21,44452,6,66.98,0.26,,
17110,P,2001-12-23,8176,5,15.96,4.67,,
17111,P,2001-08-01,5708,10,21.86,9.56,,
17112,P,2002-09-15,534,2,27.31,1.94,,
17113,P,2001-03-12,34434,9,34.17,6.75,,
17114,P,2000-10-03,54971,3,51.32,7.39,,
17115,P,2001-07-27,7855,1,15.33,6.13,,
17116,P,2002-06-07,37006,2,77.25,5.45,,
17117,P,2001-08-10,47922,10,18.35,4.63,,
17118,P,2002-09-12,50101,5,1.85,1.33,,
17119,P,2000-04-06,61803,9,21.48,0.85,,
17120,P,2002-05-31,97328,9,56.56,3.70,,
17121,P,2002-06-20,31756,4,47.21,7.15,,
17122,P,2001-08-06,49292,9,77.26,4.36,,
17123,P,2001-02-17,41077,9,89.02,5.78,,
17124,P,2000-11-07,3879,4,42.74,4.23,,
17125,P,2000-08-09,21134,3,44.41,3.07,,
17126,P,2000-09-03,34333,3,66.37,3.14,,
17127,P,2000-11-28,45490,6,14.65,7.87,,
17128,P,2001-06-19,24044,4,73.70,2.52,,
17129,P,2001-09-22,80949,2,60.04,8.94,,
17130,P,2001-12-19,49481,8,92.35,2.28,,
17131,P,2002-05-10,20900,10,20.65,2.92,,
17132,P,2000-10-21,29918,8,23.61,8.63,,
17133,P,2000-09-10,79604,3,55.11,9.63,,
17134,P,2000-04-24,59789,10,19.00,9.26,,
17135,P,2001-07-05,51891,6,0.12,1.76,,
17136,P,2002-04-01,76229,3,54.34,8.27,,
17137,P,2000-05-03,21678,4,83.86,9.31,,
17138,P,2001-01-19,57992,6,25.84,4.02,,
17139,P,2002-04-15,42393,2,87.87,9.69,,
17140,P,2002-04-29,12319,4,70.87,1.89,,
17141,P,2001-02-03,81410,8,56.15,2.64,,
17142,P,2002-03-11,292,4,45.51,9.46,,
17143,P,2001-07-29,7769,6,34.36,2.66,,
17144,P,2000-07-05,4566,2,73.62,6.29,,
17145,P,2001-01-25,79031,10,40.47,3.98,,
17146,P,2002-05-15,14578,10,75.91,5.18,,
17147,P,2002-07-26,41453,6,82.38,2.50,,
17148,P,2000-03-21,59390,1,41.92,5.80,,
17149,P,2002-06-20,74020,8,85.25,5.64,,
17150,P,2000-08-30,88317,2,51.12,7.71,,
17151,P,2000-08-19,7911,9,64.62,9.29,,
17152,P,2000-07-31,45706,8,44.13,6.13,,
17153,P,2002-01-12,25377,9,95.66,7.42,,
17154,P,2001-12-02,6707,5,77.31,6.50,,
17155,P,2002-06-19,61232,6,8.47,0.52,,
17156,P,2001-09-27,95944,2,11.22,5.07,,
17157,P,2001-05-26,10637,2,82.34,0.75,,
17158,P,2002-01-04,43382,6,94.21,7.00,,
17159,P,2001-06-30,88945,10,42.71,7.94,,
17160,P,2001-03-26,62619,9,73.05,0.28,,
17161,P,2001-11-04,15188,6,65.22,8.21,,
17162,P,2002-04-18,64896,1,60.49,5.14,,
17163,P,2001-08-22,37393,4,55.99,2.07,,
17164,P,2001-05-19,47390,5,16.30,6.93,,
17165,P,2000-04-25,73556,5,36.42,8.87,,
17166,P,2001-06-25,35101,2,24.19,9.90,,
17167,P,2000-05-21,38293,5,64.70,7.59,,
17168,P,2000-06-26,815,4,47.02,0.58,,
17169,P,2001-07-03,90405,3,23.05,8.44,,
17170,P,2002-07-10,75471,6,25.25,6.92,,
17171,P,2002-02-13,4151,9,9.80,9.22,,
17172,P,2002-02-22,94994,1,61.95,9.66,,
17173,P,2002-03-19,15086,10,29.60,9.99,,
17174,P,2001-04-30,2284,6,9.59,7.90,,
17175,P,2001-05-20,86748,9,69.53,8.78,,
17176,P,2001-10-08,71936,6,6.91,6.57,,
17177,P,2000-11-14,16792,1,16.92,7.46,,
17178,P,2001-10-14,9665,7,79.91,9.11,,
17179,P,2001-01-07,76903,7,61.83,1.56,,
17180,P,2000-01-27,65298,2,81.89,3.68,,
17181,P,2002-01-18,67367,3,58.33,5.77,,
17182,P,2000-05-19,65189,2,13.01,0.90,,
17183,P,2000-10-18,5884,2,50.83,8.03,,
17184,P,2001-11-07,29719,5,48.85,1.72,,
17185,P,2001-12-31,70594,9,73.63,8.22,,
17186,P,2000-08-21,24832,7,23.65,3.32,,
17187,P,2000-07-21,52170,2,60.08,8.59,,
17188,P,2001-04-17,16945,5,42.30,5.21,,
17189,P,2000-08-28,49236,2,49.25,8.24,,
17190,P,2001-05-11,42856,8,83.68,3.90,,
17191,P,2002-01-12,89589,1,96.15,4.11,,
17192,P,2002-09-06,65258,6,73.82,9.44,,
17193,P,2002-08-20,19129,6,16.71,4.03,,
17194,P,2001-02-05,5450,6,71.23,3.21,,
17195,P,2001-08-13,63916,7,69.93,1.06,,
17196,P,2001-10-20,42286,6,80.46,0.41,,
17197,P,2000-11-23,68081,1,7.81,9.45,,
17198,P,2000-12-18,39212,5,27.18,2.36,,
17199,P,2001-12-25,60323,2,45.04,7.44,,
17200,P,2002-06-08,33696,3,24.16,8.42,,
17201,P,2002-07-29,3964,4,27.24,8.58,,
17202,P,2000-06-01,25369,1,11.86,7.33,,
17203,P,2002-08-31,15637,4,53.68,7.26,,
17204,P,2000-03-09,57723,8,41.71,6.43,,
17205,P,2002-06-17,1910,9,9.29,2.56,,
17206,P,2002-07-06,52792,8,56.02,3.83,,
17207,P,2001-01-03,2487,3,52.30,9.98,,
17208,P,2002-05-01,48821,1,58.32,5.53,,
17209,P,2001-02-04,43258,5,57.99,4.12,,
17210,P,2000-11-21,96162,10,70.28,2.03,,
17211,P,2001-01-08,56908,8,31.51,0.25,,
17212,P,2002-04-17,67580,5,8.91,3.85,,
17213,P,2002-05-22,53629,5,38.74,2.38,,
17214,P,2000-05-13,22663,2,72.75,9.15,,
17215,P,2001-08-18,87254,10,51.61,5.18,,
17216,P,2000-06-07,7127,5,50.25,0.76,,
17217,P,2001-03-08,36008,3,74.72,9.56,,
17218,P,2002-07-16,24974,7,2.72,8.27,,
17219,P,2000-06-02,44499,9,45.75,0.05,,
17220,P,2001-04-22,69929,7,62.31,4.14,,
17221,P,2002-07-25,89091,9,87.69,0.25,,
17222,P,2001-08-25,70978,8,1.76,7.34,,
17223,P,2000-08-12,3992,9,54.74,9.78,,
17224,P,2000-07-27,47545,1,59.95,2.05,,
17225,P,2001-03-06,26851,8,52.70,7.82,,
17226,P,2001-12-25,23171,10,75.93,5.78,,
17227,P,2002-05-10,22852,9,27.04,6.59,,
17228,P,2002-07-28,3716,3,63.66,0.86,,
17229,P,2002-02-09,47115,6,23.90,3.66,,
17230,P,2001-04-27,2422,8,51.65,4.94,,
17231,P,2001-03-02,41603,8,3.38,5.21,,
17232,P,2001-06-17,19065,2,77.96,4.10,,
17233,P,2002-01-05,46498,8,18.79,1.84,,
17234,P,2002-01-01,87217,4,75.88,7.75,,
17235,P,2001-05-28,3973,1,84.44,9.78,,
17236,P,2000-01-08,53773,8,62.63,5.00,,
17237,P,2001-11-04,28649,4,56.65,1.33,,
17238,P,2000-02-29,15185,10,22.53,7.23,,
17239,P,2000-03-07,32855,5,47.25,8.36,,
17240,P,2002-02-28,44318,10,55.80,6.01,,
17241,P,2000-07-12,27110,3,4.67,5.37,,
17242,P,2002-03-14,70876,8,77.19,9.60,,
17243,P,2000-03-03,4896,1,93.68,4.31,,
17244,P,2001-09-15,26445,6,10.29,2.12,,
17245,P,2002-05-10,25204,1,42.05,1.80,,
17246,P,2002-01-11,5860,9,72.41,5.93,,
17247,P,2000-04-07,78369,8,34.92,2.73,,
17248,P,2001-06-17,50534,6,1.06,8.34,,
17249,P,2000-03-04,4187,7,49.89,9.78,,
17250,P,2000-01-04,27384,2,50.31,4.00,,
17251,P,2002-09-07,98319,3,28.49,0.64,,
17252,P,2001-07-19,98005,1,34.85,3.03,,
17253,P,2002-03-07,27182,3,25.22,1.77,,
17254,P,2000-01-06,76012,2,70.06,1.01,,
17255,P,2001-08-30,48638,4,21.49,9.99,,
17256,P,2001-11-03,70128,9,79.44,4.17,,
17257,P,2000-11-07,9874,3,36.87,0.98,,
17258,P,2002-05-17,909,3,96.78,0.78,,
17259,P,2001-05-26,9299,5,16.74,9.22,,
17260,P,2001-08-17,38942,8,48.69,1.62,,
17261,P,2002-03-23,6295,7,58.64,3.54,,
17262,P,2000-07-03,18796,3,81.86,9.58,,
17263,P,2002-09-15,44322,7,1.22,6.69,,
17264,P,2001-06-23,97645,6,22.34,4.78,,
17265,P,2001-01-03,59795,2,98.58,3.17,,
17266,P,2000-11-24,72614,4,27.83,1.73,,
17267,P,2002-03-26,174,4,31.89,4.69,,
17268,P,2001-06-26,84508,8,34.76,4.48,,
17269,P,2000-03-22,58188,1,4.96,6.47,,
17270,P,2001-05-02,40720,2,23.58,6.85,,
17271,P,2002-02-02,47677,4,57.57,8.33,,
17272,P,2002-04-28,70087,3,32.56,7.72,,
17273,P,2001-07-05,56735,5,50.10,0.96,,
17274,P,2002-06-08,46610,10,20.48,0.01,,
17275,P,2002-02-25,53167,8,76.59,1.88,,
17276,P,2001-10-19,97463,5,62.40,5.44,,
17277,P,2002-04-17,40967,4,13.41,8.13,,
17278,P,2000-05-06,849,2,99.57,3.20,,
17279,P,2002-06-22,52067,7,21.56,1.08,,
17280,P,2001-09-19,48576,8,31.38,4.71,,
17281,P,2001-07-03,53517,3,31.39,0.82,,
17282,P,2000-12-16,40624,2,55.61,8.69,,
17283,P,2002-04-24,14713,5,23.39,8.74,,
17284,P,2000-04-07,77515,6,33.37,9.36,,
17285,P,2000-09-04,37029,10,86.14,6.10,,
17286,P,2001-02-27,40569,4,67.84,5.40,,
17287,P,2002-07-17,81878,1,0.65,1.25,,
17288,P,2001-07-30,1827,3,89.04,6.56,,
17289,P,2000-09-16,87392,7,64.64,1.20,,
17290,P,2000-05-17,2397,2,83.32,8.52,,
17291,P,2002-04-30,57485,8,45.12,3.63,,
17292,P,2002-03-26,89194,7,54.52,5.43,,
17293,P,2001-03-18,79637,3,21.67,2.45,,
17294,P,2000-07-29,29591,4,31.88,5.96,,
17295,P,2000-02-20,88667,5,71.97,8.55,,
17296,P,2002-07-27,65087,1,96.36,1.07,,
17297,P,2002-06-21,77428,9,2.55,0.81,,
17298,P,2002-07-16,11928,2,21.68,8.57,,
17299,P,2001-06-06,62657,8,41.81,7.12,,
17300,P,2001-11-16,59283,1,55.05,3.23,,
17301,P,2001-06-16,88447,1,45.43,2.40,,
17302,P,2000-02-29,11168,7,30.60,4.44,,
17303,P,2001-11-22,71792,7,65.11,9.07,,
17304,P,2001-06-14,81885,2,33.25,5.52,,
17305,P,2001-04-24,37196,6,20.98,8.52,,
17306,P,2001-07-16,19789,2,44.24,1.10,,
17307,P,2001-05-07,34810,10,81.65,1.70,,
17308,P,2001-05-09,98536,9,45.37,9.84,,
17309,P,2002-07-08,75384,10,98.55,3.74,,
17310,P,2000-05-20,49758,6,64.92,7.84,,
17311,P,2001-11-11,35636,4,67.83,6.91,,
17312,P,2001-06-16,16752,4,29.44,5.53,,
17313,P,2001-09-13,15622,8,45.97,0.56,,
17314,P,2000-01-18,18928,10,12.12,1.79,,
17315,P,2000-03-15,66175,7,53.84,0.90,,
17316,P,2000-06-29,48822,5,53.42,8.74,,
17317,P,2001-01-03,26848,2,74.47,0.21,,
17318,P,2000-01-18,5927,6,65.39,7.88,,
17319,P,2001-01-31,27617,8,14.37,6.59,,
17320,P,2000-11-27,91832,5,40.57,8.83,,
17321,P,2001-09-22,25010,6,62.82,5.41,,
17322,P,2000-02-22,5908,2,45.47,1.89,,
17323,P,2000-07-23,61385,1,72.26,1.01,,
17324,P,2000-05-28,1414,6,28.00,1.88,,
17325,P,2002-06-11,31566,2,15.08,1.14,,
17326,P,2000-07-01,84674,1,86.08,2.59,,
17327,P,2002-08-04,12284,4,88.18,1.35,,
17328,P,2000-01-11,34574,9,94.24,7.87,,
17329,P,2000-06-12,92038,1,82.66,7.19,,
17330,P,2000-12-10,22263,2,78.00,0.27,,
17331,P,2000-06-19,29126,5,4.22,1.18,,
17332,P,2002-07-05,83042,9,17.62,4.46,,
17333,P,2001-04-08,24930,5,7.19,4.83,,
17334,P,2001-11-03,86797,8,1.63,2.99,,
17335,P,2001-08-01,73357,5,39.55,8.40,,
17336,P,2002-09-23,21221,6,74.46,7.15,,
17337,P,2001-10-18,42928,9,43.20,1.57,,
17338,P,2002-03-04,51032,4,61.77,5.33,,
17339,P,2000-02-23,55079,1,97.01,4.28,,
17340,P,2002-06-05,64240,3,12.85,7.40,,
17341,P,2000-02-14,81995,1,53.25,2.34,,
17342,P,2001-11-17,14408,1,48.94,5.20,,
17343,P,2002-01-07,20032,5,63.16,6.43,,
17344,P,2002-08-04,35486,2,3.47,9.77,,
17345,P,2001-01-23,96308,2,14.60,7.89,,
17346,P,2001-11-17,76216,3,6.17,4.02,,
17347,P,2001-09-28,24897,6,10.97,4.80,,
17348,P,2001-06-18,69421,8,36.80,5.05,,
17349,P,2000-07-22,61446,4,85.25,0.46,,
17350,P,2002-06-15,27263,1,6.92,6.37,,
17351,P,2002-06-04,50821,7,69.00,3.47,,
17352,P,2001-01-22,21640,6,96.41,1.55,,
17353,P,2001-12-29,54891,8,79.86,5.05,,
17354,P,2002-07-05,91572,9,45.64,8.50,,
17355,P,2002-05-16,21257,6,94.02,1.61,,
17356,P,2001-02-23,6514,3,12.93,7.38,,
17357,P,2000-03-16,49912,6,38.88,9.14,,
17358,P,2002-05-23,21952,1,46.05,2.50,,
17359,P,2000-05-15,11147,5,65.15,2.61,,
17360,P,2002-05-04,16497,8,86.33,6.25,,
17361,P,2002-06-30,10431,6,69.30,0.18,,
17362,P,2002-07-22,26938,7,17.50,1.77,,
17363,P,2000-04-17,29677,3,99.46,7.46,,
17364,P,2002-07-04,77519,3,59.61,6.94,,
17365,P,2002-09-21,95098,8,53.87,1.55,,
17366,P,2000-11-29,92824,3,65.22,6.04,,
17367,P,2000-10-05,8288,3,87.60,8.23,,
17368,P,2002-04-19,24211,1,4.23,9.25,,
17369,P,2000-04-28,37416,6,99.29,1.32,,
17370,P,2000-11-17,82983,2,99.15,2.78,,
17371,P,2002-02-10,41944,2,33.45,9.72,,
17372,P,2000-11-24,5351,5,24.36,0.95,,
17373,P,2001-07-18,37652,4,39.76,8.04,,
17374,P,2001-09-09,5636,7,83.47,9.05,,
17375,P,2001-08-29,61493,10,82.09,4.71,,
17376,P,2000-12-27,70378,9,9.41,3.11,,
17377,P,2001-06-20,68584,2,97.51,3.18,,
17378,P,2001-03-06,73668,7,29.12,1.30,,
17379,P,2001-02-23,16199,8,60.25,6.24,,
17380,P,2001-08-29,50681,9,39.74,9.19,,
17381,P,2002-02-25,48925,2,26.95,1.09,,
17382,P,2002-08-19,41966,6,50.24,0.98,,
17383,P,2000-10-23,51403,9,6.75,3.53,,
17384,P,2002-01-03,4536,2,36.31,9.47,,
17385,P,2002-08-29,80785,10,42.23,9.73,,
17386,P,2001-09-27,96712,5,18.28,6.12,,
17387,P,2002-04-01,49320,7,25.73,0.14,,
17388,P,2001-06-18,34860,4,42.68,0.41,,
17389,P,2001-10-27,10734,5,89.70,9.16,,
17390,P,2001-01-15,78479,8,91.69,0.54,,
17391,P,2001-08-16,20507,10,29.76,3.00,,
17392,P,2000-03-23,61068,1,79.63,4.10,,
17393,P,2000-04-20,87997,8,61.46,2.66,,
17394,P,2001-10-23,48129,7,47.59,1.99,,
17395,P,2001-09-26,23771,7,78.80,3.72,,
17396,P,2001-12-23,25006,2,82.68,8.04,,
17397,P,2001-04-21,29533,3,93.59,2.16,,
17398,P,2001-07-20,10696,4,95.84,6.44,,
17399,P,2000-05-15,79292,2,96.53,5.64,,
17400,P,2002-02-21,40082,1,89.68,5.26,,
17401,P,2000-07-26,88012,9,1.41,0.11,,
17402,P,2000-01-26,65687,3,1.53,0.54,,
17403,P,2002-05-09,18313,3,90.70,0.82,,
17404,P,2001-12-02,32180,2,35.16,8.76,,
17405,P,2001-10-11,21483,9,80.40,2.48,,
17406,P,2000-07-17,26828,3,21.89,1.74,,
17407,P,2000-09-20,33239,3,19.61,2.91,,
17408,P,2001-08-08,57820,9,4.86,8.94,,
17409,P,2001-05-14,24173,3,81.67,9.25,,
17410,P,2000-05-22,98151,8,4.18,4.30,,
17411,P,2002-01-20,4958,8,35.57,0.78,,
17412,P,2002-07-08,74250,5,42.08,7.34,,
17413,P,2002-03-02,48141,4,76.22,0.51,,
17414,P,2001-04-15,14464,1,47.38,1.85,,
17415,P,2002-02-28,85335,9,24.06,4.87,,
17416,P,2001-09-16,93964,6,15.06,7.63,,
17417,P,2000-11-19,80613,6,58.13,6.35,,
17418,P,2001-11-06,3018,3,21.37,3.01,,
17419,P,2001-02-06,94914,6,75.40,6.31,,
17420,P,2001-09-01,45310,5,20.98,2.01,,
17421,P,2000-05-23,72383,1,31.15,1.56,,
17422,P,2000-03-13,18346,9,13.68,5.53,,
17423,P,2000-11-11,16949,3,98.00,3.25,,
17424,P,2001-02-22,90286,1,54.12,5.08,,
17425,P,2000-07-04,16328,7,57.58,2.93,,
17426,P,2000-02-29,50173,8,33.27,2.55,,
17427,P,2000-03-21,19506,4,24.85,7.83,,
17428,P,2000-11-05,52067,5,0.36,3.10,,
17429,P,2001-09-08,32282,5,67.41,6.70,,
17430,P,2000-03-22,31952,8,46.56,1.70,,
17431,P,2002-03-04,61181,10,93.80,5.07,,
17432,P,2001-07-13,23206,3,40.98,8.76,,
17433,P,2001-08-22,69131,3,73.43,2.66,,
17434,P,2001-12-14,45419,10,97.88,3.41,,
17435,P,2001-04-07,2454,3,81.50,5.44,,
17436,P,2001-01-15,39169,3,89.20,1.61,,
17437,P,2001-11-04,66092,2,74.11,6.83,,
17438,P,2001-04-30,63263,2,13.02,8.10,,
17439,P,2000-07-23,89673,1,61.57,6.69,,
17440,P,2000-07-21,79209,9,82.24,6.13,,
17441,P,2002-08-05,97116,2,70.16,3.60,,
17442,P,2002-09-12,89844,5,16.91,2.72,,
17443,P,2002-08-03,94748,8,39.20,2.94,,
17444,P,2001-04-17,62615,6,53.11,4.34,,
17445,P,2002-08-29,80504,6,45.34,7.48,,
17446,P,2000-07-25,89003,5,59.09,9.99,,
17447,P,2002-09-06,37548,5,33.28,0.11,,
17448,P,2002-01-22,70648,5,37.75,4.59,,
17449,P,2001-07-25,59997,3,65.87,0.39,,
17450,P,2002-06-02,36790,6,85.19,3.24,,
17451,P,2002-09-17,84963,9,62.70,7.91,,
17452,P,2000-03-31,54279,2,12.47,2.22,,
17453,P,2002-01-02,9561,1,31.27,6.20,,
17454,P,2002-01-09,16556,4,27.07,2.57,,
17455,P,2002-09-12,50182,6,12.90,6.06,,
17456,P,2001-02-26,76612,4,93.70,0.95,,
17457,P,2001-09-19,80542,5,96.34,5.90,,
17458,P,2002-07-12,92988,10,55.93,3.82,,
17459,P,2001-11-28,76197,2,80.17,0.37,,
17460,P,2000-02-08,53002,8,75.37,0.27,,
17461,P,2002-06-18,41715,3,94.85,3.34,,
17462,P,2000-07-17,2577,6,10.27,7.46,,
17463,P,2000-12-17,44725,3,46.46,6.80,,
17464,P,2002-03-08,47210,9,84.63,5.83,,
17465,P,2000-01-13,20261,2,68.16,7.30,,
17466,P,2001-10-07,52616,5,76.80,4.00,,
17467,P,2001-10-19,97020,6,92.39,8.82,,
17468,P,2000-12-21,65769,3,29.92,9.15,,
17469,P,2000-08-26,53104,10,7.17,3.04,,
17470,P,2001-01-09,9850,2,96.70,2.77,,
17471,P,2002-09-10,84277,1,80.81,3.13,,
17472,P,2002-04-23,42084,10,1.53,8.86,,
17473,P,2001-12-26,96872,7,70.22,8.15,,
17474,P,2001-05-26,33408,2,40.97,3.14,,
17475,P,2000-12-20,89581,2,7.04,8.71,,
17476,P,2002-07-09,7724,3,44.06,3.87,,
17477,P,2000-05-24,50303,3,14.01,3.78,,
17478,P,2001-11-01,74616,2,94.08,2.75,,
17479,P,2000-09-01,36568,9,39.98,9.86,,
17480,P,2000-01-24,93790,2,98.02,3.50,,
17481,P,2000-07-27,59474,5,15.03,8.57,,
17482,P,2001-07-15,60513,3,13.71,2.85,,
17483,P,2002-09-17,58792,3,68.37,2.97,,
17484,P,2001-06-05,79528,5,70.87,1.04,,
17485,P,2000-08-07,71045,6,88.09,9.24,,
17486,P,2001-10-27,52122,2,89.27,0.34,,
17487,P,2001-09-19,25731,6,62.55,3.11,,
17488,P,2000-09-08,96380,2,72.19,8.35,,
17489,P,2001-10-29,90596,3,43.40,0.88,,
17490,P,2002-05-31,91441,8,7.74,0.06,,
17491,P,2001-01-30,50380,6,25.72,4.44,,
17492,P,2001-08-15,20803,5,17.18,1.91,,
17493,P,2000-01-30,81848,8,56.64,5.58,,
17494,P,2001-06-23,10645,10,46.17,3.35,,
17495,P,2000-02-25,29635,1,10.82,4.17,,
17496,P,2002-09-17,37182,5,12.13,6.60,,
17497,P,2001-12-11,39676,10,6.87,3.42,,
17498,P,2001-08-19,53622,1,80.54,6.45,,
17499,P,2002-07-01,31755,8,10.86,1.04,,
17500,P,2002-03-09,16313,4,52.09,4.33,,
17501,P,2000-12-22,52617,5,95.33,3.77,,
17502,P,2002-02-14,1162,6,47.78,9.27,,
17503,P,2000-04-21,90010,3,92.44,2.90,,
17504,P,2001-02-09,55299,6,58.70,6.12,,
17505,P,2002-03-06,71416,9,43.09,0.03,,
17506,P,2000-03-01,61956,3,17.87,7.21,,
17507,P,2002-02-28,94924,4,48.83,9.19,,
17508,P,2001-11-25,53870,3,44.05,2.21,,
17509,P,2002-09-19,57028,10,98.30,0.43,,
17510,P,2001-04-28,46748,5,24.36,2.21,,
17511,P,2000-11-01,7799,8,19.98,9.49,,
17512,P,2001-06-27,14567,6,74.72,5.09,,
17513,P,2001-04-28,52370,2,20.99,8.00,,
17514,P,2000-06-02,34539,7,72.73,3.20,,
17515,P,2002-08-29,91778,1,38.04,8.08,,
17516,P,2001-07-28,26837,1,92.25,3.91,,
17517,P,2001-05-13,94373,6,36.68,7.13,,
17518,P,2002-02-07,86042,7,6.91,7.54,,
17519,P,2001-10-22,89987,9,15.88,3.88,,
17520,P,2001-03-30,59692,7,92.64,5.24,,
17521,P,2001-03-05,80169,5,40.25,7.46,,
17522,P,2001-04-28,4694,8,27.39,7.26,,
17523,P,2001-12-03,70403,5,20.83,2.67,,
17524,P,2000-01-06,87302,1,52.08,1.30,,
17525,P,2000-01-05,83723,8,99.95,9.21,,
17526,P,2000-08-12,59110,7,58.48,5.17,,
17527,P,2001-09-15,54470,1,64.47,7.20,,
17528,P,2000-03-16,32314,4,57.03,7.82,,
17529,P,2000-02-07,99604,3,26.21,1.25,,
17530,P,2000-11-16,60324,4,23.47,2.00,,
17531,P,2000-10-22,32217,5,53.72,9.08,,
17532,P,2000-08-20,36963,2,59.18,1.38,,
17533,P,2001-09-26,34951,6,54.89,7.37,,
17534,P,2001-02-02,63980,9,46.33,8.87,,
17535,P,2001-06-18,93812,9,8.37,2.69,,
17536,P,2002-04-06,89640,6,65.88,6.67,,
17537,P,2000-02-28,34595,1,96.29,0.44,,
17538,P,2000-02-14,27516,2,39.90,0.05,,
17539,P,2001-02-15,86635,2,63.55,1.90,,
17540,P,2002-08-26,65503,2,10.19,7.22,,
17541,P,2000-09-17,54111,3,55.28,4.08,,
17542,P,2002-09-15,75562,8,81.83,2.44,,
17543,P,2002-07-19,43593,4,10.43,6.50,,
17544,P,2002-01-01,29867,5,92.34,3.98,,
17545,P,2000-10-15,85744,10,38.38,4.29,,
17546,P,2000-09-14,80402,5,57.78,5.05,,
17547,P,2000-07-04,47421,8,64.44,9.31,,
17548,P,2000-03-25,98596,9,31.43,8.40,,
17549,P,2001-11-12,11703,9,11.04,7.09,,
17550,P,2000-09-01,19886,7,66.55,3.62,,
17551,P,2002-06-02,41649,6,54.45,3.28,,
17552,P,2000-08-10,64646,8,68.32,8.29,,
17553,P,2000-12-12,45409,8,71.69,6.29,,
17554,P,2000-10-28,54355,6,74.59,8.90,,
17555,P,2001-11-11,12326,3,80.94,9.22,,
17556,P,2001-07-15,43741,8,9.57,0.20,,
17557,P,2000-09-17,17919,2,84.51,7.36,,
17558,P,2000-02-01,13069,5,68.86,9.03,,
17559,P,2001-03-05,81183,3,94.15,3.81,,
17560,P,2000-05-05,81108,2,89.78,8.82,,
17561,P,2001-03-20,10766,6,47.96,3.03,,
17562,P,2001-10-23,33765,7,64.80,6.30,,
17563,P,2002-01-09,65499,9,9.79,6.57,,
17564,P,2002-07-11,76482,7,79.04,4.08,,
17565,P,2002-03-07,57977,4,87.14,3.40,,
17566,P,2000-04-11,86653,5,81.15,8.93,,
17567,P,2002-06-14,37753,3,12.12,6.62,,
17568,P,2001-10-20,96573,7,85.87,5.66,,
17569,P,2000-08-06,68050,10,0.12,9.90,,
17570,P,2001-05-19,21749,6,7.80,2.83,,
17571,P,2001-04-23,59576,3,2.96,9.96,,
17572,P,2002-01-11,2461,4,74.70,3.50,,
17573,P,2000-03-18,16375,7,0.34,4.10,,
17574,P,2000-12-22,72035,10,70.63,6.24,,
17575,P,2001-04-17,3035,2,58.47,3.58,,
17576,P,2001-01-30,92813,10,43.05,0.20,,
17577,P,2001-05-16,14350,2,26.71,3.22,,
17578,P,2000-02-21,31999,9,58.60,3.91,,
17579,P,2000-11-19,79046,5,4.62,1.46,,
17580,P,2000-11-02,62401,5,91.64,9.07,,
17581,P,2002-08-25,22901,7,2.09,9.06,,
17582,P,2001-11-06,87101,8,30.02,1.95,,
17583,P,2002-01-17,95479,5,67.01,8.20,,
17584,P,2000-09-25,79940,8,95.22,5.35,,
17585,P,2001-01-12,88517,8,40.72,2.79,,
17586,P,2002-08-10,6652,4,29.37,7.81,,
17587,P,2001-12-08,3531,10,85.97,6.52,,
17588,P,2001-02-27,33265,2,88.51,5.92,,
17589,P,2000-02-04,55249,4,22.51,4.05,,
17590,P,2002-04-09,89090,8,89.43,8.25,,
17591,P,2000-06-29,66179,1,63.85,4.04,,
17592,P,2001-07-22,71503,2,18.38,7.29,,
17593,P,2002-07-21,35434,5,51.49,9.67,,
17594,P,2001-07-14,15106,8,55.62,1.85,,
17595,P,2000-04-17,6368,4,24.61,5.08,,
17596,P,2001-12-05,21537,5,68.32,7.08,,
17597,P,2001-12-20,5581,10,2.40,6.85,,
17598,P,2002-06-29,59411,9,28.01,1.79,,
17599,P,2000-05-29,34415,3,13.17,0.62,,
17600,P,2001-02-15,63527,5,99.69,2.06,,
17601,P,2001-02-16,37743,9,67.28,2.86,,
17602,P,2001-07-15,13001,4,95.72,3.27,,
17603,P,2000-06-02,6248,10,49.69,2.03,,
17604,P,2001-05-13,32223,6,37.18,1.16,,
17605,P,2000-08-08,53644,6,13.57,1.55,,
17606,P,2001-09-05,25768,6,0.19,1.74,,
17607,P,2000-07-13,38529,9,36.15,3.66,,
17608,P,2001-05-04,37832,8,43.49,0.19,,
17609,P,2001-12-09,7018,7,33.28,4.58,,
17610,P,2001-04-02,27518,2,13.25,0.16,,
17611,P,2001-04-24,65592,10,39.46,5.15,,
17612,P,2001-08-25,72676,5,59.73,7.92,,
17613,P,2000-02-07,15483,5,53.13,1.39,,
17614,P,2002-03-29,98240,8,89.23,3.41,,
17615,P,2001-12-09,76825,7,67.22,4.33,,
17616,P,2001-09-16,37342,7,43.19,6.14,,
17617,P,2001-03-23,67473,2,46.88,1.20,,
17618,P,2000-03-06,16420,3,46.33,4.17,,
17619,P,2001-12-27,97445,6,77.76,1.33,,
17620,P,2002-04-28,50495,2,72.95,6.88,,
17621,P,2000-08-11,21390,8,26.47,9.06,,
17622,P,2001-03-06,51002,4,69.44,9.40,,
17623,P,2001-07-24,509,3,52.97,7.09,,
17624,P,2002-05-05,79463,7,1.73,5.75,,
17625,P,2002-02-09,4821,7,26.48,9.26,,
17626,P,2000-12-15,95448,5,24.67,2.96,,
17627,P,2001-04-30,38889,9,18.34,2.74,,
17628,P,2001-01-13,98464,8,97.77,4.60,,
17629,P,2000-11-18,91143,10,79.01,6.65,,
17630,P,2000-10-19,75202,2,85.54,3.77,,
17631,P,2000-02-14,20781,2,34.27,3.70,,
17632,P,2002-03-19,91408,7,8.34,1.11,,
17633,P,2000-10-31,60767,10,40.86,3.60,,
17634,P,2000-04-07,60620,8,52.40,0.89,,
17635,P,2000-04-18,55320,10,18.78,0.08,,
17636,P,2002-06-29,21307,4,31.83,9.40,,
17637,P,2002-05-03,87640,7,8.84,1.86,,
17638,P,2000-06-07,87302,3,55.34,8.88,,
17639,P,2000-10-03,47790,10,89.93,4.32,,
17640,P,2001-05-25,32054,2,84.50,5.55,,
17641,P,2000-08-08,56985,2,15.11,6.33,,
17642,P,2002-06-21,73121,1,85.63,0.56,,
17643,P,2001-08-25,62002,9,11.23,7.54,,
17644,P,2002-04-28,68613,4,80.16,4.11,,
17645,P,2001-05-12,30566,7,87.06,6.25,,
17646,P,2002-09-16,84910,4,10.42,4.31,,
17647,P,2002-07-17,2687,9,76.42,6.94,,
17648,P,2001-02-16,18464,4,23.49,5.47,,
17649,P,2000-04-11,1583,4,79.00,4.60,,
17650,P,2001-09-26,62481,8,63.69,2.49,,
17651,P,2001-05-01,67713,9,30.58,5.86,,
17652,P,2001-03-27,50272,7,85.36,7.86,,
17653,P,2001-02-07,4701,4,17.76,0.45,,
17654,P,2001-04-25,39696,4,65.12,0.80,,
17655,P,2001-01-17,87082,9,95.94,7.11,,
17656,P,2001-07-07,52102,8,94.89,6.83,,
17657,P,2000-04-06,58159,3,56.93,0.54,,
17658,P,2002-07-24,79679,8,39.73,9.08,,
17659,P,2002-07-31,4269,9,19.10,8.05,,
17660,P,2002-09-17,52873,1,58.50,7.27,,
17661,P,2000-08-26,56114,5,63.91,1.49,,
17662,P,2000-12-05,24062,5,51.49,6.36,,
17663,P,2002-03-23,83213,3,13.14,7.75,,
17664,P,2000-06-25,14697,4,79.86,5.02,,
17665,P,2002-02-23,83000,10,66.04,0.74,,
17666,P,2001-03-22,10831,9,63.55,5.55,,
17667,P,2000-08-16,16677,8,61.03,2.15,,
17668,P,2001-01-14,78567,7,82.25,2.97,,
17669,P,2000-07-23,90655,8,89.71,0.82,,
17670,P,2000-12-22,84007,4,43.10,2.31,,
17671,P,2002-09-15,35352,5,60.93,1.10,,
17672,P,2002-06-06,50188,3,85.23,0.90,,
17673,P,2000-05-25,36287,8,61.96,9.66,,
17674,P,2000-07-23,93665,10,64.10,7.43,,
17675,P,2000-06-10,62690,5,27.53,4.36,,
17676,P,2001-09-03,21173,6,97.63,2.68,,
17677,P,2000-12-15,67078,2,84.05,4.52,,
17678,P,2000-06-22,46665,9,5.36,6.87,,
17679,P,2000-01-27,26816,1,70.26,1.86,,
17680,P,2000-04-24,80235,2,50.31,5.62,,
17681,P,2000-02-27,43960,6,14.51,3.22,,
17682,P,2000-06-01,39318,9,78.99,1.41,,
17683,P,2001-05-09,24164,4,94.47,9.98,,
17684,P,2000-05-01,25064,10,70.17,9.34,,
17685,P,2002-08-08,53940,2,20.29,6.68,,
17686,P,2000-12-05,97345,3,45.04,7.66,,
17687,P,2002-08-14,58975,7,79.96,3.65,,
17688,P,2002-07-31,72944,3,71.45,8.18,,
17689,P,2000-09-10,98716,2,37.69,8.65,,
17690,P,2000-06-09,45650,6,65.15,4.81,,
17691,P,2001-08-24,21477,2,80.86,5.30,,
17692,P,2000-07-26,63553,3,32.91,3.85,,
17693,P,2001-01-17,92628,7,32.91,6.69,,
17694,P,2001-04-07,25252,2,76.39,5.18,,
17695,P,2001-02-14,12591,2,42.45,8.88,,
17696,P,2002-07-05,92729,8,93.98,1.93,,
17697,P,2000-07-09,97139,2,15.13,6.64,,
17698,P,2002-02-27,4836,4,39.74,2.33,,
17699,P,2001-07-02,92752,7,63.66,3.27,,
17700,P,2000-01-18,30548,10,35.62,5.85,,
17701,P,2000-01-03,86715,4,33.20,6.44,,
17702,P,2000-11-01,90670,9,35.45,8.10,,
17703,P,2000-04-01,3712,6,71.98,1.26,,
17704,P,2002-05-04,80329,9,35.97,5.86,,
17705,P,2002-01-24,57263,1,18.83,6.96,,
17706,P,2000-09-03,42750,6,73.44,0.99,,
17707,P,2001-10-24,2751,2,25.70,0.23,,
17708,P,2000-11-25,19566,10,97.97,9.93,,
17709,P,2000-09-19,15994,3,93.25,6.93,,
17710,P,2001-08-09,69253,3,45.86,2.92,,
17711,P,2001-08-26,8011,9,57.83,8.21,,
17712,P,2000-08-19,39243,7,14.42,2.51,,
17713,P,2000-02-12,25612,10,34.01,3.30,,
17714,P,2000-10-04,8231,1,79.64,3.84,,
17715,P,2000-11-08,68347,6,30.70,4.67,,
17716,P,2001-11-11,20549,2,93.03,4.24,,
17717,P,2000-06-11,12734,2,71.88,9.46,,
17718,P,2000-01-28,95767,9,36.63,4.64,,
17719,P,2002-09-01,46437,10,61.36,3.88,,
17720,P,2002-03-31,13811,1,34.83,1.04,,
17721,P,2001-09-26,42312,9,72.88,9.76,,
17722,P,2001-04-12,97729,6,91.35,7.83,,
17723,P,2002-02-21,21712,5,0.16,7.53,,
17724,P,2001-09-06,19607,4,16.61,0.24,,
17725,P,2000-11-16,41792,6,61.78,2.64,,
17726,P,2000-06-05,6258,10,56.08,8.71,,
17727,P,2000-09-02,45434,2,32.89,6.85,,
17728,P,2000-09-02,45116,2,8.18,3.66,,
17729,P,2002-05-22,24475,9,53.71,3.31,,
17730,P,2000-03-30,70699,4,13.58,5.25,,
17731,P,2002-07-12,65026,6,6.05,1.60,,
17732,P,2002-02-17,32455,10,94.36,3.51,,
17733,P,2001-07-18,29605,4,95.14,9.53,,
17734,P,2001-11-09,12902,9,97.26,1.64,,
17735,P,2001-02-13,32677,4,14.42,6.32,,
17736,P,2002-05-20,37313,9,37.25,7.25,,
17737,P,2000-11-29,83438,10,23.85,4.57,,
17738,P,2002-07-18,78467,3,16.08,5.18,,
17739,P,2000-10-19,34923,10,69.55,9.84,,
17740,P,2001-09-26,3555,2,77.43,8.25,,
17741,P,2001-04-06,31610,7,51.76,2.08,,
17742,P,2000-08-25,86273,6,91.43,1.64,,
17743,P,2002-08-13,23420,8,3.90,8.03,,
17744,P,2000-11-09,25665,1,98.95,0.91,,
17745,P,2001-11-25,72455,2,44.72,4.91,,
17746,P,2002-09-14,25206,3,3.30,4.18,,
17747,P,2001-10-21,1588,3,36.37,1.88,,
17748,P,2002-05-12,31114,7,43.95,9.03,,
17749,P,2000-03-12,44447,10,41.99,0.91,,
17750,P,2001-05-07,54798,5,84.74,5.67,,
17751,P,2001-03-14,28575,9,60.90,1.02,,
17752,P,2002-07-16,9287,9,73.22,1.96,,
17753,P,2001-10-02,3797,2,90.81,0.64,,
17754,P,2000-09-25,60384,10,45.94,7.20,,
17755,P,2002-07-08,85354,8,45.26,3.28,,
17756,P,2000-10-21,52889,8,52.33,6.33,,
17757,P,2001-12-06,12194,10,23.49,1.63,,
17758,P,2000-07-19,1627,2,26.76,9.30,,
17759,P,2000-03-04,62725,8,63.27,7.34,,
17760,P,2000-10-30,23880,2,66.32,3.36,,
17761,P,2002-03-30,51244,1,24.55,3.99,,
17762,P,2000-02-28,52226,8,50.73,3.63,,
17763,P,2002-05-15,38516,10,62.51,1.22,,
17764,P,2002-06-09,48279,2,32.82,1.34,,
17765,P,2001-02-06,21490,9,43.86,7.57,,
17766,P,2002-01-23,87742,2,94.40,2.82,,
17767,P,2000-08-30,28221,1,22.78,8.25,,
17768,P,2000-04-09,69250,8,52.52,2.91,,
17769,P,2001-07-20,52720,1,58.53,6.98,,
17770,P,2002-08-19,11461,7,93.70,9.96,,
17771,P,2000-10-22,24419,6,35.53,2.05,,
17772,P,2000-02-08,7124,9,46.48,1.46,,
17773,P,2000-01-21,87102,6,64.13,9.61,,
17774,P,2001-05-13,22180,4,99.64,9.16,,
17775,P,2002-08-22,8224,10,13.03,1.45,,
17776,P,2000-11-12,47570,9,60.65,4.62,,
17777,P,2000-03-16,7017,4,60.58,7.62,,
17778,P,2002-02-07,75523,2,82.97,3.74,,
17779,P,2000-05-29,49067,3,53.78,7.83,,
17780,P,2000-04-14,3844,6,98.96,2.56,,
17781,P,2000-11-20,93506,4,86.75,8.56,,
17782,P,2002-06-02,13022,6,11.05,2.60,,
17783,P,2000-07-02,70744,2,98.39,4.41,,
17784,P,2002-05-20,93350,8,59.92,0.11,,
17785,P,2001-07-30,29253,3,79.21,3.53,,
17786,P,2000-10-22,28856,6,25.31,3.93,,
17787,P,2001-01-04,82166,2,23.45,4.85,,
17788,P,2002-08-25,20837,8,65.11,1.20,,
17789,P,2001-01-29,27147,4,87.25,1.05,,
17790,P,2001-06-20,39471,9,88.79,8.97,,
17791,P,2001-01-26,30262,9,3.03,6.90,,
17792,P,2001-08-10,97645,4,20.84,8.97,,
17793,P,2000-03-16,85098,1,35.23,3.41,,
17794,P,2000-12-25,64862,6,7.65,4.18,,
17795,P,2001-06-18,1731,7,36.51,8.29,,
17796,P,2000-10-02,54807,4,95.75,8.89,,
17797,P,2001-01-13,94860,10,75.92,5.24,,
17798,P,2001-07-21,44076,2,85.31,7.05,,
17799,P,2002-01-28,35216,9,6.70,5.00,,
17800,P,2001-10-04,34502,9,68.63,7.25,,
17801,P,2000-02-23,44446,2,43.11,4.44,,
17802,P,2001-02-01,57835,7,58.61,7.41,,
17803,P,2000-01-10,24181,8,69.61,6.90,,
17804,P,2001-08-22,81760,2,73.33,6.70,,
17805,P,2002-01-25,7975,2,0.70,9.27,,
17806,P,2000-10-26,48354,8,36.05,1.81,,
17807,P,2001-09-28,50042,10,41.00,1.81,,
17808,P,2002-01-23,45374,2,91.26,5.65,,
17809,P,2002-08-05,24948,4,38.77,1.17,,
17810,P,2000-04-18,2251,3,60.11,5.49,,
17811,P,2000-04-05,40227,6,32.11,6.01,,
17812,P,2000-10-01,77058,10,8.64,3.76,,
17813,P,2001-07-25,65869,9,10.99,9.65,,
17814,P,2000-06-20,82885,2,36.93,0.35,,
17815,P,2001-02-04,57396,4,12.05,4.07,,
17816,P,2001-10-08,57035,6,82.67,1.13,,
17817,P,2002-01-19,49800,6,16.34,4.69,,
17818,P,2000-01-26,80864,1,2.03,8.12,,
17819,P,2001-06-02,15244,6,0.42,8.53,,
17820,P,2002-03-16,17907,1,18.10,5.55,,
17821,P,2001-06-08,7312,6,30.53,4.62,,
17822,P,2000-03-01,50764,10,28.63,8.75,,
17823,P,2002-02-21,32467,6,99.77,7.73,,
17824,P,2002-02-14,6178,4,25.71,0.89,,
17825,P,2000-10-18,40559,8,32.09,4.32,,
17826,P,2000-06-13,34344,1,84.35,5.35,,
17827,P,2002-05-15,30320,9,20.96,4.16,,
17828,P,2001-07-28,49793,7,59.72,9.54,,
17829,P,2000-02-25,70184,7,26.03,0.85,,
17830,P,2001-10-14,23752,2,45.87,1.18,,
17831,P,2000-11-30,49296,2,11.77,3.22,,
17832,P,2002-09-15,49719,5,21.78,5.76,,
17833,P,2000-09-08,72127,1,71.80,1.89,,
17834,P,2002-06-20,78131,6,97.62,9.90,,
17835,P,2000-06-16,4801,2,41.02,5.63,,
17836,P,2000-03-27,37378,4,63.25,4.27,,
17837,P,2001-08-17,97981,2,50.13,5.57,,
17838,P,2001-08-17,65540,2,49.29,2.54,,
17839,P,2001-10-18,53067,1,65.68,3.50,,
17840,P,2001-06-04,72368,1,24.73,5.93,,
17841,P,2001-10-15,66892,2,1.50,0.11,,
17842,P,2001-12-25,39788,7,70.74,5.01,,
17843,P,2000-02-02,50853,7,5.30,5.76,,
17844,P,2002-03-04,50505,7,89.53,4.48,,
17845,P,2001-05-11,54994,2,79.80,9.69,,
17846,P,2000-05-12,96668,9,37.83,2.08,,
17847,P,2001-08-04,81608,7,50.17,1.51,,
17848,P,2002-09-22,34381,5,55.72,9.59,,
17849,P,2001-08-06,33215,5,99.17,3.96,,
17850,P,2001-07-13,87083,6,56.59,0.11,,
17851,P,2001-04-12,59987,6,83.73,6.22,,
17852,P,2001-07-13,87091,2,67.95,5.82,,
17853,P,2001-01-10,81753,7,92.80,3.71,,
17854,P,2001-10-24,14580,1,49.02,3.12,,
17855,P,2002-04-12,50272,5,67.35,8.09,,
17856,P,2001-12-13,33806,7,56.95,5.23,,
17857,P,2000-06-15,61661,9,8.30,1.42,,
17858,P,2002-08-10,92545,5,48.56,4.38,,
17859,P,2000-07-22,15648,9,42.16,4.51,,
17860,P,2002-08-13,58612,3,40.28,3.88,,
17861,P,2000-03-12,39155,1,55.91,8.71,,
17862,P,2000-09-20,1642,3,71.13,7.31,,
17863,P,2001-06-19,43269,1,25.16,1.17,,
17864,P,2001-12-16,16584,5,99.95,1.40,,
17865,P,2000-07-15,50622,9,1.90,4.15,,
17866,P,2002-01-20,85955,7,83.83,1.59,,
17867,P,2002-02-19,11250,6,20.64,1.44,,
17868,P,2001-04-28,18611,6,43.11,7.82,,
17869,P,2001-08-24,80257,3,22.07,9.95,,
17870,P,2001-02-15,67081,9,85.49,8.31,,
17871,P,2002-04-08,63419,8,28.97,1.13,,
17872,P,2000-04-02,72308,3,3.35,9.56,,
17873,P,2002-02-04,9498,5,24.08,6.54,,
17874,P,2002-04-01,37237,3,92.40,9.01,,
17875,P,2000-12-14,62804,3,63.51,6.32,,
17876,P,2002-06-13,2224,7,6.08,5.00,,
17877,P,2000-04-20,37493,6,73.47,1.39,,
17878,P,2001-04-21,5777,4,70.76,9.80,,
17879,P,2000-07-15,25382,6,85.87,5.06,,
17880,P,2001-02-11,41214,2,69.82,8.49,,
17881,P,2001-06-15,49169,5,34.81,4.51,,
17882,P,2002-05-19,9912,8,4.74,9.98,,
17883,P,2000-02-01,65718,8,65.22,5.96,,
17884,P,2001-05-29,63338,7,56.95,9.72,,
17885,P,2000-02-06,63436,8,80.76,1.81,,
17886,P,2001-11-12,56461,10,66.01,5.82,,
17887,P,2002-01-09,48762,3,88.08,3.71,,
17888,P,2000-02-12,57244,9,11.59,2.04,,
17889,P,2001-07-18,9004,2,36.91,7.55,,
17890,P,2000-08-05,75071,1,72.91,4.10,,
17891,P,2001-09-05,44999,10,25.04,3.56,,
17892,P,2001-10-12,33741,8,69.24,8.52,,
17893,P,2000-12-07,63351,5,97.51,4.38,,
17894,P,2001-02-26,77612,8,48.17,6.16,,
17895,P,2000-04-21,98209,8,90.51,3.23,,
17896,P,2001-05-29,10257,6,87.20,3.24,,
17897,P,2000-09-02,78826,4,5.28,4.54,,
17898,P,2001-07-30,65863,2,69.26,6.72,,
17899,P,2000-03-04,19303,3,65.87,8.41,,
17900,P,2001-08-30,95338,3,56.30,3.75,,
17901,P,2000-06-14,39731,8,5.38,7.86,,
17902,P,2002-06-19,46549,7,85.42,9.49,,
17903,P,2000-01-12,56924,1,38.87,7.04,,
17904,P,2001-12-26,66954,8,17.57,1.82,,
17905,P,2001-06-13,71480,4,78.80,6.45,,
17906,P,2002-08-28,30960,2,33.20,3.34,,
17907,P,2001-08-19,54839,2,94.46,8.04,,
17908,P,2001-05-01,12824,3,12.42,0.16,,
17909,P,2000-08-17,68456,9,97.11,4.70,,
17910,P,2001-11-16,98429,7,63.41,5.03,,
17911,P,2000-05-21,466,6,28.52,4.03,,
17912,P,2002-07-08,56546,2,60.76,4.21,,
17913,P,2002-09-22,19497,1,75.22,7.62,,
17914,P,2001-10-13,11176,2,64.26,1.05,,
17915,P,2002-05-01,16214,6,19.11,1.27,,
17916,P,2001-07-25,964,5,63.13,3.86,,
17917,P,2001-06-24,97303,6,5.36,9.11,,
17918,P,2000-12-05,73241,4,99.40,4.27,,
17919,P,2001-01-28,25451,9,93.68,5.55,,
17920,P,2002-06-25,62083,10,22.10,4.33,,
17921,P,2001-11-22,19596,8,44.96,4.42,,
17922,P,2000-05-26,56879,1,62.60,4.37,,
17923,P,2001-05-26,24213,3,64.40,7.80,,
17924,P,2001-03-02,21288,6,49.77,8.59,,
17925,P,2000-11-15,91451,5,84.57,3.59,,
17926,P,2001-08-05,65518,6,18.50,0.63,,
17927,P,2001-11-18,57365,1,35.08,9.31,,
17928,P,2000-08-06,58318,6,63.30,0.47,,
17929,P,2002-05-25,33077,10,36.99,1.57,,
17930,P,2002-04-13,54316,2,41.04,8.95,,
17931,P,2002-04-07,83375,5,29.22,5.40,,
17932,P,2000-06-14,43552,5,84.90,0.30,,
17933,P,2002-03-15,45402,9,67.43,9.40,,
17934,P,2000-02-17,21916,1,18.36,7.22,,
17935,P,2002-08-20,94603,1,84.55,7.79,,
17936,P,2001-03-19,26794,5,11.52,3.15,,
17937,P,2001-08-16,78181,10,22.17,9.63,,
17938,P,2000-06-22,83504,4,43.12,5.33,,
17939,P,2001-07-17,78997,7,68.33,2.00,,
17940,P,2002-04-24,99022,1,81.46,9.79,,
17941,P,2000-09-25,95857,7,25.57,6.80,,
17942,P,2001-03-17,46005,2,29.06,0.47,,
17943,P,2001-05-31,17933,8,30.70,5.63,,
17944,P,2001-08-01,51120,3,94.03,5.71,,
17945,P,2000-02-09,62907,5,10.40,3.16,,
17946,P,2001-03-30,29481,9,32.84,5.43,,
17947,P,2000-09-12,60441,8,63.51,7.75,,
17948,P,2001-10-09,18157,8,6.92,4.76,,
17949,P,2000-12-26,49900,2,44.20,0.97,,
17950,P,2000-12-14,52574,6,86.19,9.42,,
17951,P,2001-02-04,36907,10,46.19,0.01,,
17952,P,2002-01-28,20467,9,34.09,9.50,,
17953,P,2001-09-30,78582,1,58.74,3.09,,
17954,P,2001-08-11,4154,5,23.43,0.47,,
17955,P,2000-12-17,94028,1,42.33,7.42,,
17956,P,2002-07-13,52230,9,16.12,4.86,,
17957,P,2001-09-22,46450,2,99.11,7.17,,
17958,P,2001-10-28,20022,8,7.10,5.98,,
17959,P,2002-01-14,34420,7,20.17,0.89,,
17960,P,2001-05-05,18353,5,28.67,1.88,,
17961,P,2000-08-30,95581,2,36.26,7.96,,
17962,P,2000-12-25,24255,1,7.52,4.08,,
17963,P,2001-11-02,18236,8,23.99,3.37,,
17964,P,2000-10-18,37937,8,51.86,8.59,,
17965,P,2000-06-20,4788,8,24.52,2.48,,
17966,P,2002-06-12,20792,8,55.15,6.36,,
17967,P,2001-04-22,92260,10,57.07,1.17,,
17968,P,2002-06-20,50947,1,17.14,2.89,,
17969,P,2000-06-05,17161,2,56.83,5.70,,
17970,P,2002-03-24,78162,6,44.92,1.45,,
17971,P,2002-02-15,85129,8,23.79,1.53,,
17972,P,2000-07-18,30050,1,37.83,7.24,,
17973,P,2001-10-06,15580,1,3.63,0.21,,
17974,P,2001-12-07,9210,3,8.34,2.70,,
17975,P,2000-10-01,73548,8,44.12,3.91,,
17976,P,2002-04-13,95046,10,64.17,6.73,,
17977,P,2001-08-13,81238,2,22.42,4.69,,
17978,P,2000-04-15,60197,3,35.50,8.40,,
17979,P,2001-07-06,19713,7,42.13,3.18,,
17980,P,2000-01-29,87618,4,49.10,6.10,,
17981,P,2000-05-30,55891,7,58.33,2.10,,
17982,P,2001-03-12,99764,9,68.28,7.75,,
17983,P,2001-10-26,25490,2,35.27,5.99,,
17984,P,2001-01-27,88314,10,22.15,6.71,,
17985,P,2002-05-19,94789,6,22.50,6.26,,
17986,P,2000-06-21,77833,4,17.00,0.69,,
17987,P,2002-02-05,26297,3,98.84,0.07,,
17988,P,2000-09-15,31312,1,1.35,5.41,,
17989,P,2000-10-06,96953,9,51.11,5.70,,
17990,P,2001-04-23,81585,1,18.50,9.53,,
17991,P,2000-08-18,37982,4,53.03,6.04,,
17992,P,2000-06-23,47513,6,92.73,7.97,,
17993,P,2001-05-14,9983,10,23.10,1.12,,
17994,P,2000-05-11,20980,1,86.56,7.95,,
17995,P,2000-10-03,42595,7,92.45,8.45,,
17996,P,2000-03-28,41946,10,75.36,2.27,,
17997,P,2001-02-06,22580,2,0.32,9.79,,
17998,P,2001-06-21,56116,2,52.25,9.89,,
17999,P,2000-07-12,76956,2,95.57,6.57,,
18000,P,2001-05-17,58770,7,59.02,5.22,,
18001,P,2002-05-05,11530,3,18.15,1.21,,
18002,P,2002-01-27,182,2,85.04,3.59,,
18003,P,2002-07-24,20315,10,5.79,7.91,,
18004,P,2002-05-17,65488,3,86.10,3.26,,
18005,P,2000-03-16,49259,2,2.50,4.13,,
18006,P,2001-07-23,86404,7,36.61,8.05,,
18007,P,2001-10-02,65240,10,22.84,8.10,,
18008,P,2000-08-19,50815,4,63.99,3.54,,
18009,P,2001-02-06,87392,4,39.17,0.32,,
18010,P,2000-04-27,17644,3,48.58,3.44,,
18011,P,2000-09-25,98175,4,32.50,0.18,,
18012,P,2001-03-13,13832,1,95.25,1.12,,
18013,P,2002-04-06,9621,4,66.05,6.66,,
18014,P,2001-05-24,48543,4,14.65,6.51,,
18015,P,2000-06-25,25440,2,68.54,1.13,,
18016,P,2002-07-26,14178,8,66.34,6.87,,
18017,P,2002-07-14,1131,6,62.48,3.68,,
18018,P,2000-08-25,6611,9,18.02,9.56,,
18019,P,2001-02-03,88332,8,22.06,9.49,,
18020,P,2001-06-09,32,5,33.38,3.30,,
18021,P,2002-07-05,71232,8,29.70,7.66,,
18022,P,2001-11-29,89530,10,34.82,7.24,,
18023,P,2000-03-04,10618,9,57.02,4.52,,
18024,P,2001-11-21,49304,7,79.33,9.16,,
18025,P,2000-05-23,52769,6,95.31,7.73,,
18026,P,2000-06-27,33552,7,85.72,9.06,,
18027,P,2002-01-25,97113,6,5.45,6.37,,
18028,P,2000-03-06,72338,5,56.55,8.28,,
18029,P,2000-09-19,2393,7,13.63,4.16,,
18030,P,2002-05-08,1793,4,25.91,7.55,,
18031,P,2000-01-14,44580,4,67.93,6.57,,
18032,P,2001-11-02,88993,1,64.18,3.45,,
18033,P,2002-05-24,67327,9,33.01,7.58,,
18034,P,2002-05-17,48605,2,62.30,1.13,,
18035,P,2000-03-20,29135,2,35.38,5.55,,
18036,P,2000-09-16,21468,9,30.47,0.97,,
18037,P,2001-05-15,4475,3,72.62,4.27,,
18038,P,2001-09-30,50126,4,74.04,8.79,,
18039,P,2000-10-09,76778,2,49.76,2.48,,
18040,P,2002-07-28,23351,3,62.94,3.79,,
18041,P,2000-07-23,63265,4,65.73,2.64,,
18042,P,2001-11-19,6792,2,65.67,5.95,,
18043,P,2002-09-04,62247,2,36.58,0.57,,
18044,P,2000-11-06,97514,5,49.88,2.11,,
18045,P,2002-03-18,58263,5,95.05,5.12,,
18046,P,2001-08-25,31921,2,11.76,7.14,,
18047,P,2000-06-20,29909,2,58.65,4.57,,
18048,P,2000-06-02,7199,1,17.76,9.00,,
18049,P,2002-02-22,21981,3,32.76,8.91,,
18050,P,2000-11-06,61821,2,50.58,6.91,,
18051,P,2001-02-18,13911,7,92.40,0.46,,
18052,P,2002-05-15,43929,3,5.23,6.51,,
18053,P,2001-09-05,58219,7,70.98,3.33,,
18054,P,2002-08-19,69160,9,35.05,3.56,,
18055,P,2001-03-28,52322,4,92.43,7.11,,
18056,P,2001-01-10,84380,6,74.48,0.47,,
18057,P,2001-11-13,61896,4,73.38,5.32,,
18058,P,2002-07-21,50287,9,89.22,6.58,,
18059,P,2000-08-15,39874,1,39.40,1.80,,
18060,P,2000-10-26,17338,6,96.93,8.19,,
18061,P,2002-05-29,25291,7,9.07,0.32,,
18062,P,2002-03-23,18698,2,51.08,4.26,,
18063,P,2002-06-12,40054,10,63.59,5.27,,
18064,P,2001-05-25,77340,8,61.51,1.06,,
18065,P,2001-04-14,78946,10,3.39,0.71,,
18066,P,2001-12-16,55572,2,6.39,5.70,,
18067,P,2001-01-11,16431,1,91.71,9.14,,
18068,P,2002-04-28,74598,3,1.66,4.10,,
18069,P,2000-12-19,45292,2,72.53,1.58,,
18070,P,2001-09-07,95820,5,71.21,7.67,,
18071,P,2000-12-06,86588,2,83.64,4.66,,
18072,P,2001-08-09,8218,6,57.92,0.15,,
18073,P,2001-04-08,6262,7,59.15,8.17,,
18074,P,2001-09-27,32298,2,68.41,5.30,,
18075,P,2002-03-28,32344,9,39.20,7.37,,
18076,P,2001-08-17,17936,4,86.69,4.61,,
18077,P,2000-01-14,2728,10,72.19,6.98,,
18078,P,2002-04-04,99876,5,98.34,6.82,,
18079,P,2001-11-14,36354,6,47.91,2.30,,
18080,P,2002-06-05,40293,6,13.89,2.50,,
18081,P,2001-06-19,61805,3,9.11,7.35,,
18082,P,2000-03-04,24807,4,3.52,1.71,,
18083,P,2000-01-29,59435,1,32.64,5.04,,
18084,P,2000-06-14,88342,4,48.46,4.46,,
18085,P,2002-09-05,63784,5,93.15,9.60,,
18086,P,2002-08-06,27965,4,92.45,6.52,,
18087,P,2002-03-16,63069,3,94.19,1.70,,
18088,P,2000-09-10,1333,7,1.58,0.66,,
18089,P,2000-01-09,24271,8,97.52,0.72,,
18090,P,2000-06-28,88872,7,32.66,1.15,,
18091,P,2001-12-10,41515,5,10.46,2.04,,
18092,P,2002-05-13,22699,4,89.11,4.31,,
18093,P,2002-04-04,83259,2,15.54,7.35,,
18094,P,2000-12-14,57337,2,4.15,2.53,,
18095,P,2000-07-26,17062,1,94.93,9.22,,
18096,P,2000-01-04,35646,4,45.38,6.16,,
18097,P,2001-10-08,49398,8,15.08,4.99,,
18098,P,2001-07-11,90012,1,28.44,6.20,,
18099,P,2000-03-06,74506,6,93.58,2.18,,
18100,P,2000-09-21,17528,10,88.32,3.79,,
18101,P,2001-07-16,40430,2,98.91,0.34,,
18102,P,2000-07-20,99494,10,93.70,7.68,,
18103,P,2001-06-16,89153,3,32.02,5.20,,
18104,P,2000-04-24,60245,8,28.39,5.03,,
18105,P,2001-04-25,20573,7,50.75,4.52,,
18106,P,2002-08-06,58152,8,6.91,6.92,,
18107,P,2002-03-17,28365,9,84.46,8.08,,
18108,P,2001-10-16,57294,10,74.29,9.83,,
18109,P,2000-10-23,80715,10,36.23,6.73,,
18110,P,2000-12-06,22780,6,47.31,3.70,,
18111,P,2001-05-03,63264,5,78.63,3.43,,
18112,P,2002-02-13,94609,4,99.94,5.82,,
18113,P,2001-11-21,86945,7,25.57,0.17,,
18114,P,2002-03-01,7252,6,5.00,1.56,,
18115,P,2002-03-01,11679,2,21.36,5.23,,
18116,P,2001-10-11,63807,7,38.14,1.34,,
18117,P,2002-05-18,89015,7,77.52,9.75,,
18118,P,2000-01-05,58980,2,7.35,1.31,,
18119,P,2001-09-27,83856,10,29.85,7.86,,
18120,P,2000-01-25,93064,2,19.29,1.61,,
18121,P,2002-08-06,59842,5,90.59,0.12,,
18122,P,2000-02-23,61236,7,67.13,6.33,,
18123,P,2000-06-06,45456,2,30.18,3.91,,
18124,P,2002-05-18,71583,2,67.18,7.56,,
18125,P,2000-10-04,12719,10,34.27,4.62,,
18126,P,2002-01-28,22635,2,33.03,8.73,,
18127,P,2000-03-12,98612,3,66.41,0.98,,
18128,P,2002-05-10,61961,3,54.48,5.10,,
18129,P,2001-11-01,11885,7,0.66,8.80,,
18130,P,2001-04-18,36677,3,49.73,3.80,,
18131,P,2000-06-03,8368,5,44.94,2.69,,
18132,P,2001-01-23,20442,7,43.80,7.93,,
18133,P,2002-06-02,89003,2,71.37,8.30,,
18134,P,2001-05-07,94108,4,33.35,9.42,,
18135,P,2001-05-31,12685,1,73.73,5.06,,
18136,P,2001-06-03,80328,7,60.00,0.19,,
18137,P,2002-03-19,3254,6,71.05,2.41,,
18138,P,2001-04-23,82924,4,28.65,6.15,,
18139,P,2002-01-18,91726,6,33.06,8.83,,
18140,P,2000-08-23,66164,6,7.52,9.82,,
18141,P,2000-09-03,74128,8,17.42,1.93,,
18142,P,2002-06-08,55916,1,20.93,0.52,,
18143,P,2002-04-27,68244,5,25.82,5.37,,
18144,P,2000-02-13,65824,5,93.56,1.37,,
18145,P,2002-07-28,90901,4,11.82,8.90,,
18146,P,2002-03-23,23204,1,20.51,9.02,,
18147,P,2002-04-01,87200,6,81.91,3.38,,
18148,P,2002-01-17,605,7,51.81,3.59,,
18149,P,2000-09-21,1896,8,47.58,4.11,,
18150,P,2002-04-09,63785,2,54.53,5.33,,
18151,P,2002-07-06,54198,6,17.47,6.06,,
18152,P,2000-11-27,98898,1,15.61,5.24,,
18153,P,2002-08-01,80512,3,33.70,3.75,,
18154,P,2001-04-09,93414,2,39.18,8.37,,
18155,P,2002-04-22,20406,4,78.76,3.38,,
18156,P,2001-12-15,60295,8,6.73,0.63,,
18157,P,2000-12-19,3293,7,16.18,1.57,,
18158,P,2002-07-15,85711,8,86.94,1.76,,
18159,P,2001-02-17,19505,10,27.76,4.24,,
18160,P,2000-08-29,369,9,0.49,8.81,,
18161,P,2002-08-08,44215,4,57.92,8.72,,
18162,P,2001-08-09,20664,7,96.01,5.86,,
18163,P,2001-10-13,29196,3,29.04,2.30,,
18164,P,2001-11-22,66834,5,82.43,2.13,,
18165,P,2001-12-06,81800,6,83.64,5.95,,
18166,P,2002-06-15,41692,9,84.30,5.26,,
18167,P,2002-01-14,49280,6,32.17,6.02,,
18168,P,2000-08-09,23655,7,4.69,6.19,,
18169,P,2002-01-12,40456,9,13.46,5.10,,
18170,P,2002-02-15,52498,2,26.97,8.29,,
18171,P,2001-10-08,42571,5,50.73,2.99,,
18172,P,2001-03-27,66982,3,60.15,0.77,,
18173,P,2002-01-05,48238,1,50.01,0.68,,
18174,P,2000-05-23,28136,9,68.99,6.65,,
18175,P,2000-10-09,72646,4,94.59,0.35,,
18176,P,2002-06-15,65156,3,84.90,4.27,,
18177,P,2002-04-04,5159,7,43.79,0.14,,
18178,P,2002-05-27,53069,5,68.28,8.18,,
18179,P,2000-07-21,89676,2,86.72,8.53,,
18180,P,2001-09-22,87808,3,11.40,0.98,,
18181,P,2001-10-29,27461,7,27.97,7.92,,
18182,P,2000-12-29,41188,9,14.76,2.75,,
18183,P,2000-06-10,83998,1,2.76,7.12,,
18184,P,2001-07-09,27495,9,37.36,3.44,,
18185,P,2002-05-09,50826,2,17.93,9.76,,
18186,P,2002-01-06,42092,2,53.41,4.77,,
18187,P,2002-01-01,2575,4,77.08,7.31,,
18188,P,2001-09-15,69464,1,14.84,2.25,,
18189,P,2000-09-23,56835,3,12.61,2.26,,
18190,P,2001-12-01,46228,7,38.64,6.99,,
18191,P,2002-04-12,98793,4,66.46,2.58,,
18192,P,2000-02-02,29226,6,78.95,6.53,,
18193,P,2000-04-05,68329,5,76.57,4.31,,
18194,P,2001-01-27,86457,6,53.73,6.53,,
18195,P,2000-09-06,71498,2,79.54,4.09,,
18196,P,2000-01-26,80499,2,33.30,4.29,,
18197,P,2000-08-28,5351,5,60.50,6.96,,
18198,P,2001-01-14,39845,3,14.37,1.68,,
18199,P,2002-06-11,8143,8,26.79,0.12,,
18200,P,2000-06-15,45538,5,0.66,6.24,,
18201,P,2002-04-13,81614,4,72.77,9.79,,
18202,P,2001-01-01,33154,10,76.21,6.05,,
18203,P,2002-04-07,28739,8,42.44,8.03,,
18204,P,2002-04-07,83147,8,56.82,2.37,,
18205,P,2000-03-16,72426,6,1.60,3.90,,
18206,P,2000-03-09,77684,10,21.79,4.72,,
18207,P,2000-10-16,53010,5,81.10,5.41,,
18208,P,2001-08-16,9784,2,20.26,9.70,,
18209,P,2002-07-31,75762,2,48.94,7.97,,
18210,P,2001-08-19,78014,8,87.87,1.16,,
18211,P,2002-02-20,11388,1,39.91,2.13,,
18212,P,2001-04-10,61672,4,3.87,6.94,,
18213,P,2000-07-21,43463,2,55.48,8.46,,
18214,P,2001-11-23,256,2,56.58,5.57,,
18215,P,2000-05-23,77847,1,40.30,9.74,,
18216,P,2001-06-30,62301,9,54.21,5.52,,
18217,P,2000-01-08,84229,8,55.95,6.74,,
18218,P,2001-08-01,26870,3,94.07,7.73,,
18219,P,2002-08-11,76133,2,95.92,3.50,,
18220,P,2001-02-11,12288,4,32.53,0.43,,
18221,P,2001-01-02,60282,6,52.65,2.73,,
18222,P,2002-04-04,39073,7,96.65,4.99,,
18223,P,2000-12-21,64265,1,92.96,7.64,,
18224,P,2000-10-01,80861,2,97.72,3.65,,
18225,P,2001-10-17,38254,3,54.02,8.62,,
18226,P,2001-01-15,30955,1,4.15,3.45,,
18227,P,2002-01-04,22384,4,43.40,4.67,,
18228,P,2001-12-29,13098,9,31.50,6.60,,
18229,P,2001-05-07,16466,3,97.61,7.97,,
18230,P,2001-06-19,9426,5,2.88,1.74,,
18231,P,2002-02-21,98668,5,53.08,5.62,,
18232,P,2002-05-18,61791,10,66.12,2.91,,
18233,P,2001-04-09,73565,10,26.82,5.41,,
18234,P,2001-08-15,9512,4,92.76,3.06,,
18235,P,2000-09-27,21731,8,21.92,0.21,,
18236,P,2002-07-23,87159,6,88.07,2.94,,
18237,P,2000-05-02,54643,2,71.57,9.21,,
18238,P,2002-08-10,41888,8,15.51,9.65,,
18239,P,2001-07-29,23979,6,75.46,6.90,,
18240,P,2000-12-05,46717,8,58.54,0.24,,
18241,P,2002-06-13,929,9,71.00,8.47,,
18242,P,2000-09-03,51954,4,54.95,0.77,,
