105098,P,2002-02-14,62121,6,72.82,4.11,,
105099,P,2000-08-16,89952,9,66.93,5.41,,
105100,P,2001-10-14,31639,10,53.07,1.20,,
105101,P,2000-03-26,48113,8,38.54,3.69,,
105102,P,2000-08-26,95182,2,28.65,2.35,,
105103,P,2001-10-13,76374,7,57.00,9.59,,
105104,P,2001-01-29,50168,2,84.57,8.06,,
105105,P,2000-06-16,29240,8,21.66,6.00,,
105106,P,2000-04-06,62387,7,15.95,3.42,,
105107,P,2002-04-18,2226,1,60.54,9.53,,
105108,P,2001-09-28,82147,5,96.98,5.80,,
105109,P,2001-11-03,14237,6,9.16,1.16,,
105110,P,2000-11-29,85637,3,82.64,8.14,,
105111,P,2002-01-21,97974,8,68.79,9.53,,
105112,P,2002-03-10,76052,3,62.22,8.58,,
105113,P,2001-05-23,88908,4,83.60,9.35,,
105114,P,2000-05-07,97349,7,85.35,5.88,,
105115,P,2000-03-03,22722,8,93.61,6.76,,
105116,P,2000-07-07,68432,3,58.11,1.03,,
105117,P,2001-08-20,6986,6,95.38,4.64,,
105118,P,2000-01-16,95326,2,8.67,5.03,,
105119,P,2000-10-23,51091,5,60.79,4.03,,
105120,P,2001-11-10,59731,6,32.60,4.24,,
105121,P,2001-03-23,63749,10,61.81,8.82,,
105122,P,2000-09-03,90754,9,66.53,0.54,,
105123,P,2002-07-14,49120,9,75.29,5.05,,
105124,P,2000-06-06,71124,4,45.71,4.62,,
105125,P,2000-12-17,12813,2,80.31,3.67,,
105126,P,2001-08-20,92322,5,85.04,5.64,,
105127,P,2001-02-14,97925,4,40.16,2.51,,
105128,P,2001-11-06,8534,5,42.31,5.16,,
105129,P,2001-07-07,47933,3,3.06,7.48,,
105130,P,2002-01-03,55412,8,41.23,0.92,,
105131,P,2000-05-16,25357,4,27.80,6.28,,
105132,P,2002-02-28,32577,6,97.35,8.10,,
105133,P,2001-09-24,29776,6,66.81,5.22,,
105134,P,2001-03-01,5960,4,33.31,1.08,,
105135,P,2001-02-27,24879,1,77.30,7.19,,
105136,P,2000-01-25,84868,7,8.43,5.99,,
105137,P,2001-01-24,93478,5,14.56,4.95,,
105138,P,2002-08-22,85811,8,5.74,9.61,,
105139,P,2002-04-07,36124,9,44.99,9.68,,
105140,P,2001-12-05,90767,8,67.83,6.79,,
105141,P,2002-09-15,32982,10,76.18,1.84,,
105142,P,2002-06-09,98116,7,72.01,5.09,,
105143,P,2002-06-21,5849,8,47.15,2.98,,
105144,P,2002-05-08,69847,2,79.35,8.03,,
105145,P,2000-04-29,17307,9,15.35,0.58,,
105146,P,2000-04-05,92212,1,56.91,2.61,,
105147,P,2001-04-25,74762,5,20.21,4.03,,
105148,P,2002-09-22,12696,3,43.73,1.81,,
105149,P,2002-05-05,53288,3,78.79,8.27,,
105150,P,2002-07-05,31739,4,61.67,0.81,,
105151,P,2001-10-30,18470,2,46.14,3.73,,
105152,P,2001-02-07,46563,8,67.58,9.37,,
105153,P,2001-08-14,51122,8,35.66,3.74,,
105154,P,2001-09-18,35517,5,19.72,9.26,,
105155,P,2000-04-21,8190,1,8.39,7.66,,
105156,P,2000-10-18,24472,6,35.32,1.70,,
105157,P,2002-08-08,29412,7,78.54,4.86,,
105158,P,2000-06-17,18741,5,2.20,7.73,,
105159,P,2000-08-28,28277,5,15.76,9.87,,
105160,P,2000-04-23,99930,5,42.97,2.27,,
105161,P,2000-08-12,56645,8,85.40,5.64,,
105162,P,2000-01-27,79727,7,35.66,6.32,,
105163,P,2002-09-27,34529,9,19.76,8.43,,
105164,P,2001-08-30,33958,6,43.26,1.14,,
105165,P,2002-04-18,10233,7,40.09,9.16,,
105166,P,2002-03-07,2754,3,55.60,3.60,,
105167,P,2001-03-12,99310,10,91.41,7.17,,
105168,P,2000-04-30,86237,3,30.14,2.14,,
105169,P,2000-06-24,134,5,53.84,4.59,,
105170,P,2002-02-22,64132,10,26.53,7.83,,
105171,P,2001-11-27,59344,6,65.99,7.74,,
105172,P,2001-01-07,50742,10,88.71,1.53,,
105173,P,2000-05-08,89525,6,25.32,6.58,,
105174,P,2001-12-22,52047,5,12.89,8.78,,
105175,P,2000-06-14,27648,3,95.03,1.39,,
105176,P,2001-11-06,79703,4,54.83,2.30,,
105177,P,2002-01-05,91467,5,34.05,2.92,,
105178,P,2002-07-20,83867,5,36.54,8.78,,
105179,P,2002-03-16,44914,10,21.86,5.99,,
105180,P,2001-12-26,37027,5,11.18,4.86,,
105181,P,2001-11-07,51727,6,34.12,3.09,,
105182,P,2002-06-08,48405,4,46.54,8.97,,
105183,P,2000-07-09,16659,3,96.57,6.24,,
105184,P,2002-09-04,67557,7,13.12,8.41,,
105185,P,2002-02-01,8894,8,23.03,3.54,,
105186,P,2001-02-04,75121,7,69.53,2.34,,
105187,P,2001-03-30,76129,6,80.44,1.31,,
105188,P,2000-06-06,88993,10,86.40,8.28,,
105189,P,2001-07-05,34702,10,29.52,3.32,,
105190,P,2000-11-03,19729,6,25.49,0.92,,
105191,P,2000-09-14,97240,9,76.19,0.73,,
105192,P,2002-04-12,24621,5,90.72,8.44,,
105193,P,2001-04-18,9128,7,39.23,6.82,,
105194,P,2000-10-04,20888,3,99.06,9.53,,
105195,P,2002-08-04,5429,8,72.10,6.01,,
105196,P,2001-08-06,60961,7,91.48,7.99,,
105197,P,2001-06-12,88028,10,70.67,3.77,,
105198,P,2000-12-02,82442,8,84.28,6.31,,
105199,P,2002-01-07,26072,2,98.13,1.79,,
105200,P,2002-07-31,32329,6,6.82,8.36,,
105201,P,2000-03-26,98770,4,35.38,5.11,,
105202,P,2000-10-01,62095,8,79.15,1.88,,
105203,P,2002-03-29,85322,6,48.68,2.33,,
105204,P,2000-12-17,58292,8,23.54,5.60,,
105205,P,2001-07-11,37506,10,53.27,2.95,,
105206,P,2002-04-05,60387,8,52.68,3.22,,
105207,P,2001-04-08,36327,4,87.62,7.33,,
105208,P,2000-06-09,90630,9,11.40,4.49,,
105209,P,2002-03-08,84469,4,16.76,0.11,,
105210,P,2001-06-25,92351,8,46.60,7.93,,
105211,P,2002-01-09,6680,1,89.99,2.79,,
105212,P,2001-08-25,96045,9,49.01,1.18,,
105213,P,2000-11-13,43466,8,47.34,8.61,,
105214,P,2001-09-22,99822,3,1.45,5.56,,
105215,P,2000-11-23,95618,9,8.09,1.30,,
105216,P,2000-06-21,81475,5,97.95,9.43,,
105217,P,2000-05-02,53110,7,67.90,9.15,,
105218,P,2002-09-26,95458,5,83.21,2.43,,
105219,P,2001-08-10,21995,6,30.93,3.81,,
105220,P,2000-09-17,64399,7,58.98,6.35,,
105221,P,2000-09-09,54230,4,67.73,1.04,,
105222,P,2000-05-14,81856,5,56.78,2.98,,
105223,P,2002-02-15,58791,5,17.63,7.56,,
105224,P,2000-06-20,60940,2,31.87,1.29,,
105225,P,2000-12-09,90986,7,66.15,7.29,,
105226,P,2000-10-18,26197,1,99.32,7.63,,
105227,P,2000-02-02,40459,8,61.84,0.58,,
105228,P,2002-03-30,20145,9,47.71,7.19,,
105229,P,2000-10-24,22413,5,44.49,3.43,,
105230,P,2000-11-29,13403,3,14.82,1.41,,
105231,P,2001-04-15,87055,1,59.69,0.53,,
105232,P,2001-09-07,44764,7,3.57,1.24,,
105233,P,2001-02-05,30412,7,86.36,8.11,,
105234,P,2002-03-26,54742,1,71.75,9.12,,
105235,P,2000-01-17,27901,9,93.60,9.20,,
105236,P,2002-04-16,73275,5,74.23,0.72,,
105237,P,2001-11-20,43967,7,21.95,4.21,,
105238,P,2000-08-02,6985,3,11.90,4.00,,
105239,P,2001-01-13,22761,8,9.06,5.35,,
105240,P,2002-02-14,53565,1,37.73,7.12,,
105241,P,2001-12-03,38810,2,75.10,3.00,,
105242,P,2000-02-14,72656,1,95.79,8.09,,
105243,P,2002-01-29,55547,8,71.88,6.93,,
105244,P,2001-09-16,40462,8,43.11,3.11,,
105245,P,2000-03-08,64859,3,74.37,6.74,,
105246,P,2001-09-05,91838,8,30.76,2.34,,
105247,P,2001-08-22,90025,5,68.07,3.70,,
105248,P,2002-09-08,44252,2,67.75,1.50,,
105249,P,2002-07-27,80851,10,17.50,6.28,,
105250,P,2000-03-18,5716,9,87.88,3.83,,
105251,P,2001-11-04,84621,6,89.24,1.29,,
105252,P,2000-07-07,80333,7,26.25,6.63,,
105253,P,2001-04-09,73565,6,47.09,8.31,,
105254,P,2002-09-08,37867,7,88.04,4.95,,
105255,P,2000-02-10,72878,10,93.13,6.98,,
105256,P,2001-12-11,37527,10,23.97,1.03,,
105257,P,2002-04-16,24923,10,55.16,8.67,,
105258,P,2001-09-19,10690,3,29.22,5.55,,
105259,P,2000-04-24,55277,9,54.73,2.62,,
105260,P,2000-07-12,82190,8,6.63,1.95,,
105261,P,2002-08-22,72603,8,46.30,7.57,,
105262,P,2000-03-03,95594,4,79.22,2.63,,
105263,P,2000-04-09,36097,8,6.30,6.77,,
105264,P,2002-01-17,31457,6,87.52,5.63,,
105265,P,2001-07-02,56247,10,21.80,8.12,,
105266,P,2000-01-24,7263,6,31.48,9.66,,
105267,P,2002-09-20,15055,9,32.94,8.13,,
105268,P,2001-02-02,10392,8,75.09,2.21,,
105269,P,2000-07-21,59720,8,94.93,8.95,,
105270,P,2001-05-28,74034,7,77.37,9.37,,
105271,P,2002-01-10,72727,2,0.59,0.83,,
105272,P,2001-11-22,59261,5,7.97,4.22,,
105273,P,2001-06-06,88553,5,69.49,2.35,,
105274,P,2001-02-06,17534,9,73.81,2.89,,
105275,P,2001-11-03,4898,5,28.45,9.14,,
105276,P,2001-04-13,1350,6,87.40,2.38,,
105277,P,2001-10-20,21712,9,67.47,6.83,,
105278,P,2000-02-01,89645,10,86.12,6.60,,
105279,P,2001-01-04,73134,3,37.04,4.63,,
105280,P,2001-11-13,16626,1,14.40,1.44,,
105281,P,2002-08-07,26244,2,62.79,4.96,,
105282,P,2002-02-01,31725,2,82.28,8.10,,
105283,P,2001-06-28,32861,9,24.32,0.71,,
105284,P,2001-09-07,17715,2,16.25,1.83,,
105285,P,2000-07-25,74600,3,63.21,8.16,,
105286,P,2001-04-25,35129,6,35.66,4.05,,
105287,P,2001-06-16,94109,9,82.22,8.06,,
105288,P,2002-05-22,83847,8,85.72,7.89,,
105289,P,2000-09-05,30679,10,71.87,1.67,,
105290,P,2001-09-11,93867,4,96.01,7.99,,
105291,P,2000-09-23,20808,8,36.26,1.61,,
105292,P,2002-02-17,13125,9,63.35,3.22,,
105293,P,2001-08-05,2264,9,17.19,6.14,,
105294,P,2001-07-16,71080,2,7.53,1.45,,
105295,P,2000-10-12,52353,5,98.45,7.51,,
105296,P,2002-07-22,33837,7,95.66,0.57,,
105297,P,2002-04-16,70798,1,84.10,7.76,,
105298,P,2001-09-08,23735,10,43.81,6.58,,
105299,P,2001-07-02,10515,7,84.61,3.29,,
105300,P,2001-09-20,23307,9,15.60,6.86,,
105301,P,2001-10-15,5512,9,53.46,6.27,,
105302,P,2000-01-10,53923,9,73.92,5.22,,
105303,P,2001-09-10,80644,2,95.35,5.26,,
105304,P,2001-05-31,29261,6,80.26,3.70,,
105305,P,2001-06-03,10516,1,68.89,3.66,,
105306,P,2000-09-26,34135,8,12.64,1.50,,
105307,P,2000-03-26,81944,8,40.86,3.13,,
105308,P,2001-10-30,97878,2,10.22,6.43,,
105309,P,2000-06-14,35024,5,24.48,8.34,,
105310,P,2002-04-19,7783,8,92.19,0.90,,
105311,P,2000-10-10,90331,9,20.03,5.43,,
105312,P,2002-01-23,35329,8,93.37,7.16,,
105313,P,2001-09-01,67789,8,95.45,0.31,,
105314,P,2000-04-06,10499,1,48.39,4.99,,
105315,P,2001-08-09,63156,7,15.48,6.70,,
105316,P,2002-05-19,89568,1,39.17,8.05,,
105317,P,2000-11-06,74714,3,49.87,0.32,,
105318,P,2001-11-02,88692,7,31.07,7.39,,
105319,P,2002-01-02,46839,9,57.87,8.26,,
105320,P,2002-02-13,52765,5,69.69,5.40,,
105321,P,2001-09-20,50833,2,78.15,1.84,,
105322,P,2002-03-07,40309,2,77.86,4.24,,
105323,P,2000-08-04,52920,7,41.20,1.18,,
105324,P,2001-07-19,71317,5,56.17,7.99,,
105325,P,2000-12-14,9046,7,41.64,1.33,,
105326,P,2000-10-10,31251,8,33.80,0.99,,
105327,P,2002-06-11,15346,10,21.14,5.52,,
105328,P,2002-01-26,32712,5,90.32,1.70,,
105329,P,2000-11-16,180,5,32.58,5.36,,
105330,P,2000-04-24,62800,9,86.19,5.46,,
105331,P,2000-01-30,80216,2,92.74,7.60,,
105332,P,2000-08-23,61688,10,2.65,4.45,,
105333,P,2002-06-22,7626,6,67.71,5.61,,
105334,P,2001-11-21,15208,7,56.35,0.23,,
105335,P,2001-06-25,95824,7,91.21,7.09,,
105336,P,2001-01-13,94364,2,14.40,0.10,,
105337,P,2002-05-16,17188,1,43.49,1.19,,
105338,P,2002-08-13,95539,4,18.01,4.53,,
105339,P,2000-04-22,84135,2,38.05,2.98,,
105340,P,2002-02-14,24555,4,91.45,1.82,,
105341,P,2002-05-08,78333,3,22.99,0.62,,
105342,P,2002-03-05,95236,7,27.77,8.92,,
105343,P,2002-06-19,5256,8,24.93,1.69,,
105344,P,2000-02-06,13063,6,76.47,6.72,,
105345,P,2002-07-22,34353,5,72.36,1.42,,
105346,P,2000-06-15,12940,5,51.28,9.64,,
105347,P,2001-11-30,82323,10,84.97,2.92,,
105348,P,2001-09-26,51215,5,84.96,8.01,,
105349,P,2000-10-10,97663,2,33.10,1.64,,
105350,P,2001-10-21,50792,10,99.30,9.74,,
105351,P,2001-07-23,35410,10,82.43,7.02,,
105352,P,2000-01-15,79789,6,96.35,0.53,,
105353,P,2002-07-30,44371,3,51.79,7.64,,
105354,P,2000-04-26,80209,7,97.71,4.06,,
105355,P,2000-01-20,26836,10,18.24,6.48,,
105356,P,2000-02-20,70632,4,99.41,2.83,,
105357,P,2000-12-31,90445,9,16.74,0.41,,
105358,P,2000-07-09,385,10,77.45,6.34,,
105359,P,2001-09-08,77228,8,37.67,7.10,,
105360,P,2002-08-31,96935,6,29.10,4.42,,
105361,P,2001-09-22,61030,4,98.29,4.09,,
105362,P,2000-07-30,84896,1,55.92,8.03,,
105363,P,2001-10-26,71784,6,58.81,8.76,,
105364,P,2000-09-08,34670,2,90.93,8.91,,
105365,P,2000-03-23,55272,2,87.89,2.65,,
105366,P,2002-07-14,81864,5,94.89,5.98,,
105367,P,2002-02-20,19917,8,24.88,5.53,,
105368,P,2000-08-06,6533,7,74.10,7.52,,
105369,P,2002-08-08,94609,6,89.10,5.28,,
105370,P,2002-06-30,86629,7,41.27,4.12,,
105371,P,2001-06-07,54301,4,13.89,5.48,,
105372,P,2000-12-29,39141,1,57.01,5.55,,
105373,P,2001-04-12,27252,10,65.18,8.11,,
105374,P,2000-10-22,16584,9,98.41,8.49,,
105375,P,2001-07-21,50823,4,99.46,6.36,,
105376,P,2001-01-28,53003,8,64.87,5.92,,
105377,P,2002-03-01,55506,9,60.10,5.56,,
105378,P,2000-10-23,37196,5,43.97,9.91,,
105379,P,2001-12-16,47039,3,70.47,2.44,,
105380,P,2001-01-25,94838,8,92.34,3.76,,
105381,P,2001-07-04,30531,3,31.69,0.92,,
105382,P,2000-02-26,52400,3,74.44,7.66,,
105383,P,2002-09-08,86416,1,44.94,0.21,,
105384,P,2000-02-11,76431,4,42.10,8.42,,
105385,P,2002-04-01,35863,6,65.57,4.95,,
105386,P,2000-06-22,85246,5,19.03,6.25,,
105387,P,2001-06-18,28146,4,32.95,7.13,,
105388,P,2002-09-08,47562,9,30.70,7.54,,
105389,P,2002-07-29,66553,5,82.15,1.95,,
105390,P,2000-08-30,14396,9,40.87,7.46,,
105391,P,2000-12-25,77590,2,62.40,7.11,,
105392,P,2000-06-20,74701,5,78.81,1.14,,
105393,P,2002-07-30,79283,1,22.86,9.21,,
105394,P,2001-07-16,23674,7,78.12,3.36,,
105395,P,2002-01-13,97593,2,25.06,8.89,,
105396,P,2000-03-07,92498,4,40.93,5.92,,
105397,P,2002-02-13,13574,6,22.63,0.67,,
105398,P,2002-01-16,77679,7,38.62,0.12,,
105399,P,2000-12-24,11781,6,1.01,2.07,,
105400,P,2002-06-30,1396,9,39.06,2.38,,
105401,P,2001-07-06,58343,4,50.32,5.60,,
105402,P,2002-02-24,47538,8,7.28,3.29,,
105403,P,2001-07-15,11065,4,89.18,7.23,,
105404,P,2002-05-04,32297,9,72.38,2.09,,
105405,P,2001-10-11,41354,8,20.71,1.79,,
105406,P,2001-03-16,36835,10,52.93,2.18,,
105407,P,2001-07-25,50653,9,35.75,1.84,,
105408,P,2002-02-21,74010,6,70.89,3.82,,
105409,P,2000-05-31,97558,10,47.77,4.41,,
105410,P,2002-01-02,77747,7,65.55,6.78,,
105411,P,2001-06-08,57745,9,9.07,3.38,,
105412,P,2001-04-04,73434,9,92.28,9.31,,
105413,P,2002-02-10,27197,5,44.37,6.35,,
105414,P,2001-07-25,64626,9,30.89,4.14,,
105415,P,2001-05-14,12622,2,59.43,1.34,,
105416,P,2002-01-25,78931,5,54.69,0.50,,
105417,P,2000-04-02,44524,10,29.28,0.73,,
105418,P,2002-07-01,95476,1,59.08,4.97,,
105419,P,2001-08-05,88225,10,63.13,5.48,,
105420,P,2002-09-21,97237,8,25.74,0.55,,
105421,P,2001-08-12,91647,3,54.88,7.87,,
105422,P,2001-12-06,41462,9,98.11,5.32,,
105423,P,2000-10-12,19000,7,69.94,7.09,,
105424,P,2001-04-16,5027,9,74.94,6.79,,
105425,P,2002-02-18,35653,9,55.47,1.37,,
105426,P,2000-06-16,21553,4,67.99,8.85,,
105427,P,2001-08-22,74861,10,54.13,6.13,,
105428,P,2000-08-25,81342,3,91.92,8.93,,
105429,P,2000-03-04,61739,2,88.84,7.67,,
105430,P,2001-10-01,59293,4,79.20,1.70,,
105431,P,2001-10-10,83852,1,44.95,7.70,,
105432,P,2002-02-03,11229,1,53.43,8.16,,
105433,P,2000-02-04,47383,10,3.34,5.13,,
105434,P,2002-05-01,51967,8,89.10,9.29,,
105435,P,2000-12-05,47228,10,69.42,1.58,,
105436,P,2001-09-10,14609,7,98.23,7.17,,
105437,P,2002-02-02,15322,10,29.22,8.90,,
105438,P,2002-07-16,73705,10,88.50,6.40,,
105439,P,2002-02-10,71941,7,61.45,7.54,,
105440,P,2002-09-27,32334,5,11.10,1.79,,
105441,P,2000-09-11,44752,9,81.39,7.71,,
105442,P,2001-05-30,72548,3,50.96,6.97,,
105443,P,2000-12-24,57790,3,22.74,6.34,,
105444,P,2000-04-29,24836,2,93.84,4.38,,
105445,P,2001-08-27,48150,7,98.63,2.90,,
105446,P,2000-03-05,11181,9,71.90,0.51,,
105447,P,2001-03-23,14561,6,17.47,9.71,,
105448,P,2000-10-17,50713,8,93.60,7.14,,
105449,P,2002-06-13,83290,7,51.47,1.18,,
105450,P,2000-06-29,6317,2,15.34,7.07,,
105451,P,2001-08-24,22738,5,59.85,2.03,,
105452,P,2000-05-30,34282,9,42.62,5.58,,
105453,P,2001-04-08,44698,8,8.85,1.83,,
105454,P,2002-09-09,96112,9,49.75,2.71,,
105455,P,2001-11-28,96404,5,4.32,5.38,,
105456,P,2001-04-07,31143,2,70.68,7.13,,
105457,P,2002-07-08,60883,10,40.12,4.64,,
105458,P,2000-03-07,11640,3,71.64,5.46,,
105459,P,2001-03-18,33688,6,17.04,1.23,,
105460,P,2002-02-20,6313,8,98.29,1.03,,
105461,P,2000-03-11,90644,6,17.15,2.15,,
105462,P,2000-12-19,40437,10,72.01,2.84,,
105463,P,2001-11-02,60734,8,6.13,0.32,,
105464,P,2000-05-16,25819,9,71.48,4.89,,
105465,P,2002-09-05,55751,1,83.75,3.59,,
105466,P,2002-08-21,93611,9,87.60,5.01,,
105467,P,2001-11-19,32028,4,40.95,4.29,,
105468,P,2000-03-01,93126,8,26.29,5.89,,
105469,P,2000-12-06,65539,6,80.09,8.57,,
105470,P,2000-10-04,5462,2,44.81,4.80,,
105471,P,2002-04-27,43096,3,93.94,9.23,,
105472,P,2000-08-22,83755,7,59.44,2.06,,
105473,P,2000-01-14,84311,10,28.11,4.07,,
105474,P,2001-06-08,80234,2,52.68,0.02,,
105475,P,2002-07-15,5820,5,87.67,2.26,,
105476,P,2000-06-15,69292,9,98.79,6.33,,
105477,P,2001-06-03,82693,5,26.87,0.96,,
105478,P,2000-11-01,91910,5,84.45,2.96,,
105479,P,2000-06-19,74738,10,21.38,8.68,,
105480,P,2001-06-15,28191,9,91.06,3.18,,
105481,P,2001-09-18,94136,2,64.89,1.30,,
105482,P,2001-12-18,26041,8,58.75,9.85,,
105483,P,2000-03-30,37522,3,57.95,3.40,,
105484,P,2002-07-23,778,6,36.26,1.05,,
105485,P,2001-09-09,19808,6,95.48,5.09,,
105486,P,2001-02-28,66051,7,59.50,2.40,,
105487,P,2002-01-25,30707,9,67.26,9.71,,
105488,P,2002-04-26,91453,3,76.15,8.70,,
105489,P,2001-05-17,90291,5,49.74,1.33,,
105490,P,2000-12-15,96399,1,57.65,9.20,,
105491,P,2002-04-22,37314,3,8.04,8.81,,
105492,P,2001-05-13,38852,9,87.98,6.46,,
105493,P,2002-08-24,89142,2,29.17,6.55,,
105494,P,2001-02-26,74679,10,56.09,5.75,,
105495,P,2001-11-04,8299,6,48.71,6.01,,
105496,P,2001-11-22,5346,3,91.29,5.87,,
105497,P,2002-03-05,85241,6,85.36,8.80,,
105498,P,2001-01-06,85564,7,12.81,1.36,,
105499,P,2001-11-08,21158,2,45.46,2.05,,
105500,P,2002-08-30,13817,2,48.97,0.04,,
105501,P,2000-06-24,85727,2,93.49,1.99,,
105502,P,2000-03-15,20638,10,13.40,9.23,,
105503,P,2001-02-22,31870,10,97.45,7.29,,
105504,P,2001-04-20,98943,7,65.01,7.85,,
105505,P,2001-06-26,3554,4,93.95,9.05,,
105506,P,2000-11-21,53019,8,51.14,2.33,,
105507,P,2001-03-23,14052,2,48.03,0.94,,
105508,P,2001-11-28,42672,7,44.61,2.40,,
105509,P,2002-01-14,16420,2,63.70,6.99,,
105510,P,2001-05-18,78638,2,21.07,8.98,,
105511,P,2000-01-22,68976,3,8.16,3.39,,
105512,P,2000-01-22,5504,5,51.41,4.11,,
105513,P,2000-10-31,12006,8,38.42,3.58,,
105514,P,2000-12-03,20319,6,13.36,4.12,,
105515,P,2001-07-07,91861,10,22.62,1.63,,
105516,P,2002-02-26,20918,2,29.77,1.31,,
105517,P,2000-06-27,10235,1,13.02,9.63,,
105518,P,2002-05-26,92561,9,27.33,2.25,,
105519,P,2002-04-09,83229,6,37.57,2.88,,
105520,P,2000-09-18,92683,10,54.89,2.00,,
105521,P,2001-04-06,75128,5,73.66,0.12,,
105522,P,2002-09-27,98156,1,29.60,1.51,,
105523,P,2001-03-17,44114,7,35.94,8.24,,
105524,P,2000-10-18,69510,3,95.35,5.82,,
105525,P,2002-02-10,92002,8,84.28,3.44,,
105526,P,2002-03-09,60353,10,62.80,5.68,,
105527,P,2000-01-29,84079,5,52.60,7.77,,
105528,P,2002-07-12,96505,3,77.47,0.63,,
105529,P,2000-06-25,89756,6,67.72,8.71,,
105530,P,2002-01-04,14301,8,31.64,0.81,,
105531,P,2002-04-10,91054,3,26.90,6.90,,
105532,P,2001-12-29,31142,8,72.52,9.34,,
105533,P,2000-04-18,34507,3,42.04,0.81,,
105534,P,2000-12-03,65593,1,89.21,3.61,,
105535,P,2002-05-12,86853,10,1.06,0.17,,
105536,P,2000-10-18,76138,9,50.95,4.94,,
105537,P,2002-06-19,21295,1,26.16,5.47,,
105538,P,2001-03-19,16157,1,11.70,8.62,,
105539,P,2000-01-29,37523,3,74.92,5.01,,
105540,P,2000-02-13,88323,8,69.42,7.41,,
105541,P,2000-05-07,82699,9,63.02,0.76,,
105542,P,2002-08-06,74725,10,46.40,8.02,,
105543,P,2002-04-25,91088,3,21.63,3.28,,
105544,P,2001-08-28,28760,3,36.19,6.10,,
105545,P,2002-04-09,95999,10,8.31,2.55,,
105546,P,2002-08-11,64712,5,6.47,9.61,,
105547,P,2001-03-28,80280,3,20.28,0.34,,
105548,P,2001-06-15,23110,9,92.01,6.09,,
105549,P,2000-04-15,91440,1,69.97,8.79,,
105550,P,2000-12-20,35634,9,18.87,5.60,,
105551,P,2001-01-08,80984,10,51.48,8.65,,
105552,P,2001-06-20,93800,9,18.55,4.02,,
105553,P,2002-06-14,9074,3,76.15,5.76,,
105554,P,2002-04-10,45335,4,33.89,0.57,,
105555,P,2002-05-08,6589,1,87.72,2.45,,
105556,P,2001-11-24,2308,6,0.21,2.44,,
105557,P,2001-10-18,16927,5,70.55,6.65,,
105558,P,2001-03-30,16029,9,50.25,8.44,,
105559,P,2000-06-19,18167,6,28.02,0.72,,
105560,P,2001-12-31,64453,9,46.61,9.05,,
105561,P,2001-10-15,74809,4,91.23,7.61,,
105562,P,2001-02-13,44455,8,42.94,5.33,,
105563,P,2000-01-14,53658,9,36.14,0.81,,
105564,P,2001-04-20,7089,8,17.95,3.99,,
105565,P,2001-01-10,72858,9,33.91,9.02,,
105566,P,2000-12-24,21552,7,69.62,9.38,,
105567,P,2000-01-17,58524,10,76.34,2.36,,
105568,P,2000-05-01,62232,8,1.13,3.87,,
105569,P,2000-07-22,53444,2,62.85,2.63,,
105570,P,2000-01-22,55793,3,29.24,8.46,,
105571,P,2000-11-13,53085,9,92.77,7.18,,
105572,P,2002-05-28,9154,8,81.45,5.65,,
105573,P,2000-08-19,4298,2,46.26,8.11,,
105574,P,2000-01-15,68976,7,31.23,6.07,,
105575,P,2000-07-11,70267,1,99.98,6.09,,
105576,P,2000-09-17,39396,6,60.87,8.78,,
105577,P,2001-09-04,12892,9,44.98,8.02,,
105578,P,2002-07-26,35114,5,43.83,1.95,,
105579,P,2000-07-22,6702,5,75.65,0.07,,
105580,P,2001-02-19,99369,4,58.01,9.02,,
105581,P,2000-11-02,12412,7,30.27,0.15,,
105582,P,2001-02-02,20934,5,60.27,1.27,,
105583,P,2002-07-28,77638,5,96.13,8.45,,
105584,P,2001-04-10,21237,2,44.14,3.01,,
105585,P,2002-07-09,81022,4,47.52,0.28,,
105586,P,2001-04-19,19848,2,23.71,1.33,,
105587,P,2002-09-21,95055,6,87.96,6.73,,
105588,P,2002-06-28,97987,1,86.20,8.87,,
105589,P,2002-06-04,52008,10,29.18,8.66,,
105590,P,2001-12-24,94485,8,82.49,5.66,,
105591,P,2000-07-21,86589,1,93.13,6.52,,
105592,P,2001-05-26,65082,10,25.76,1.43,,
105593,P,2002-04-09,63173,10,72.92,9.32,,
105594,P,2000-05-05,23033,3,99.25,9.81,,
105595,P,2001-10-13,91412,10,48.30,5.03,,
105596,P,2001-07-14,64508,10,20.26,5.52,,
105597,P,2000-03-04,20187,6,0.86,5.46,,
105598,P,2002-09-23,43841,4,70.30,4.44,,
105599,P,2000-10-04,2830,8,7.54,4.67,,
105600,P,2000-07-12,39537,4,37.43,2.54,,
105601,P,2001-07-09,44066,6,1.23,2.19,,
105602,P,2000-11-12,29515,5,69.76,3.13,,
105603,P,2001-03-06,73940,2,29.18,2.25,,
105604,P,2000-12-11,84372,8,52.49,6.04,,
105605,P,2000-10-19,92106,8,7.13,0.42,,
105606,P,2002-06-06,45599,6,83.04,3.01,,
105607,P,2001-03-23,55053,9,91.56,9.48,,
105608,P,2002-09-15,79404,5,2.90,9.15,,
105609,P,2002-07-09,97356,9,82.74,5.28,,
105610,P,2001-09-23,24862,7,44.21,1.45,,
105611,P,2001-04-12,37813,8,41.55,5.67,,
105612,P,2000-04-20,81089,3,86.03,0.02,,
105613,P,2000-01-10,51480,6,42.92,2.97,,
105614,P,2000-07-05,78618,4,49.44,8.62,,
105615,P,2002-03-11,84568,6,44.31,9.36,,
105616,P,2001-04-04,74712,7,65.61,5.36,,
105617,P,2001-07-10,64875,6,43.22,0.17,,
105618,P,2001-09-01,66027,2,47.48,4.79,,
105619,P,2001-07-15,65510,6,48.72,9.50,,
105620,P,2001-06-13,4244,2,34.42,3.97,,
105621,P,2002-07-10,96861,9,65.86,2.16,,
105622,P,2000-10-05,64827,7,48.54,5.99,,
105623,P,2001-08-15,55193,9,44.11,6.08,,
105624,P,2002-02-18,39814,10,41.05,2.98,,
105625,P,2001-02-13,55896,7,90.06,5.89,,
105626,P,2001-11-01,98127,1,6.66,7.93,,
105627,P,2001-05-25,17855,4,16.10,9.85,,
105628,P,2002-06-20,79500,5,13.14,4.55,,
105629,P,2001-01-23,10066,7,77.18,8.68,,
105630,P,2002-04-17,87023,9,59.47,4.37,,
105631,P,2002-02-19,69042,8,5.10,5.78,,
105632,P,2001-06-03,22873,6,90.64,2.76,,
105633,P,2000-03-19,38758,8,34.54,5.18,,
105634,P,2001-03-15,86888,9,1.20,8.45,,
105635,P,2000-03-09,51409,1,94.58,4.17,,
105636,P,2001-05-11,13105,1,45.98,3.19,,
105637,P,2002-07-19,31324,4,70.22,1.97,,
105638,P,2001-10-03,70843,9,8.15,2.14,,
105639,P,2000-05-27,19655,1,60.63,0.34,,
105640,P,2001-10-17,8876,3,21.68,3.47,,
105641,P,2000-02-06,15929,8,8.49,1.25,,
105642,P,2002-02-21,79337,7,29.19,4.35,,
105643,P,2002-05-07,74140,2,62.48,6.28,,
105644,P,2001-05-12,22291,7,6.71,2.23,,
105645,P,2002-08-04,19230,1,76.03,4.40,,
105646,P,2000-10-29,11377,3,13.99,1.03,,
105647,P,2002-09-13,75223,7,26.40,8.84,,
105648,P,2000-02-27,82393,9,30.35,0.77,,
105649,P,2002-04-21,25465,9,17.96,1.83,,
105650,P,2000-01-05,71896,5,83.13,9.77,,
105651,P,2002-03-14,97091,8,13.82,2.24,,
105652,P,2000-10-11,31899,7,72.77,3.93,,
105653,P,2001-06-16,26154,4,44.62,8.09,,
105654,P,2001-07-26,30882,1,76.49,8.68,,
105655,P,2002-07-10,49519,4,97.30,0.99,,
105656,P,2002-06-03,87413,5,15.56,8.52,,
105657,P,2000-12-13,42938,9,24.11,5.40,,
105658,P,2002-09-19,21718,5,86.84,3.42,,
105659,P,2000-01-13,56719,8,82.74,6.80,,
105660,P,2000-04-22,21118,1,56.01,5.19,,
105661,P,2002-06-14,65596,7,50.03,2.34,,
105662,P,2001-11-17,75323,6,86.09,3.87,,
105663,P,2002-01-19,95536,2,43.80,4.63,,
105664,P,2000-05-19,39770,3,98.41,7.31,,
105665,P,2000-09-26,79498,3,90.33,6.61,,
105666,P,2000-09-28,97215,3,17.99,9.69,,
105667,P,2000-05-06,15647,7,42.39,5.83,,
105668,P,2001-02-08,39074,6,46.62,8.44,,
105669,P,2000-03-24,58087,4,13.26,7.06,,
105670,P,2001-04-11,50166,4,99.22,9.55,,
105671,P,2001-01-26,21241,9,8.46,3.97,,
105672,P,2001-08-04,92086,10,48.56,6.64,,
105673,P,2002-07-21,7822,4,88.43,4.26,,
105674,P,2002-03-07,57478,7,21.99,8.67,,
105675,P,2000-10-17,32644,7,26.33,9.59,,
105676,P,2001-07-16,95627,6,46.04,1.46,,
105677,P,2001-01-27,8545,3,0.61,7.38,,
105678,P,2001-06-25,56973,6,59.37,6.53,,
105679,P,2000-05-06,83348,6,82.29,8.05,,
105680,P,2002-05-09,62596,8,58.90,8.71,,
105681,P,2002-03-25,1128,2,50.37,6.01,,
105682,P,2000-12-06,96872,2,30.59,7.87,,
105683,P,2001-01-24,73324,1,8.08,6.28,,
105684,P,2001-08-07,45042,8,51.42,8.65,,
105685,P,2000-07-18,69236,9,66.80,4.79,,
105686,P,2002-08-26,14425,2,24.93,4.10,,
105687,P,2001-07-10,78844,1,29.99,4.84,,
105688,P,2000-02-01,41165,2,94.09,4.26,,
105689,P,2001-06-06,75638,1,41.02,5.32,,
105690,P,2002-09-15,39672,4,43.86,3.27,,
105691,P,2002-09-14,99949,2,57.68,9.36,,
105692,P,2001-03-02,90536,1,56.79,8.57,,
105693,P,2002-06-08,3899,3,19.14,0.70,,
105694,P,2001-05-03,72033,10,5.35,1.93,,
105695,P,2002-05-30,49609,5,77.58,4.65,,
105696,P,2001-08-19,4494,8,81.51,8.31,,
105697,P,2001-11-01,85376,3,70.48,1.70,,
105698,P,2001-05-23,82719,2,91.88,4.31,,
105699,P,2002-01-27,7283,6,42.34,9.35,,
105700,P,2000-08-10,33538,8,23.02,4.11,,
105701,P,2001-04-11,78111,4,52.74,0.20,,
105702,P,2002-01-25,22944,5,45.82,5.16,,
105703,P,2000-04-13,73770,4,82.86,5.98,,
105704,P,2002-08-31,46254,5,83.33,6.57,,
105705,P,2000-02-23,65646,6,62.40,6.58,,
105706,P,2001-06-15,27792,10,35.47,5.73,,
105707,P,2002-05-13,27843,1,93.45,9.95,,
105708,P,2002-02-17,3943,2,91.36,9.90,,
105709,P,2000-07-16,36622,7,47.87,2.32,,
105710,P,2001-10-06,13945,8,21.60,5.63,,
105711,P,2002-02-26,12122,8,16.76,0.18,,
105712,P,2001-06-26,22351,1,72.79,7.12,,
105713,P,2002-06-14,76754,5,79.15,3.19,,
105714,P,2001-08-28,63645,9,52.49,8.79,,
105715,P,2001-05-18,29123,4,95.54,1.69,,
105716,P,2001-01-03,23178,1,80.51,5.13,,
105717,P,2000-09-21,76336,8,72.53,8.97,,
105718,P,2002-08-06,58509,10,49.09,5.13,,
105719,P,2001-07-03,81147,7,3.87,9.38,,
105720,P,2000-06-05,47393,10,30.70,6.40,,
105721,P,2002-04-29,8398,4,24.50,7.04,,
105722,P,2002-09-21,21760,6,18.52,3.07,,
105723,P,2000-04-14,92520,5,0.76,4.05,,
105724,P,2000-09-28,76335,10,47.65,1.21,,
105725,P,2001-04-28,91358,1,62.60,5.57,,
105726,P,2002-05-03,97563,5,16.63,7.69,,
105727,P,2001-01-31,45067,2,39.35,2.06,,
105728,P,2002-06-25,9138,3,74.28,9.01,,
105729,P,2001-03-18,4702,10,25.02,8.97,,
105730,P,2000-03-05,10794,1,3.94,3.04,,
105731,P,2002-09-20,54963,10,29.86,8.76,,
105732,P,2001-11-28,18923,9,74.57,5.87,,
105733,P,2000-11-25,21939,4,83.24,1.39,,
105734,P,2001-05-04,69700,9,63.09,5.94,,
105735,P,2002-08-14,27768,9,30.88,2.80,,
105736,P,2002-08-05,32149,5,65.24,8.09,,
105737,P,2000-02-05,11264,9,10.44,0.14,,
105738,P,2001-10-04,86723,10,42.96,9.06,,
105739,P,2001-12-24,90632,6,60.25,0.04,,
105740,P,2002-05-14,5875,7,18.50,2.31,,
105741,P,2001-11-07,7048,7,24.90,2.43,,
105742,P,2002-06-20,57747,7,35.27,8.35,,
105743,P,2001-02-06,5640,6,64.54,3.80,,
105744,P,2002-08-25,87028,7,53.83,0.33,,
105745,P,2002-09-10,62401,4,85.13,3.54,,
105746,P,2000-04-19,62893,8,84.75,5.33,,
105747,P,2000-01-27,76890,5,80.21,7.72,,
105748,P,2000-07-23,34441,5,74.78,5.55,,
105749,P,2000-04-10,17946,2,7.56,9.95,,
105750,P,2001-03-05,34793,7,99.44,6.17,,
105751,P,2002-02-24,95529,8,41.51,3.40,,
105752,P,2000-12-08,60568,9,46.47,7.91,,
105753,P,2001-10-24,25928,9,3.33,8.72,,
105754,P,2001-01-03,57255,7,58.97,4.14,,
105755,P,2001-05-06,72591,2,75.42,7.57,,
105756,P,2000-09-30,62673,2,10.94,4.10,,
105757,P,2001-09-23,3589,6,62.47,1.72,,
105758,P,2000-04-07,20304,1,11.58,7.43,,
105759,P,2001-08-31,54384,5,29.90,5.73,,
105760,P,2002-06-25,79092,1,30.15,9.59,,
105761,P,2002-08-09,77991,8,82.30,3.12,,
105762,P,2000-09-19,25012,6,1.35,9.66,,
105763,P,2001-09-19,75005,10,89.24,7.00,,
105764,P,2001-06-18,74928,5,57.83,1.86,,
105765,P,2000-10-28,88722,10,96.17,8.49,,
105766,P,2000-07-29,84232,10,16.69,8.93,,
105767,P,2000-11-14,28602,5,18.05,4.01,,
105768,P,2000-07-18,33711,5,84.36,9.65,,
105769,P,2001-09-14,29325,7,18.32,9.41,,
105770,P,2002-03-13,76194,9,0.01,8.22,,
105771,P,2001-02-02,98568,2,60.71,2.34,,
105772,P,2001-07-27,64683,4,35.06,7.01,,
105773,P,2001-06-03,561,4,98.50,4.19,,
105774,P,2000-10-30,24887,3,86.47,7.03,,
105775,P,2001-08-04,35204,5,3.07,6.12,,
105776,P,2001-08-01,60252,2,22.61,9.36,,
105777,P,2001-05-11,1173,10,69.85,4.67,,
105778,P,2000-08-23,2878,6,99.86,2.98,,
105779,P,2002-04-07,41675,5,47.70,3.82,,
105780,P,2000-08-16,51596,9,14.20,0.04,,
105781,P,2001-10-14,37745,8,44.51,6.24,,
105782,P,2000-09-28,9412,5,81.41,5.08,,
105783,P,2002-05-28,85059,2,1.88,0.02,,
105784,P,2000-11-06,58888,8,96.11,6.19,,
105785,P,2002-07-16,94734,9,26.04,2.51,,
105786,P,2001-08-07,47257,9,12.17,6.71,,
105787,P,2001-09-25,33770,1,29.05,5.99,,
105788,P,2000-10-05,58788,2,14.65,8.09,,
105789,P,2000-05-23,12812,6,6.38,2.83,,
105790,P,2001-10-13,53575,4,60.61,2.10,,
105791,P,2001-03-26,93193,1,66.73,9.38,,
105792,P,2000-07-01,48782,8,16.57,8.14,,
105793,P,2000-05-18,63216,7,82.20,1.60,,
105794,P,2001-06-16,43746,3,12.77,6.51,,
105795,P,2001-12-12,66903,1,14.41,8.27,,
105796,P,2001-09-13,98385,10,56.34,0.01,,
105797,P,2000-12-26,64712,5,72.82,5.71,,
105798,P,2001-08-08,31146,2,99.26,3.25,,
105799,P,2002-09-05,86482,7,48.44,7.76,,
105800,P,2000-03-10,48514,5,57.04,3.78,,
105801,P,2000-07-08,50915,2,78.77,7.68,,
105802,P,2000-07-15,53784,5,39.85,9.18,,
105803,P,2001-07-29,9986,8,15.06,7.55,,
105804,P,2001-07-29,41079,6,7.10,6.98,,
105805,P,2000-05-25,47132,7,26.52,8.80,,
105806,P,2000-04-25,67754,8,88.53,8.58,,
105807,P,2001-06-25,63077,6,67.24,0.33,,
105808,P,2000-03-07,98174,5,65.15,2.06,,
105809,P,2001-12-29,39591,4,11.35,4.54,,
105810,P,2000-01-20,53390,8,2.07,4.55,,
105811,P,2001-08-19,20080,7,31.61,0.03,,
105812,P,2002-01-11,19504,5,79.81,5.67,,
105813,P,2001-05-31,76407,6,7.55,2.49,,
105814,P,2002-04-16,2116,9,38.64,7.66,,
105815,P,2000-06-03,35171,5,98.33,2.02,,
105816,P,2002-05-29,86600,5,42.16,9.59,,
105817,P,2001-06-03,86148,5,10.51,2.69,,
105818,P,2001-03-18,57491,10,95.50,4.30,,
105819,P,2000-06-19,69829,4,15.64,8.65,,
105820,P,2001-07-20,42171,10,8.19,9.76,,
105821,P,2000-02-17,27372,10,30.48,5.16,,
105822,P,2000-12-25,10682,2,57.35,5.23,,
105823,P,2001-10-20,36403,6,28.54,3.18,,
105824,P,2002-07-21,16174,5,20.99,3.48,,
105825,P,2000-11-06,18888,8,89.83,1.65,,
105826,P,2002-03-06,39391,9,61.06,6.65,,
105827,P,2000-02-21,72776,2,74.67,9.77,,
105828,P,2002-03-19,43743,7,91.37,9.58,,
105829,P,2001-04-12,63213,7,75.15,3.19,,
105830,P,2001-02-17,69631,3,10.92,5.30,,
105831,P,2000-09-15,25491,4,58.91,5.12,,
105832,P,2001-03-17,6015,3,46.36,4.91,,
105833,P,2001-04-04,77391,10,56.57,8.67,,
105834,P,2001-09-18,63228,1,52.47,1.76,,
105835,P,2000-05-10,61516,8,91.76,3.22,,
105836,P,2000-11-22,43126,7,37.51,4.32,,
105837,P,2001-09-03,25962,5,12.68,5.77,,
105838,P,2002-03-24,93654,8,72.82,5.12,,
105839,P,2001-12-27,2955,3,41.16,4.64,,
105840,P,2000-03-18,80829,3,33.75,3.00,,
105841,P,2001-06-18,34208,2,39.19,8.23,,
105842,P,2001-05-07,20898,5,29.51,0.98,,
105843,P,2002-01-19,33428,9,89.04,0.18,,
105844,P,2002-04-06,16214,4,18.59,1.84,,
105845,P,2001-10-05,83457,5,56.90,3.19,,
105846,P,2000-03-28,8518,5,7.57,1.37,,
105847,P,2002-03-23,4498,4,1.89,1.90,,
105848,P,2000-01-28,66795,8,94.33,1.48,,
105849,P,2000-08-18,85090,3,63.12,5.17,,
105850,P,2002-08-23,52784,1,0.22,9.81,,
105851,P,2001-08-07,12235,8,43.82,3.24,,
105852,P,2001-11-21,95996,8,93.18,0.44,,
105853,P,2000-01-27,18421,4,11.40,9.06,,
105854,P,2000-10-22,74358,4,92.66,7.76,,
105855,P,2002-05-25,36640,3,53.04,1.20,,
105856,P,2001-01-11,21619,9,88.38,4.48,,
105857,P,2002-09-23,35767,1,60.26,4.74,,
105858,P,2002-04-22,83757,7,26.64,2.55,,
105859,P,2001-05-01,40749,4,21.86,5.95,,
105860,P,2002-04-23,81830,2,53.33,8.25,,
105861,P,2001-08-18,7842,7,52.64,2.12,,
105862,P,2001-03-06,47188,3,1.47,7.53,,
105863,P,2002-08-03,97187,7,79.85,4.96,,
105864,P,2001-07-27,13242,3,72.38,4.70,,
105865,P,2000-02-28,3361,1,73.47,5.62,,
105866,P,2001-12-02,46552,2,9.10,2.63,,
105867,P,2001-06-23,25985,9,87.74,9.42,,
105868,P,2000-11-16,12561,4,58.85,0.49,,
105869,P,2002-03-07,62879,4,70.14,3.57,,
105870,P,2001-12-29,26262,4,46.58,7.63,,
105871,P,2001-07-09,94028,3,95.62,1.76,,
105872,P,2001-09-08,68886,2,55.28,3.06,,
105873,P,2000-11-12,63639,2,87.26,9.48,,
105874,P,2001-10-09,11543,9,88.39,6.32,,
105875,P,2001-11-02,40557,2,95.82,8.35,,
105876,P,2001-03-15,53670,6,48.65,4.53,,
105877,P,2002-03-18,41203,2,3.90,6.71,,
105878,P,2002-09-11,30194,6,41.04,5.55,,
105879,P,2001-06-22,92940,6,46.63,1.64,,
105880,P,2001-11-07,67793,6,93.57,3.90,,
105881,P,2001-09-03,88164,7,87.09,7.18,,
105882,P,2001-09-15,51889,5,94.50,3.98,,
105883,P,2001-06-13,74678,6,89.55,7.25,,
105884,P,2001-01-15,33366,4,92.57,4.77,,
105885,P,2002-03-19,67419,4,63.60,6.94,,
105886,P,2002-02-03,16670,1,99.11,8.63,,
105887,P,2000-12-19,89802,3,60.95,4.22,,
105888,P,2002-01-21,77985,4,26.06,2.80,,
105889,P,2001-06-15,68971,1,0.77,9.35,,
105890,P,2000-05-22,3712,5,89.95,1.37,,
105891,P,2002-03-23,40422,2,56.76,4.42,,
105892,P,2002-07-07,48899,8,32.95,3.58,,
105893,P,2001-06-02,88389,1,3.80,4.27,,
105894,P,2001-10-31,32030,10,1.59,7.74,,
105895,P,2001-10-19,20700,4,62.51,7.29,,
105896,P,2000-04-19,39115,3,2.15,8.06,,
105897,P,2000-07-22,87555,5,46.73,3.84,,
105898,P,2000-08-09,69950,3,86.97,9.23,,
105899,P,2002-09-02,79894,7,31.29,7.34,,
105900,P,2002-01-26,6606,5,92.40,7.20,,
105901,P,2001-02-08,87769,4,61.97,0.95,,
105902,P,2000-04-12,26231,9,68.31,0.83,,
105903,P,2001-01-11,76522,1,30.50,8.26,,
105904,P,2002-03-27,30318,6,83.74,7.65,,
105905,P,2000-09-10,55295,6,6.06,7.65,,
105906,P,2002-05-25,80169,8,64.33,4.69,,
105907,P,2000-09-28,16402,4,24.51,4.59,,
105908,P,2000-02-23,23841,10,34.57,4.08,,
105909,P,2002-03-18,89869,2,46.06,2.69,,
105910,P,2002-08-31,59025,8,17.05,4.38,,
105911,P,2000-03-28,38721,3,24.37,2.80,,
105912,P,2001-03-22,67169,2,49.80,2.78,,
105913,P,2001-04-26,59593,2,39.97,1.33,,
105914,P,2001-02-25,40351,10,76.10,1.24,,
105915,P,2001-12-16,48835,2,94.70,1.82,,
105916,P,2001-09-12,10220,9,77.48,4.46,,
105917,P,2000-01-28,12925,2,67.64,2.02,,
105918,P,2000-09-17,80647,2,1.80,8.44,,
105919,P,2000-09-05,89088,2,98.67,1.81,,
105920,P,2000-08-05,94302,2,0.44,1.67,,
105921,P,2000-04-12,9964,8,81.41,5.32,,
105922,P,2000-03-02,53757,7,33.76,8.73,,
105923,P,2002-08-28,28044,6,90.34,8.18,,
105924,P,2000-09-05,22179,5,9.82,1.14,,
105925,P,2000-04-28,98200,9,37.73,9.77,,
105926,P,2000-06-07,98816,7,57.96,5.56,,
105927,P,2000-05-21,23326,5,45.68,5.37,,
105928,P,2000-05-09,84869,10,48.66,7.99,,
105929,P,2000-05-10,41510,4,15.57,5.96,,
105930,P,2001-10-01,53134,3,88.51,8.72,,
105931,P,2001-09-19,58728,1,99.26,2.79,,
105932,P,2001-04-15,38412,7,43.11,2.89,,
105933,P,2001-05-14,65751,3,21.65,5.19,,
105934,P,2000-12-05,7444,7,73.00,1.73,,
105935,P,2000-09-22,83565,7,37.74,0.63,,
105936,P,2001-03-08,21208,5,22.06,9.97,,
105937,P,2001-06-03,27933,9,92.69,1.88,,
105938,P,2000-02-01,72984,9,15.22,7.21,,
105939,P,2002-05-11,27639,5,49.22,1.74,,
105940,P,2001-01-09,86398,2,55.55,5.90,,
105941,P,2002-05-27,13302,8,36.27,4.85,,
105942,P,2001-12-08,39793,6,56.11,8.77,,
105943,P,2001-07-18,64221,2,87.35,1.56,,
105944,P,2000-07-15,26689,8,15.00,7.38,,
105945,P,2002-04-12,99292,10,94.30,9.74,,
105946,P,2001-01-30,12345,7,45.27,4.83,,
105947,P,2001-05-30,81693,8,52.05,1.10,,
105948,P,2002-09-24,78466,1,34.59,3.04,,
105949,P,2002-01-29,40014,6,14.78,1.58,,
105950,P,2000-09-28,85098,6,12.59,6.06,,
105951,P,2002-02-24,50400,2,48.27,5.13,,
105952,P,2001-04-06,12763,8,76.92,0.20,,
105953,P,2002-03-20,77234,1,89.48,4.65,,
105954,P,2002-01-26,85187,4,54.64,7.92,,
105955,P,2000-12-10,60762,4,20.21,9.24,,
105956,P,2001-05-27,80924,2,25.29,4.37,,
105957,P,2001-12-25,54677,6,73.85,8.71,,
105958,P,2000-04-18,85228,6,68.01,4.39,,
105959,P,2002-09-27,63122,5,12.75,4.08,,
105960,P,2001-05-18,38819,1,7.40,7.47,,
105961,P,2000-07-15,42996,8,66.48,1.41,,
105962,P,2000-04-28,97336,10,16.82,4.34,,
105963,P,2000-04-09,16284,9,25.64,7.29,,
105964,P,2002-02-24,14510,8,47.66,0.54,,
105965,P,2001-11-07,4738,8,27.91,1.30,,
105966,P,2000-05-03,11690,10,12.96,4.91,,
105967,P,2000-08-06,39543,3,82.07,0.16,,
105968,P,2000-08-29,69012,4,49.86,2.77,,
105969,P,2000-08-16,11296,2,86.70,9.84,,
105970,P,2000-12-15,9972,3,13.57,8.92,,
105971,P,2000-12-29,97185,10,79.12,8.04,,
105972,P,2001-12-16,92181,8,99.48,1.53,,
105973,P,2002-08-24,33260,8,83.68,2.40,,
105974,P,2001-02-23,88781,6,81.52,3.13,,
105975,P,2002-08-18,69524,1,51.00,8.25,,
105976,P,2000-04-16,44321,4,31.57,5.14,,
105977,P,2002-04-28,31352,3,39.82,6.26,,
105978,P,2001-11-24,83077,9,38.71,3.96,,
105979,P,2001-01-10,77430,2,61.78,1.64,,
105980,P,2000-10-29,80346,7,37.66,8.72,,
105981,P,2000-09-09,73098,4,12.69,3.82,,
105982,P,2001-11-08,19221,9,42.44,2.01,,
105983,P,2001-05-29,42866,3,69.88,7.29,,
105984,P,2000-02-15,13844,3,86.78,1.42,,
105985,P,2001-07-10,31983,3,93.38,0.27,,
105986,P,2002-01-26,19538,2,60.73,6.06,,
105987,P,2000-02-15,27188,8,47.40,6.46,,
105988,P,2000-06-11,24144,9,25.43,3.60,,
105989,P,2002-08-04,22117,8,70.74,1.82,,
105990,P,2001-11-05,42983,4,94.25,8.41,,
105991,P,2002-06-13,93684,9,19.68,5.15,,
105992,P,2001-08-01,69469,7,70.75,6.74,,
105993,P,2001-11-08,49294,4,28.58,0.57,,
105994,P,2000-07-17,80675,7,54.72,6.52,,
105995,P,2000-02-15,5373,2,42.39,7.78,,
105996,P,2000-07-14,1002,7,38.62,9.87,,
105997,P,2000-12-23,50660,6,61.03,5.29,,
105998,P,2000-08-04,53514,8,33.17,6.37,,
105999,P,2001-10-03,94250,5,6.48,4.73,,
106000,P,2001-04-30,36030,1,89.87,6.60,,
106001,P,2002-05-12,81429,10,4.56,5.92,,
106002,P,2001-08-19,82338,9,52.47,2.88,,
106003,P,2001-03-14,15033,5,1.22,8.61,,
106004,P,2000-03-18,86550,9,62.94,6.45,,
106005,P,2000-05-12,78866,6,63.54,7.60,,
106006,P,2002-01-21,60770,6,76.63,9.41,,
106007,P,2000-08-23,70136,6,57.96,0.24,,
106008,P,2001-03-19,41238,6,15.51,2.61,,
106009,P,2000-03-10,70385,5,75.39,4.34,,
106010,P,2002-02-12,62035,9,82.59,1.08,,
106011,P,2000-08-25,90539,8,58.72,2.33,,
106012,P,2002-03-03,13676,4,57.88,6.92,,
106013,P,2000-02-29,68961,6,32.58,6.59,,
106014,P,2001-01-05,54758,4,81.29,5.01,,
106015,P,2001-06-08,73497,2,29.92,1.65,,
106016,P,2000-09-08,94692,7,82.39,6.32,,
106017,P,2000-12-08,80941,10,18.64,1.80,,
106018,P,2002-03-11,79000,4,72.16,4.06,,
106019,P,2001-07-24,6452,4,39.41,2.26,,
106020,P,2001-05-27,29053,2,8.99,2.25,,
106021,P,2000-10-14,51091,9,79.37,5.78,,
106022,P,2002-07-07,7022,9,39.30,9.30,,
106023,P,2001-01-29,37574,7,27.12,2.01,,
106024,P,2001-03-26,1930,2,23.23,7.09,,
106025,P,2001-08-13,83024,9,77.90,9.28,,
106026,P,2001-04-23,80167,8,58.62,2.78,,
106027,P,2002-09-10,98638,3,99.53,2.47,,
106028,P,2000-02-16,80208,6,76.86,1.65,,
106029,P,2002-01-13,67543,1,89.18,4.80,,
106030,P,2001-08-23,28176,7,41.01,4.18,,
106031,P,2000-10-24,40556,8,34.35,7.21,,
106032,P,2000-07-11,92769,4,40.25,4.63,,
106033,P,2001-01-31,66841,7,51.78,9.52,,
106034,P,2000-01-25,35847,2,62.21,8.39,,
106035,P,2000-02-02,73531,2,48.29,5.91,,
106036,P,2001-12-09,51003,1,68.95,4.49,,
106037,P,2001-05-21,70345,8,95.51,6.43,,
106038,P,2000-11-24,31504,8,84.36,1.63,,
106039,P,2002-09-12,25515,10,22.96,9.13,,
106040,P,2002-02-01,76025,10,37.21,4.04,,
106041,P,2000-04-16,192,8,47.70,9.64,,
106042,P,2000-10-18,28801,6,19.94,6.15,,
106043,P,2001-06-04,80824,6,1.93,2.24,,
106044,P,2001-03-25,68671,7,74.78,1.59,,
106045,P,2001-03-24,84222,5,31.28,3.04,,
106046,P,2002-01-17,37674,4,1.70,1.59,,
106047,P,2001-09-21,24333,4,55.48,3.71,,
106048,P,2002-03-02,62697,5,95.87,3.30,,
106049,P,2001-08-12,65851,5,13.37,7.17,,
106050,P,2002-01-22,95149,10,86.20,1.43,,
106051,P,2002-07-30,78272,2,75.43,7.30,,
106052,P,2000-04-30,91934,3,39.81,0.72,,
106053,P,2000-01-25,86311,3,3.76,3.92,,
106054,P,2001-05-03,49271,10,90.81,6.35,,
106055,P,2000-11-18,41337,4,86.39,0.34,,
106056,P,2001-12-22,75885,1,60.55,1.04,,
106057,P,2000-09-11,68805,10,1.28,0.76,,
106058,P,2000-01-25,61375,3,83.42,7.94,,
106059,P,2000-04-30,3914,3,4.34,4.27,,
106060,P,2002-07-30,29903,1,91.76,9.90,,
106061,P,2001-03-10,41423,5,20.59,1.82,,
106062,P,2001-12-23,50252,9,34.95,2.60,,
106063,P,2001-02-25,2398,9,8.80,5.20,,
106064,P,2000-05-08,113,3,74.22,6.10,,
106065,P,2002-04-27,91478,4,67.43,5.29,,
106066,P,2000-10-28,71367,4,4.77,2.68,,
106067,P,2001-10-07,9144,1,25.13,6.49,,
106068,P,2000-02-03,31629,8,48.45,3.02,,
106069,P,2001-11-05,99600,1,52.35,6.08,,
106070,P,2002-02-12,67198,6,71.01,6.08,,
106071,P,2001-04-30,29679,10,45.91,7.42,,
106072,P,2002-07-27,5266,1,87.30,9.79,,
106073,P,2002-07-02,61609,9,35.35,2.87,,
106074,P,2000-07-01,75064,1,90.67,7.44,,
106075,P,2000-03-23,3208,9,43.55,6.90,,
106076,P,2001-08-05,87610,5,45.14,2.17,,
106077,P,2000-07-22,58625,2,99.92,3.99,,
106078,P,2002-05-29,76477,4,87.14,4.29,,
106079,P,2001-02-28,47306,5,97.73,3.34,,
106080,P,2000-10-19,36429,1,41.34,9.74,,
106081,P,2002-03-09,56964,9,98.36,0.62,,
106082,P,2000-04-13,92823,4,63.68,2.47,,
106083,P,2000-10-18,53813,4,84.40,6.36,,
106084,P,2002-04-03,33923,10,72.38,4.96,,
106085,P,2000-07-03,64210,8,59.70,0.29,,
106086,P,2001-05-17,12107,6,15.25,7.57,,
106087,P,2001-07-04,664,8,65.86,7.97,,
106088,P,2000-11-08,17652,3,96.86,0.39,,
106089,P,2002-06-06,85956,9,20.44,5.31,,
106090,P,2000-06-26,69202,5,41.11,0.11,,
106091,P,2000-12-15,24506,1,53.92,7.24,,
106092,P,2001-06-24,75092,9,96.62,9.38,,
106093,P,2000-08-12,67265,8,97.20,5.14,,
106094,P,2002-08-16,68222,10,20.58,3.00,,
106095,P,2000-03-16,10183,2,8.50,7.50,,
106096,P,2000-12-11,1964,7,9.51,4.29,,
106097,P,2000-08-29,34287,4,90.48,6.75,,
106098,P,2001-07-24,2786,5,44.31,8.21,,
106099,P,2000-01-04,79290,9,2.12,0.15,,
106100,P,2001-08-10,55239,3,2.17,3.33,,
106101,P,2001-09-02,94958,2,60.89,2.91,,
106102,P,2002-06-11,51142,6,28.78,5.56,,
106103,P,2000-11-05,36517,9,76.49,5.09,,
106104,P,2001-02-23,49177,9,11.75,2.14,,
106105,P,2001-05-01,56237,8,19.24,6.41,,
106106,P,2001-02-15,15108,7,31.86,6.62,,
106107,P,2001-07-11,54037,10,78.12,0.41,,
106108,P,2001-10-10,84272,7,69.13,6.65,,
106109,P,2001-08-26,31309,6,82.56,7.54,,
106110,P,2001-06-30,56051,2,65.41,8.53,,
106111,P,2000-08-06,27310,2,13.96,9.70,,
106112,P,2002-08-31,96369,1,30.22,5.05,,
106113,P,2001-02-16,87337,10,50.74,9.37,,
106114,P,2002-03-25,28184,9,82.69,4.75,,
106115,P,2000-09-03,50651,6,65.97,2.75,,
106116,P,2002-06-15,63100,7,7.06,6.57,,
106117,P,2000-06-04,23531,8,0.28,7.89,,
106118,P,2000-10-01,25050,10,22.60,5.59,,
106119,P,2000-11-22,15615,6,56.45,1.26,,
106120,P,2001-04-02,57893,4,52.07,7.99,,
106121,P,2002-07-11,66328,7,5.82,4.71,,
106122,P,2002-07-05,69847,3,45.04,0.37,,
106123,P,2002-08-27,97359,7,67.38,6.49,,
106124,P,2001-04-13,20889,10,18.01,8.84,,
106125,P,2002-04-29,45977,9,65.71,6.31,,
106126,P,2001-06-05,3441,1,9.75,9.07,,
106127,P,2002-02-27,52245,9,76.12,5.91,,
106128,P,2000-03-19,1910,9,7.51,6.98,,
106129,P,2001-01-03,3939,7,64.39,9.52,,
106130,P,2002-05-16,29032,5,17.26,7.33,,
106131,P,2002-08-16,23548,3,9.71,0.26,,
106132,P,2002-09-03,26337,2,48.97,1.87,,
106133,P,2000-04-04,11906,1,74.84,4.97,,
106134,P,2001-03-12,8424,8,91.74,0.88,,
106135,P,2001-12-10,20944,5,21.45,2.77,,
106136,P,2002-09-17,737,7,89.56,0.28,,
106137,P,2000-12-09,96069,8,64.79,5.58,,
106138,P,2002-07-05,51549,5,90.45,5.47,,
106139,P,2002-08-27,80853,10,63.49,4.60,,
106140,P,2001-11-06,64648,10,69.06,7.39,,
106141,P,2002-07-21,24878,1,67.70,5.09,,
106142,P,2000-01-12,92604,2,52.29,5.89,,
106143,P,2001-06-14,61514,4,36.76,2.52,,
106144,P,2002-05-31,42595,7,28.06,3.51,,
106145,P,2001-11-14,120,6,81.87,4.54,,
106146,P,2002-02-11,50025,3,8.12,8.30,,
106147,P,2002-03-21,56639,6,70.20,7.71,,
106148,P,2000-02-24,32174,8,93.20,5.02,,
106149,P,2002-05-18,43096,1,28.55,7.00,,
106150,P,2000-08-06,38545,6,9.99,8.89,,
106151,P,2001-03-13,16693,7,61.19,7.31,,
106152,P,2002-08-01,16441,3,2.75,5.44,,
106153,P,2000-05-29,68954,10,46.95,3.86,,
106154,P,2000-03-30,67098,7,5.98,6.35,,
106155,P,2000-06-30,80311,5,76.26,0.83,,
106156,P,2000-09-29,3938,2,12.77,3.27,,
106157,P,2000-11-29,22481,10,34.77,6.91,,
106158,P,2000-03-01,24457,7,25.38,7.62,,
106159,P,2002-04-07,12441,7,0.74,4.58,,
106160,P,2000-12-29,51038,2,72.97,7.01,,
106161,P,2001-12-08,29013,2,6.31,4.40,,
106162,P,2000-08-02,64272,7,35.12,9.28,,
106163,P,2001-10-25,20204,8,9.96,6.80,,
106164,P,2000-11-12,67709,3,82.25,6.07,,
106165,P,2001-05-30,71382,8,22.38,6.55,,
106166,P,2000-07-29,96002,7,45.38,4.26,,
106167,P,2000-02-17,68727,10,83.00,8.60,,
106168,P,2000-10-11,75274,9,42.34,6.81,,
106169,P,2000-08-12,80572,10,61.97,0.49,,
106170,P,2000-01-30,20446,9,32.85,9.13,,
106171,P,2002-07-08,5973,3,21.46,0.79,,
106172,P,2001-10-31,73230,9,27.89,8.26,,
106173,P,2000-11-22,96928,4,48.14,5.14,,
106174,P,2002-05-26,17694,10,26.16,4.30,,
106175,P,2002-03-09,89749,4,97.66,5.68,,
106176,P,2000-11-18,95707,9,73.46,2.46,,
106177,P,2002-03-25,92100,3,63.03,1.64,,
106178,P,2002-01-04,6338,5,75.77,1.84,,
106179,P,2002-06-29,74070,3,93.48,1.12,,
106180,P,2002-07-12,18975,6,66.76,9.21,,
106181,P,2000-10-12,1284,3,87.61,4.57,,
106182,P,2001-08-05,31873,6,2.72,3.74,,
106183,P,2002-08-13,80293,1,6.61,4.98,,
106184,P,2002-02-07,53331,3,1.62,4.41,,
106185,P,2001-12-06,6014,1,12.61,2.81,,
106186,P,2000-07-18,43872,3,76.07,4.28,,
106187,P,2000-05-27,15484,7,24.52,0.02,,
106188,P,2001-07-15,89295,10,14.07,4.67,,
106189,P,2001-08-23,11605,10,83.29,7.60,,
106190,P,2002-05-27,53535,4,19.85,2.47,,
106191,P,2001-07-21,89147,6,39.01,7.60,,
106192,P,2001-01-26,85255,2,42.39,1.98,,
106193,P,2001-02-03,99889,1,60.97,2.57,,
106194,P,2001-10-17,68577,6,70.73,8.05,,
106195,P,2001-11-02,28453,6,25.35,5.91,,
106196,P,2002-07-28,95520,2,31.97,7.82,,
106197,P,2002-01-15,2711,8,72.24,9.74,,
106198,P,2000-08-10,72033,6,80.85,1.39,,
106199,P,2001-04-10,42448,1,25.87,7.77,,
106200,P,2001-08-07,79766,9,60.99,0.79,,
106201,P,2001-02-02,61753,2,33.75,5.50,,
106202,P,2002-09-22,80110,8,63.43,9.42,,
106203,P,2000-03-11,35887,1,46.82,1.70,,
106204,P,2001-07-17,22770,8,30.57,2.20,,
106205,P,2000-04-17,17872,3,45.20,6.87,,
106206,P,2001-04-30,83867,8,25.06,0.79,,
106207,P,2002-02-25,71332,3,73.37,4.08,,
106208,P,2001-02-27,71913,6,23.08,8.96,,
106209,P,2002-01-28,47218,1,0.56,3.17,,
106210,P,2000-12-09,39424,7,59.62,4.05,,
106211,P,2000-12-14,98223,9,12.16,5.64,,
106212,P,2001-07-12,20339,4,51.21,1.90,,
106213,P,2002-08-01,63243,1,55.65,8.39,,
106214,P,2000-12-09,72985,8,25.57,7.95,,
106215,P,2000-01-21,16284,2,97.91,7.05,,
106216,P,2002-06-04,3383,2,22.46,1.29,,
106217,P,2002-09-19,46933,2,63.28,5.23,,
106218,P,2000-04-19,15359,2,73.40,5.46,,
106219,P,2002-04-13,66382,2,90.87,9.02,,
106220,P,2000-05-22,29954,2,89.08,6.88,,
106221,P,2000-04-15,78725,10,99.70,7.12,,
106222,P,2000-12-06,98301,10,71.81,6.66,,
106223,P,2000-07-31,66717,6,89.76,0.69,,
106224,P,2002-08-30,16535,1,92.41,4.80,,
106225,P,2000-01-18,37119,4,8.02,0.97,,
106226,P,2000-02-05,97376,2,19.72,0.73,,
106227,P,2002-05-06,39783,2,72.08,9.10,,
106228,P,2001-09-07,12945,8,17.61,3.11,,
106229,P,2000-01-28,6566,2,37.77,9.72,,
106230,P,2001-10-08,39359,8,70.78,5.38,,
106231,P,2000-04-20,67612,9,13.11,5.33,,
106232,P,2001-03-28,3942,8,37.23,2.09,,
106233,P,2001-03-23,87006,4,56.08,4.51,,
106234,P,2001-12-26,68327,10,34.30,7.72,,
106235,P,2000-11-12,92832,6,31.40,1.19,,
106236,P,2002-07-14,11714,8,27.07,4.60,,
106237,P,2000-07-20,73451,3,11.71,7.18,,
106238,P,2000-10-23,85595,1,3.24,2.15,,
106239,P,2001-05-19,64387,4,73.56,6.89,,
106240,P,2001-11-17,52788,2,47.17,8.48,,
106241,P,2002-09-13,76393,9,77.59,6.17,,
106242,P,2000-08-05,41162,9,93.78,1.03,,
106243,P,2000-03-10,59594,10,63.87,7.22,,
106244,P,2000-09-07,96919,7,71.94,3.37,,
106245,P,2001-01-13,45189,4,62.79,0.89,,
106246,P,2001-11-04,21398,9,37.82,2.83,,
106247,P,2000-01-29,70152,7,11.49,9.32,,
106248,P,2000-07-15,92974,1,78.79,8.91,,
106249,P,2000-02-20,77537,5,50.20,0.73,,
106250,P,2001-11-13,63400,3,38.26,0.74,,
106251,P,2001-03-01,3968,3,40.57,7.92,,
106252,P,2001-05-02,32359,7,90.30,0.54,,
106253,P,2000-05-04,31937,5,92.37,5.51,,
106254,P,2000-11-14,73400,9,2.47,3.73,,
106255,P,2000-03-11,3569,1,17.71,0.36,,
106256,P,2002-04-28,9692,6,65.48,0.72,,
106257,P,2001-03-09,57685,8,61.00,5.97,,
106258,P,2000-01-18,44225,1,15.55,3.68,,
106259,P,2001-07-24,36280,2,76.45,7.00,,
106260,P,2000-05-03,93860,1,95.30,4.13,,
106261,P,2001-07-14,42940,2,86.25,6.55,,
106262,P,2001-09-20,74499,2,60.92,7.40,,
106263,P,2000-05-04,29707,5,76.75,4.72,,
106264,P,2001-10-19,74589,2,24.78,7.03,,
106265,P,2002-01-19,26524,2,37.93,6.29,,
106266,P,2001-08-09,68748,4,4.90,7.48,,
106267,P,2001-01-10,63423,9,39.99,5.99,,
106268,P,2000-05-01,43371,8,90.98,9.67,,
106269,P,2001-06-16,67070,1,32.03,9.75,,
106270,P,2002-04-30,45823,1,89.74,0.27,,
106271,P,2000-02-11,59185,9,28.88,9.70,,
106272,P,2001-05-20,74451,1,69.10,9.81,,
106273,P,2002-08-10,80005,9,96.94,9.48,,
106274,P,2001-07-12,77048,5,37.68,8.85,,
106275,P,2002-08-17,89028,7,63.06,8.95,,
106276,P,2000-01-18,36503,10,2.10,8.73,,
106277,P,2001-02-01,22883,5,52.32,6.15,,
106278,P,2000-08-16,36913,7,6.18,9.59,,
106279,P,2000-07-04,98742,7,44.00,6.12,,
106280,P,2002-05-17,50031,2,1.79,4.08,,
106281,P,2001-10-04,61533,4,4.62,8.94,,
106282,P,2000-06-08,57929,2,23.72,7.78,,
106283,P,2001-04-04,54763,10,42.49,5.99,,
106284,P,2002-02-16,33633,9,12.29,8.32,,
106285,P,2002-02-03,4773,4,91.52,3.27,,
106286,P,2000-09-07,54124,4,53.42,3.49,,
106287,P,2001-06-24,39654,6,41.87,2.37,,
106288,P,2001-05-02,47679,6,23.88,3.29,,
106289,P,2002-08-26,14167,8,37.75,1.88,,
106290,P,2000-10-28,16517,1,48.26,7.02,,
106291,P,2000-05-31,13420,10,29.35,0.94,,
106292,P,2001-12-25,50751,1,46.48,7.96,,
106293,P,2002-06-01,40884,10,13.44,8.51,,
106294,P,2000-07-04,6738,6,87.14,6.50,,
106295,P,2000-03-24,36283,7,92.71,8.39,,
106296,P,2000-05-01,41888,8,52.42,2.94,,
106297,P,2002-01-17,86172,2,87.34,4.37,,
106298,P,2001-09-10,13852,10,10.39,8.72,,
106299,P,2000-11-28,91469,3,47.36,2.79,,
106300,P,2001-04-26,67837,8,74.36,1.17,,
106301,P,2002-08-04,49926,10,56.72,3.60,,
106302,P,2000-03-23,35836,9,13.08,4.48,,
106303,P,2002-05-12,34436,3,25.17,5.30,,
106304,P,2001-07-10,98263,5,14.55,7.79,,
106305,P,2000-01-25,86203,3,15.90,7.34,,
106306,P,2001-09-24,71087,8,3.99,6.56,,
106307,P,2001-05-13,20086,8,42.30,3.16,,
106308,P,2000-05-30,39556,9,86.22,6.65,,
106309,P,2001-03-18,79926,10,11.50,8.74,,
106310,P,2002-03-23,450,7,32.00,6.08,,
106311,P,2000-05-11,12429,9,44.53,2.28,,
106312,P,2000-12-24,87975,1,23.68,7.38,,
106313,P,2001-03-06,97249,9,76.66,8.48,,
106314,P,2000-03-28,94147,3,84.62,3.88,,
106315,P,2000-04-10,79926,6,2.58,2.04,,
106316,P,2002-05-11,26940,7,52.08,7.10,,
106317,P,2002-01-26,95843,5,89.24,8.11,,
106318,P,2002-06-02,54797,3,3.84,2.50,,
106319,P,2000-05-29,89951,10,13.17,3.34,,
106320,P,2000-04-08,45868,6,1.89,6.77,,
106321,P,2000-03-22,66305,3,1.20,7.34,,
106322,P,2001-09-09,81221,1,99.97,7.63,,
106323,P,2000-01-07,66248,3,4.98,7.07,,
106324,P,2001-04-14,9729,3,92.56,3.45,,
106325,P,2001-12-28,6757,4,63.52,7.63,,
106326,P,2001-10-01,58286,4,27.41,9.22,,
106327,P,2001-02-16,91788,10,21.68,4.90,,
106328,P,2002-04-26,63814,1,73.13,3.49,,
106329,P,2001-08-02,98603,8,8.53,4.47,,
106330,P,2001-04-25,57145,2,26.32,6.95,,
106331,P,2001-09-19,49219,9,20.92,9.20,,
106332,P,2000-11-26,68459,6,48.49,5.57,,
106333,P,2001-07-21,15260,7,35.12,1.47,,
106334,P,2002-05-13,59270,1,2.39,9.79,,
106335,P,2000-05-02,57882,5,63.37,6.50,,
106336,P,2000-01-12,93372,6,57.36,4.87,,
106337,P,2002-05-10,65006,4,62.51,5.54,,
106338,P,2001-03-25,66770,10,12.78,5.05,,
106339,P,2001-07-11,80812,6,27.88,1.37,,
106340,P,2000-06-12,31014,6,72.56,5.57,,
106341,P,2001-08-20,23054,4,94.35,5.66,,
106342,P,2000-11-26,88140,2,98.86,8.55,,
106343,P,2000-09-17,21729,4,78.53,3.27,,
106344,P,2002-05-18,91438,1,58.47,0.50,,
106345,P,2002-07-21,61254,4,97.06,5.11,,
106346,P,2000-05-23,36482,1,30.33,7.90,,
106347,P,2001-08-17,76043,8,65.28,1.78,,
106348,P,2001-03-24,48120,8,11.13,9.20,,
106349,P,2001-11-27,56318,7,42.50,7.76,,
106350,P,2002-04-15,58921,8,56.70,8.43,,
106351,P,2001-04-13,10611,7,10.73,4.29,,
106352,P,2001-08-25,2825,2,32.88,5.53,,
106353,P,2002-02-21,48662,4,35.17,3.36,,
106354,P,2001-01-19,16981,4,49.44,2.16,,
106355,P,2000-07-25,99429,5,41.84,0.78,,
106356,P,2001-11-18,32968,9,79.26,9.95,,
106357,P,2001-08-28,41183,9,82.32,7.06,,
106358,P,2002-07-26,3887,9,13.01,7.40,,
106359,P,2002-04-06,91340,8,47.03,7.29,,
106360,P,2002-04-27,8930,3,3.43,4.70,,
106361,P,2002-08-29,12917,7,85.13,7.58,,
106362,P,2000-07-14,88766,3,16.81,2.18,,
106363,P,2001-05-25,53460,7,92.49,6.67,,
106364,P,2000-03-24,17462,3,45.14,4.24,,
106365,P,2001-09-30,90799,4,58.64,8.99,,
106366,P,2000-05-17,77912,7,36.02,5.69,,
106367,P,2001-01-16,18747,1,13.13,5.77,,
106368,P,2001-03-23,55166,2,30.12,4.91,,
106369,P,2002-09-13,22964,9,49.80,7.35,,
106370,P,2001-05-31,63153,4,69.10,0.07,,
106371,P,2002-05-22,12610,9,33.50,8.96,,
106372,P,2000-10-07,72018,6,78.03,2.04,,
106373,P,2002-01-09,45561,10,90.19,4.68,,
106374,P,2000-07-05,85070,6,19.36,7.83,,
106375,P,2000-02-15,35592,1,3.69,0.21,,
106376,P,2002-01-20,49912,5,55.85,3.10,,
106377,P,2002-03-10,42466,4,87.51,9.57,,
106378,P,2000-06-29,54736,5,47.86,7.10,,
106379,P,2000-07-02,42391,5,15.79,5.54,,
106380,P,2001-08-06,26845,1,19.66,3.69,,
106381,P,2002-06-24,55604,6,13.50,7.47,,
106382,P,2001-05-19,81296,1,35.50,4.25,,
106383,P,2000-08-31,67570,5,20.41,3.96,,
106384,P,2001-12-17,65166,7,94.11,0.31,,
106385,P,2000-04-05,92362,1,72.41,9.60,,
106386,P,2000-03-18,73501,2,43.51,1.23,,
106387,P,2002-06-29,59165,1,0.78,3.14,,
106388,P,2001-11-01,88796,10,73.62,2.80,,
106389,P,2000-03-23,22334,10,25.09,6.85,,
106390,P,2002-05-07,4507,4,7.43,9.78,,
106391,P,2000-05-31,95807,9,84.51,7.57,,
106392,P,2001-04-03,45745,9,5.23,2.60,,
106393,P,2001-12-27,64791,9,0.52,9.03,,
106394,P,2002-04-30,45965,3,2.08,9.10,,
106395,P,2000-03-02,92348,9,23.59,4.72,,
106396,P,2002-06-07,22470,8,0.99,4.93,,
106397,P,2001-09-14,51488,2,0.84,3.10,,
106398,P,2000-08-10,2979,10,74.23,1.62,,
106399,P,2000-04-04,44336,10,40.66,9.95,,
106400,P,2000-03-07,37014,4,91.71,1.16,,
106401,P,2002-07-17,50285,9,95.05,0.51,,
106402,P,2002-09-14,24258,3,75.31,0.56,,
106403,P,2002-07-03,1801,4,89.14,0.54,,
106404,P,2001-01-07,25997,1,55.78,0.55,,
106405,P,2000-05-29,32327,5,22.37,1.20,,
106406,P,2000-01-29,55119,5,46.81,0.55,,
106407,P,2001-06-26,69927,8,12.38,2.20,,
106408,P,2001-04-07,62300,2,78.82,1.56,,
106409,P,2002-08-03,98626,8,42.33,4.45,,
106410,P,2002-07-25,94679,9,82.03,7.80,,
106411,P,2000-04-15,76943,2,12.23,2.32,,
106412,P,2000-01-06,79228,10,0.43,1.99,,
106413,P,2002-05-20,9438,5,59.73,0.64,,
106414,P,2001-03-26,320,6,49.94,0.41,,
106415,P,2000-02-07,1672,4,79.53,3.61,,
106416,P,2000-10-11,18772,7,70.81,7.90,,
106417,P,2001-07-22,5477,10,41.68,8.76,,
106418,P,2001-09-25,23204,6,44.21,5.45,,
106419,P,2001-05-03,78299,3,48.30,2.77,,
106420,P,2001-07-05,81759,7,4.85,4.28,,
106421,P,2001-12-06,14116,10,49.65,3.12,,
106422,P,2000-09-19,70548,9,81.23,1.08,,
106423,P,2000-09-11,50660,9,25.51,4.59,,
106424,P,2002-05-11,21044,10,93.04,8.78,,
106425,P,2001-03-25,78025,10,30.21,6.73,,
106426,P,2001-08-26,27850,10,16.82,8.83,,
106427,P,2001-01-21,37511,5,72.75,3.77,,
106428,P,2000-11-02,75725,5,38.47,9.55,,
106429,P,2000-07-17,68703,1,93.43,3.66,,
106430,P,2001-10-14,43110,10,71.74,7.73,,
106431,P,2002-06-06,26423,5,56.09,6.95,,
106432,P,2000-11-04,3546,1,14.09,7.15,,
106433,P,2002-02-17,55007,10,60.61,9.99,,
106434,P,2002-01-17,35303,8,1.53,3.60,,
106435,P,2000-12-23,63382,2,91.83,4.32,,
106436,P,2001-11-12,22367,1,40.75,3.34,,
106437,P,2002-09-11,19454,5,83.31,1.18,,
106438,P,2000-09-09,93431,9,31.08,6.12,,
106439,P,2000-05-01,65942,5,13.02,2.26,,
106440,P,2002-05-04,32172,1,9.90,3.14,,
106441,P,2002-04-22,58968,2,1.68,3.30,,
106442,P,2001-09-15,41619,10,13.53,3.36,,
106443,P,2001-01-22,54368,8,18.98,5.35,,
106444,P,2001-03-14,47086,6,28.52,9.14,,
106445,P,2002-06-27,78631,2,4.42,4.79,,
106446,P,2001-05-30,43206,10,61.07,4.39,,
106447,P,2000-02-15,70023,5,73.31,7.98,,
106448,P,2001-06-26,19271,2,21.16,7.89,,
106449,P,2002-01-27,68807,3,8.65,2.23,,
106450,P,2001-12-24,47484,5,51.16,5.21,,
106451,P,2000-06-08,45480,5,12.39,7.50,,
106452,P,2002-05-01,4176,6,21.89,6.36,,
106453,P,2000-01-26,4121,7,0.04,2.05,,
106454,P,2000-12-08,25567,7,33.27,3.46,,
106455,P,2000-07-29,78442,3,95.89,2.09,,
106456,P,2002-03-28,13566,2,87.92,0.16,,
106457,P,2001-08-11,62712,9,95.12,7.98,,
106458,P,2002-04-03,49917,5,83.36,1.01,,
106459,P,2002-08-22,68768,6,55.14,7.27,,
106460,P,2000-01-04,79314,4,37.54,2.11,,
106461,P,2001-12-07,81350,10,54.55,3.41,,
106462,P,2002-02-04,73361,9,10.51,9.39,,
106463,P,2001-04-03,69380,5,43.55,8.20,,
106464,P,2002-02-25,9673,4,99.96,1.07,,
106465,P,2000-06-26,1404,1,49.03,1.14,,
106466,P,2002-07-31,31652,10,49.92,4.23,,
106467,P,2001-07-02,86680,3,45.54,8.72,,
106468,P,2000-12-23,50987,1,40.96,2.09,,
106469,P,2000-09-13,73924,5,44.69,3.33,,
106470,P,2001-01-25,36856,10,60.12,3.12,,
106471,P,2000-10-16,27690,3,48.06,4.60,,
106472,P,2000-02-12,14422,3,1.98,7.86,,
106473,P,2000-11-03,57828,6,67.52,2.73,,
106474,P,2000-01-26,48918,2,25.44,0.88,,
106475,P,2002-01-18,69779,8,80.91,4.56,,
106476,P,2002-02-14,41351,8,80.86,2.76,,
106477,P,2002-05-07,30978,8,75.64,9.50,,
106478,P,2002-03-02,73038,10,51.58,5.74,,
106479,P,2002-06-01,89525,9,23.38,0.31,,
106480,P,2002-03-21,37142,4,56.05,0.05,,
106481,P,2001-12-09,32279,5,88.44,7.24,,
106482,P,2002-02-08,10579,8,42.25,5.74,,
106483,P,2000-08-01,48049,3,84.45,4.68,,
106484,P,2002-08-22,13218,10,80.71,9.24,,
106485,P,2001-09-27,82255,6,28.52,3.25,,
106486,P,2000-08-07,21403,6,16.07,6.08,,
106487,P,2000-06-17,95803,6,30.96,8.69,,
106488,P,2001-12-17,88497,8,53.26,3.12,,
106489,P,2000-12-24,61274,3,53.10,8.83,,
106490,P,2002-07-03,97084,1,17.15,6.74,,
106491,P,2002-04-30,46411,1,72.05,1.12,,
106492,P,2001-12-31,59013,9,36.02,2.80,,
106493,P,2002-05-02,75792,1,72.81,4.58,,
106494,P,2001-06-25,29890,9,41.26,4.40,,
106495,P,2002-08-07,89964,10,24.12,8.68,,
106496,P,2002-03-03,86500,4,24.60,4.60,,
106497,P,2000-07-22,8663,1,12.65,2.59,,
106498,P,2001-06-14,12510,5,56.30,3.70,,
106499,P,2000-06-24,19447,3,1.23,6.51,,
106500,P,2000-08-02,33603,5,44.43,4.20,,
106501,P,2001-12-16,77370,8,25.43,5.20,,
106502,P,2002-03-07,25673,7,89.85,8.54,,
106503,P,2000-09-20,2763,10,44.79,5.06,,
106504,P,2000-04-02,39170,8,48.77,4.54,,
106505,P,2001-08-31,87411,9,13.63,5.32,,
106506,P,2002-05-18,89408,1,17.08,9.43,,
106507,P,2001-02-08,2083,1,15.47,4.62,,
106508,P,2000-03-08,73128,9,62.92,9.19,,
106509,P,2002-01-12,94262,3,22.84,4.70,,
106510,P,2001-08-17,34391,8,95.31,4.09,,
106511,P,2000-02-13,23614,6,76.70,5.63,,
106512,P,2001-10-16,67321,7,12.58,2.74,,
106513,P,2002-08-30,28363,3,64.05,1.39,,
106514,P,2002-03-14,55924,6,97.23,3.24,,
106515,P,2001-10-04,98959,4,24.21,3.10,,
106516,P,2002-06-22,55306,6,82.13,4.97,,
106517,P,2000-04-16,62376,5,17.06,0.03,,
106518,P,2002-09-12,97367,5,29.24,7.12,,
106519,P,2001-04-21,73031,6,70.60,2.81,,
106520,P,2001-10-02,36716,9,10.58,9.83,,
106521,P,2001-06-22,31511,4,8.70,7.32,,
106522,P,2002-09-04,87796,8,13.20,8.87,,
106523,P,2000-02-10,65651,10,55.20,9.79,,
106524,P,2000-11-15,40673,5,87.61,1.33,,
106525,P,2002-09-09,45796,2,88.62,7.35,,
106526,P,2001-12-03,22982,8,74.76,5.60,,
106527,P,2000-01-13,30780,1,56.97,1.65,,
106528,P,2002-08-22,71374,6,92.83,3.03,,
106529,P,2002-09-16,48789,4,3.66,2.26,,
106530,P,2002-08-01,57308,5,11.83,9.71,,
106531,P,2001-12-22,67652,4,40.96,0.92,,
106532,P,2001-02-27,52900,7,88.58,6.90,,
106533,P,2000-11-16,91211,8,42.02,2.18,,
106534,P,2001-12-03,13687,7,6.38,5.17,,
106535,P,2000-12-20,19911,2,91.88,3.46,,
106536,P,2002-06-09,12449,3,27.10,5.69,,
106537,P,2001-11-05,27855,9,8.22,7.61,,
106538,P,2000-01-03,34930,5,79.89,9.41,,
106539,P,2001-09-21,31297,4,4.72,1.72,,
106540,P,2000-12-11,87802,7,20.63,8.26,,
106541,P,2002-04-11,13966,8,28.01,2.38,,
106542,P,2001-12-25,96780,4,52.83,3.97,,
106543,P,2000-11-03,32766,5,47.63,7.63,,
106544,P,2000-05-08,61292,2,81.89,9.42,,
106545,P,2001-11-17,99511,9,91.05,3.52,,
106546,P,2001-06-16,3758,5,53.38,6.55,,
106547,P,2002-05-29,50363,6,20.97,5.19,,
106548,P,2002-05-02,26535,1,39.95,6.68,,
106549,P,2002-05-30,51918,7,47.83,9.39,,
106550,P,2000-01-10,32475,1,18.78,5.11,,
106551,P,2000-06-25,53521,10,77.35,4.68,,
106552,P,2001-09-01,88102,1,97.73,2.77,,
106553,P,2000-03-24,45044,10,49.51,6.06,,
106554,P,2000-01-03,60958,7,10.86,1.21,,
106555,P,2002-06-14,36552,4,27.99,8.75,,
106556,P,2001-11-16,90765,3,96.54,0.08,,
106557,P,2000-12-15,71767,4,97.33,0.76,,
106558,P,2000-05-12,52945,7,70.98,1.97,,
106559,P,2001-01-31,60462,4,56.51,4.90,,
106560,P,2002-05-06,87831,10,15.69,1.53,,
106561,P,2001-10-26,41110,2,37.72,6.54,,
106562,P,2000-09-18,88870,2,50.67,3.60,,
106563,P,2001-07-25,95862,8,46.86,9.69,,
106564,P,2000-12-01,13510,10,50.19,7.71,,
106565,P,2001-09-16,51306,10,81.76,8.91,,
106566,P,2001-01-29,58238,4,63.90,4.51,,
106567,P,2000-09-19,90974,7,60.83,2.59,,
106568,P,2000-05-05,94978,10,28.54,1.45,,
106569,P,2000-03-06,60499,9,20.86,0.36,,
106570,P,2002-03-30,4195,1,86.89,6.07,,
106571,P,2000-07-29,62820,3,92.42,2.79,,
106572,P,2002-08-25,81316,1,50.83,2.99,,
106573,P,2002-04-12,15658,5,65.76,0.61,,
106574,P,2000-07-02,65336,4,97.92,4.34,,
106575,P,2002-04-24,42933,4,4.23,7.12,,
106576,P,2002-05-26,75724,1,56.32,0.26,,
106577,P,2002-07-10,69735,9,31.02,8.10,,
106578,P,2001-06-14,85278,7,26.92,7.81,,
106579,P,2002-04-21,4627,3,76.26,2.41,,
106580,P,2000-01-08,99671,6,80.42,4.52,,
106581,P,2000-05-02,27351,2,35.72,6.38,,
106582,P,2001-08-16,92981,10,49.20,9.54,,
106583,P,2000-11-07,81375,2,78.66,0.98,,
106584,P,2000-03-07,38911,5,4.57,6.37,,
106585,P,2001-08-19,82192,9,71.03,3.83,,
106586,P,2000-03-29,19275,10,67.19,1.34,,
106587,P,2000-10-06,32135,8,29.25,0.44,,
106588,P,2000-05-31,55826,8,28.81,4.27,,
106589,P,2000-08-19,89728,5,11.93,7.00,,
106590,P,2000-09-17,86165,1,50.44,7.67,,
106591,P,2002-08-15,54953,4,49.67,8.04,,
106592,P,2002-03-17,5958,7,63.17,0.03,,
106593,P,2001-01-09,26413,4,68.54,8.31,,
106594,P,2002-02-09,83547,2,92.60,3.34,,
106595,P,2001-09-04,10505,9,5.27,7.37,,
106596,P,2001-04-14,62440,3,51.78,8.21,,
106597,P,2000-05-23,66576,6,63.22,2.11,,
106598,P,2000-06-14,60967,2,42.38,4.99,,
106599,P,2001-01-14,40504,2,26.72,0.75,,
106600,P,2002-08-26,22308,6,3.94,4.00,,
106601,P,2002-09-14,83460,6,21.14,6.43,,
106602,P,2001-09-03,35550,7,19.50,7.10,,
106603,P,2001-05-20,65939,3,19.93,9.37,,
106604,P,2001-12-07,19262,2,11.31,6.90,,
106605,P,2001-02-03,51043,7,78.37,7.71,,
106606,P,2002-03-27,66685,4,9.09,1.91,,
106607,P,2001-09-24,53288,9,92.52,4.98,,
106608,P,2001-01-14,16020,5,4.77,8.13,,
106609,P,2000-12-25,4373,7,96.31,9.69,,
106610,P,2002-04-03,83676,9,51.05,2.40,,
106611,P,2001-08-15,99569,9,83.77,3.09,,
106612,P,2002-09-21,22617,3,46.65,8.75,,
106613,P,2002-08-24,71100,1,97.39,7.48,,
106614,P,2002-07-05,10797,9,14.85,9.01,,
106615,P,2000-06-17,95941,1,22.46,6.07,,
106616,P,2001-03-25,78762,4,36.05,5.75,,
106617,P,2000-03-16,40545,7,35.73,8.95,,
106618,P,2001-07-11,47100,10,94.51,2.89,,
106619,P,2000-05-17,22079,1,27.39,8.16,,
106620,P,2000-10-14,55227,10,49.08,7.70,,
106621,P,2000-04-29,19140,10,12.30,3.21,,
106622,P,2001-04-06,77051,1,76.40,4.24,,
106623,P,2000-09-27,4073,9,67.71,2.05,,
106624,P,2002-09-11,10400,6,35.87,4.47,,
106625,P,2001-08-03,45922,1,82.81,0.56,,
106626,P,2002-08-24,7465,10,87.82,7.85,,
106627,P,2002-09-03,29669,6,67.99,7.52,,
106628,P,2001-02-10,61051,5,38.73,7.41,,
106629,P,2002-09-03,69807,5,47.65,7.73,,
106630,P,2000-04-20,10434,3,11.97,2.66,,
106631,P,2001-07-29,47609,5,0.52,8.95,,
106632,P,2001-02-21,40684,3,71.25,9.63,,
106633,P,2001-11-10,83132,8,46.90,1.33,,
106634,P,2001-10-01,65815,2,97.48,2.16,,
106635,P,2001-08-09,64826,1,38.01,0.03,,
106636,P,2001-09-09,57510,4,90.26,10.00,,
106637,P,2001-12-16,6093,7,18.26,5.15,,
106638,P,2002-07-08,59327,2,31.10,9.72,,
106639,P,2000-02-24,83955,7,84.71,6.76,,
106640,P,2001-07-22,65538,5,59.24,9.15,,
106641,P,2000-08-20,89321,2,4.44,1.47,,
106642,P,2000-06-11,15114,1,48.91,7.53,,
106643,P,2000-09-28,7115,7,86.25,9.33,,
106644,P,2001-06-10,42610,10,34.35,3.54,,
106645,P,2001-07-21,6772,6,93.08,7.69,,
106646,P,2001-12-18,85999,2,5.04,5.41,,
106647,P,2001-02-25,15764,1,46.34,9.73,,
106648,P,2002-05-26,14279,6,31.19,6.80,,
106649,P,2001-06-18,42163,9,54.56,4.56,,
106650,P,2002-05-10,34941,6,34.24,6.18,,
106651,P,2002-02-20,52966,8,48.79,2.77,,
106652,P,2000-06-27,18749,9,29.96,4.44,,
106653,P,2000-11-15,4357,7,19.12,3.63,,
106654,P,2000-04-21,92019,2,58.01,5.31,,
106655,P,2001-06-13,18151,1,42.42,0.30,,
106656,P,2001-01-01,92402,9,2.90,5.25,,
106657,P,2001-11-25,14213,9,96.44,3.36,,
106658,P,2001-05-31,78504,8,55.35,3.90,,
106659,P,2002-02-04,16996,5,94.83,9.92,,
106660,P,2001-06-01,62187,10,35.95,1.12,,
106661,P,2001-09-01,67982,2,23.83,8.30,,
106662,P,2000-03-18,88067,5,83.57,3.72,,
106663,P,2000-07-09,94976,8,9.34,6.29,,
106664,P,2000-11-06,70097,2,15.57,5.55,,
106665,P,2000-02-02,30489,2,0.34,8.59,,
106666,P,2002-01-20,9332,6,14.56,7.26,,
106667,P,2001-05-05,89257,2,3.39,0.01,,
106668,P,2001-10-08,10219,5,39.72,7.42,,
106669,P,2001-08-26,9252,8,37.24,0.61,,
106670,P,2001-04-02,9160,4,79.77,6.89,,
106671,P,2002-05-10,18682,8,54.32,5.56,,
106672,P,2002-09-23,41484,6,50.30,0.00,,
106673,P,2000-01-11,39989,5,43.88,6.38,,
106674,P,2000-03-10,2606,6,20.43,9.11,,
106675,P,2000-06-10,88770,10,12.44,8.21,,
106676,P,2000-02-11,37121,10,46.53,4.94,,
106677,P,2001-06-10,96342,9,77.25,0.25,,
106678,P,2002-07-20,44969,6,95.93,2.40,,
106679,P,2000-10-25,69673,5,8.73,9.09,,
106680,P,2001-04-09,34379,10,21.84,5.97,,
106681,P,2001-04-02,38353,2,18.39,2.72,,
106682,P,2000-02-28,58461,1,46.57,0.48,,
106683,P,2000-10-08,63103,2,23.38,0.36,,
106684,P,2000-05-04,99714,1,14.58,4.59,,
106685,P,2000-05-24,98455,4,23.56,2.67,,
106686,P,2001-05-27,37154,1,27.96,7.54,,
106687,P,2001-01-17,87939,1,64.25,2.10,,
106688,P,2001-07-10,27868,6,49.96,4.09,,
106689,P,2002-03-13,67113,3,29.85,2.98,,
106690,P,2002-06-06,33113,3,27.75,4.18,,
106691,P,2002-03-13,55683,8,3.71,4.22,,
106692,P,2000-08-02,64389,4,81.84,7.67,,
106693,P,2000-12-04,87582,5,9.30,7.39,,
106694,P,2002-01-13,3723,6,78.99,8.23,,
106695,P,2002-04-24,80009,7,48.63,7.58,,
106696,P,2002-05-14,10638,9,32.27,2.01,,
106697,P,2002-09-12,49943,5,18.75,6.25,,
106698,P,2002-06-10,54662,7,76.93,1.38,,
106699,P,2002-08-18,82113,10,61.92,2.81,,
106700,P,2001-08-29,95911,6,82.37,5.99,,
106701,P,2001-03-16,12050,3,63.04,5.97,,
106702,P,2001-09-21,33994,5,55.04,3.25,,
106703,P,2002-07-25,96413,8,41.64,7.32,,
106704,P,2000-03-24,27764,1,32.59,7.78,,
106705,P,2002-05-21,9181,3,45.94,5.82,,
106706,P,2000-08-29,13619,2,77.92,7.81,,
106707,P,2000-12-15,13879,7,84.44,1.35,,
106708,P,2002-04-24,41118,3,9.29,5.40,,
106709,P,2001-06-02,81075,1,92.23,1.76,,
106710,P,2000-08-13,42338,1,97.63,5.93,,
106711,P,2002-09-16,83390,4,73.89,8.46,,
106712,P,2002-05-21,97826,4,67.00,3.46,,
106713,P,2001-01-07,28311,2,11.15,0.78,,
106714,P,2001-05-09,11680,3,94.91,9.80,,
106715,P,2000-11-26,51419,1,11.69,9.28,,
106716,P,2000-06-21,1764,9,88.41,6.35,,
106717,P,2000-02-23,9256,8,83.92,0.62,,
106718,P,2002-07-29,22344,5,23.10,8.00,,
106719,P,2001-05-15,42057,4,42.60,4.93,,
106720,P,2000-07-04,92029,10,25.39,1.00,,
106721,P,2002-08-13,48369,2,75.76,2.21,,
106722,P,2000-09-04,21997,3,27.35,3.70,,
106723,P,2002-08-17,45176,8,22.71,3.01,,
106724,P,2002-05-28,42204,1,39.57,8.14,,
106725,P,2001-04-12,19290,10,19.86,5.33,,
106726,P,2001-03-12,78093,5,35.23,4.29,,
106727,P,2000-01-26,4815,6,64.62,9.89,,
106728,P,2002-06-05,92419,2,48.73,2.58,,
106729,P,2001-04-19,83209,9,87.04,8.98,,
106730,P,2002-04-15,5490,3,56.45,7.31,,
106731,P,2001-10-31,10089,8,44.52,8.18,,
106732,P,2001-07-24,87656,10,58.49,4.49,,
106733,P,2002-07-31,24711,8,2.13,3.15,,
106734,P,2001-01-17,3004,2,38.53,6.04,,
106735,P,2000-08-02,39460,7,53.52,4.64,,
106736,P,2000-11-10,25027,7,65.92,0.61,,
106737,P,2000-01-06,14542,8,44.90,8.61,,
106738,P,2001-11-17,49069,2,29.97,0.25,,
106739,P,2001-07-29,34848,5,6.01,3.47,,
106740,P,2001-05-31,66419,9,13.81,4.02,,
106741,P,2000-08-18,21409,2,15.58,2.65,,
106742,P,2001-01-19,24209,6,28.38,7.07,,
106743,P,2002-04-21,14170,6,44.92,0.16,,
106744,P,2001-11-28,82304,1,15.69,9.48,,
106745,P,2002-09-21,67000,5,81.47,6.40,,
106746,P,2001-03-24,71580,1,4.79,4.00,,
106747,P,2000-06-27,44726,10,75.73,7.23,,
106748,P,2001-10-22,58891,1,16.62,2.40,,
106749,P,2000-01-15,72699,7,16.25,1.14,,
106750,P,2001-04-27,29845,5,12.63,4.84,,
106751,P,2002-08-11,65911,5,38.06,1.05,,
106752,P,2001-07-28,64818,9,5.95,8.87,,
106753,P,2002-08-11,94466,10,75.49,3.89,,
106754,P,2000-02-09,23922,9,15.51,2.82,,
106755,P,2000-09-02,94995,8,99.44,2.41,,
106756,P,2000-10-07,52548,9,71.41,5.19,,
106757,P,2001-07-26,29286,9,69.66,0.58,,
106758,P,2002-08-20,21211,4,29.10,3.67,,
106759,P,2000-07-24,10254,6,94.36,4.05,,
106760,P,2002-09-10,14647,10,81.08,5.64,,
106761,P,2002-07-20,32310,9,23.38,5.63,,
106762,P,2001-10-31,94385,9,20.58,6.65,,
106763,P,2002-08-19,65164,5,41.27,0.93,,
106764,P,2000-06-12,68854,2,78.67,8.55,,
106765,P,2002-06-01,59032,3,31.40,5.05,,
106766,P,2001-08-17,28316,2,18.94,0.48,,
106767,P,2000-12-08,98490,5,39.41,5.27,,
106768,P,2002-08-16,62959,6,46.79,5.18,,
106769,P,2000-04-08,86864,8,65.73,0.17,,
106770,P,2002-01-05,36511,6,46.06,7.45,,
106771,P,2002-04-19,23683,3,56.99,0.12,,
106772,P,2000-08-28,86082,4,95.67,0.43,,
106773,P,2001-11-12,83495,2,91.54,3.33,,
106774,P,2000-03-21,26363,4,98.88,6.28,,
106775,P,2000-07-26,63663,3,43.98,9.13,,
106776,P,2002-02-21,52173,7,27.17,6.92,,
106777,P,2000-01-17,55106,8,95.04,6.10,,
106778,P,2000-07-30,34707,3,89.81,6.70,,
106779,P,2001-03-06,89423,6,14.11,5.76,,
106780,P,2000-08-02,62505,4,13.30,2.14,,
106781,P,2001-05-17,6563,6,15.77,2.43,,
106782,P,2000-02-19,26643,3,65.21,7.82,,
106783,P,2002-05-31,8433,2,33.96,7.70,,
106784,P,2001-10-16,87873,5,14.27,3.83,,
106785,P,2000-12-05,19714,3,91.13,8.66,,
106786,P,2002-01-19,40145,6,36.69,2.97,,
106787,P,2000-03-22,6912,9,45.31,8.92,,
106788,P,2002-06-09,56518,8,73.76,8.07,,
106789,P,2002-07-23,13466,1,9.54,5.31,,
106790,P,2000-10-25,56047,5,40.82,0.21,,
106791,P,2001-08-24,7700,5,49.22,7.25,,
106792,P,2001-02-01,94121,8,31.17,2.02,,
106793,P,2000-08-09,76415,7,11.19,6.58,,
106794,P,2000-10-26,99598,7,7.21,2.73,,
106795,P,2001-12-09,50187,8,61.87,4.23,,
106796,P,2001-04-29,47883,2,74.55,8.39,,
106797,P,2002-02-06,96486,10,77.73,6.90,,
106798,P,2002-01-15,35717,10,9.34,8.70,,
106799,P,2001-04-14,59768,1,9.12,3.65,,
106800,P,2002-06-11,99612,9,67.76,9.46,,
106801,P,2001-12-20,36417,4,92.12,5.26,,
106802,P,2000-08-05,87643,2,14.64,3.55,,
106803,P,2002-09-25,33204,6,72.33,3.52,,
106804,P,2000-09-14,25161,1,88.84,4.89,,
106805,P,2001-09-19,8622,8,9.86,4.72,,
106806,P,2002-04-26,72461,8,13.85,5.61,,
106807,P,2001-03-18,16655,5,52.57,1.39,,
106808,P,2000-04-23,51370,8,22.81,1.67,,
106809,P,2001-11-12,884,7,23.89,8.66,,
106810,P,2000-01-13,60242,5,18.40,8.14,,
106811,P,2002-01-01,65462,6,2.97,5.73,,
106812,P,2000-09-09,428,7,46.29,3.33,,
106813,P,2001-09-02,71708,4,99.13,5.48,,
106814,P,2002-08-26,31564,6,80.92,9.88,,
106815,P,2001-12-04,39123,4,14.24,3.66,,
106816,P,2000-08-23,55958,1,84.75,3.29,,
106817,P,2002-01-14,92270,2,86.88,4.09,,
106818,P,2001-12-26,39866,6,89.09,1.42,,
106819,P,2001-11-21,16189,9,75.17,4.00,,
106820,P,2000-09-21,50844,5,19.90,9.02,,
106821,P,2000-07-10,51086,10,88.34,8.75,,
106822,P,2000-11-13,64840,9,29.24,0.83,,
106823,P,2000-10-21,32424,6,81.49,8.35,,
106824,P,2000-07-24,80428,5,44.31,1.26,,
106825,P,2000-08-29,61823,3,67.85,4.79,,
106826,P,2002-04-08,9438,5,96.71,1.15,,
106827,P,2000-01-27,15047,2,44.11,5.07,,
106828,P,2001-08-09,10201,3,89.33,3.71,,
106829,P,2000-12-09,40658,8,3.98,3.96,,
106830,P,2001-06-23,73329,4,38.22,3.52,,
106831,P,2000-08-16,24368,10,81.74,5.00,,
106832,P,2000-10-22,16897,6,98.39,7.75,,
106833,P,2000-09-30,64294,3,90.84,9.73,,
106834,P,2000-05-11,16865,4,5.34,4.89,,
106835,P,2001-12-27,56899,10,56.08,5.11,,
106836,P,2001-10-06,74883,6,30.51,6.30,,
106837,P,2000-01-29,19611,1,22.35,5.14,,
106838,P,2002-04-07,43555,1,64.11,1.07,,
106839,P,2002-04-28,24503,1,80.12,2.08,,
106840,P,2000-12-24,70260,3,66.65,8.89,,
106841,P,2002-04-06,31459,3,55.50,0.35,,
106842,P,2002-01-05,78522,6,96.92,3.59,,
106843,P,2000-04-02,67814,7,51.41,9.59,,
106844,P,2001-08-05,6432,5,6.88,0.24,,
106845,P,2002-07-08,64037,9,77.56,3.29,,
106846,P,2001-10-08,25189,6,88.70,4.69,,
106847,P,2002-01-07,99700,3,95.41,7.07,,
106848,P,2001-12-28,96482,4,49.35,4.83,,
106849,P,2000-08-16,98074,5,98.38,7.69,,
106850,P,2002-03-23,36418,7,41.56,3.80,,
106851,P,2001-02-01,35355,9,24.66,4.09,,
106852,P,2000-08-28,12723,3,0.39,6.36,,
106853,P,2001-08-28,2067,6,35.59,2.65,,
106854,P,2002-04-14,8585,6,58.66,4.55,,
106855,P,2001-07-16,9861,10,5.77,9.23,,
106856,P,2001-07-03,43151,8,80.24,5.46,,
106857,P,2000-02-22,67629,5,43.65,7.42,,
106858,P,2001-06-21,66090,6,29.80,2.82,,
106859,P,2001-08-04,58376,7,52.07,3.26,,
106860,P,2001-06-01,41252,2,11.35,3.51,,
106861,P,2000-12-12,50309,7,9.78,9.75,,
106862,P,2001-11-01,41096,4,91.83,5.01,,
106863,P,2000-07-05,26127,9,75.41,9.72,,
106864,P,2001-12-02,59124,8,46.65,5.55,,
106865,P,2002-02-07,57675,6,70.19,6.24,,
106866,P,2002-04-01,65283,8,30.55,5.86,,
106867,P,2001-05-15,88698,1,31.97,7.02,,
106868,P,2002-04-30,95956,8,72.98,5.73,,
106869,P,2002-08-10,26555,1,12.25,6.83,,
106870,P,2002-01-23,94749,8,95.66,2.27,,
106871,P,2001-09-02,62545,8,21.29,3.58,,
106872,P,2001-10-15,89131,9,32.70,9.23,,
106873,P,2001-12-03,64017,6,29.16,1.59,,
106874,P,2000-10-05,9179,10,43.75,5.05,,
106875,P,2001-07-02,39552,2,22.35,9.43,,
106876,P,2000-09-10,93747,2,73.48,6.24,,
106877,P,2000-11-10,64740,3,0.97,6.34,,
106878,P,2001-09-18,97789,1,49.49,1.93,,
106879,P,2000-02-03,24394,1,13.53,6.68,,
106880,P,2001-06-16,10577,3,93.43,2.22,,
106881,P,2001-04-02,84030,8,91.59,8.02,,
106882,P,2002-07-26,93862,6,27.04,8.07,,
106883,P,2001-02-22,99895,10,69.99,9.09,,
106884,P,2000-12-26,845,6,19.64,0.88,,
106885,P,2002-03-10,34243,4,26.80,2.58,,
106886,P,2000-08-28,52145,3,58.06,4.05,,
106887,P,2001-03-20,59297,5,83.91,9.56,,
106888,P,2001-03-30,90274,1,46.48,1.35,,
106889,P,2002-08-22,280,5,67.80,8.48,,
106890,P,2000-12-28,98964,6,60.96,2.45,,
106891,P,2002-03-07,32259,1,48.09,2.74,,
106892,P,2000-12-06,259,9,53.32,0.21,,
106893,P,2001-12-17,60867,5,93.18,9.29,,
106894,P,2002-04-23,71534,5,87.07,6.43,,
106895,P,2002-05-15,44614,9,70.83,8.69,,
106896,P,2000-07-01,79299,10,32.18,0.42,,
106897,P,2000-08-28,40568,10,65.93,2.71,,
106898,P,2000-05-30,25534,7,49.11,0.45,,
106899,P,2001-07-17,59472,7,22.11,0.41,,
106900,P,2000-11-01,95687,9,96.72,8.62,,
106901,P,2000-12-05,77349,10,65.38,1.56,,
106902,P,2002-08-15,96132,5,90.57,9.72,,
106903,P,2001-01-25,74585,10,91.30,6.37,,
106904,P,2001-10-15,19466,3,64.86,9.86,,
106905,P,2001-11-22,43471,5,60.12,8.47,,
106906,P,2000-03-13,84559,8,65.92,3.01,,
106907,P,2000-11-08,13678,8,85.13,3.55,,
106908,P,2001-10-28,81503,5,5.65,8.32,,
106909,P,2001-08-24,4687,1,92.29,6.36,,
106910,P,2001-01-23,72239,9,66.65,8.84,,
106911,P,2002-09-13,66864,1,76.05,8.71,,
106912,P,2001-03-29,90611,10,67.15,6.73,,
106913,P,2000-09-17,33863,9,48.44,1.09,,
106914,P,2002-07-10,81765,4,70.44,8.56,,
106915,P,2001-05-28,91373,9,41.17,9.42,,
106916,P,2001-12-10,232,1,99.13,4.83,,
106917,P,2001-04-21,93517,2,25.13,4.30,,
106918,P,2002-01-09,81354,2,79.96,0.47,,
106919,P,2000-11-06,2098,7,54.88,9.29,,
106920,P,2001-12-04,94511,3,47.30,6.54,,
106921,P,2001-07-28,63340,3,92.21,9.65,,
106922,P,2001-07-10,24981,10,55.59,1.76,,
106923,P,2002-02-21,28692,8,83.91,5.28,,
106924,P,2000-12-08,46916,2,30.05,7.25,,
106925,P,2002-09-01,76864,1,43.60,7.30,,
106926,P,2002-06-08,55849,3,42.61,1.87,,
106927,P,2002-01-03,17748,4,67.60,4.12,,
106928,P,2000-02-14,88234,9,70.26,6.58,,
106929,P,2001-10-02,11523,4,54.71,2.26,,
106930,P,2002-05-20,13415,7,47.14,5.41,,
106931,P,2001-09-27,30491,6,38.57,6.51,,
106932,P,2001-03-30,56231,7,62.94,6.18,,
106933,P,2000-08-22,95009,4,60.77,1.85,,
106934,P,2002-01-18,97749,9,94.70,2.93,,
106935,P,2002-08-16,21808,7,45.84,3.00,,
106936,P,2001-04-11,98183,8,35.02,2.13,,
106937,P,2001-05-04,19519,3,32.58,1.18,,
106938,P,2001-01-15,990,4,34.57,6.47,,
106939,P,2000-12-04,15686,2,96.67,5.66,,
106940,P,2001-12-07,81970,7,15.44,3.24,,
106941,P,2002-08-05,99303,4,88.09,2.85,,
106942,P,2001-09-25,20737,8,62.97,8.49,,
106943,P,2001-07-17,21856,7,38.06,5.88,,
106944,P,2001-03-30,39115,5,52.93,1.19,,
106945,P,2001-09-25,52743,9,79.40,0.12,,
106946,P,2001-02-28,19177,9,48.83,0.96,,
106947,P,2000-12-24,76646,6,30.56,8.24,,
106948,P,2000-05-03,33577,10,75.52,5.52,,
106949,P,2000-01-21,85873,9,37.33,9.50,,
106950,P,2002-05-01,83248,7,90.52,5.94,,
106951,P,2001-08-22,12161,10,34.07,7.50,,
106952,P,2001-10-26,22462,3,57.35,6.66,,
106953,P,2001-01-08,24913,7,47.34,9.51,,
106954,P,2000-06-04,84570,7,88.35,0.36,,
106955,P,2002-01-12,17914,2,88.92,1.72,,
106956,P,2001-03-06,40257,7,88.30,7.05,,
106957,P,2002-03-26,31603,2,81.56,5.66,,
106958,P,2000-08-18,78529,8,31.13,9.84,,
106959,P,2001-06-26,47735,4,66.04,5.80,,
106960,P,2001-11-26,68186,3,13.31,0.20,,
106961,P,2000-06-03,34909,7,51.50,6.13,,
106962,P,2001-09-01,89503,6,1.59,0.80,,
106963,P,2000-02-04,3897,9,55.91,4.09,,
106964,P,2001-03-26,874,7,22.33,3.91,,
106965,P,2002-02-27,5703,9,32.60,6.23,,
106966,P,2000-02-09,92421,1,79.37,8.15,,
106967,P,2001-01-22,92386,1,70.13,6.56,,
106968,P,2002-08-18,28057,5,48.21,8.96,,
106969,P,2002-09-18,46887,5,89.02,4.43,,
106970,P,2000-11-02,17130,6,52.27,7.22,,
106971,P,2000-10-09,12640,6,11.20,3.89,,
106972,P,2002-05-11,17963,5,12.04,5.34,,
106973,P,2000-07-21,74797,2,58.57,3.22,,
106974,P,2001-02-21,13087,8,51.30,5.43,,
106975,P,2002-06-27,55531,9,78.77,2.96,,
106976,P,2000-07-24,80257,7,5.65,4.81,,
106977,P,2001-11-15,58458,10,91.07,9.97,,
106978,P,2002-03-01,57186,5,52.75,5.06,,
106979,P,2000-09-17,80555,1,10.95,6.25,,
106980,P,2002-08-16,73814,4,89.99,2.05,,
106981,P,2000-07-09,57758,5,20.64,2.16,,
106982,P,2000-09-07,30574,8,54.31,6.21,,
106983,P,2002-02-07,57086,9,65.51,6.75,,
106984,P,2002-07-12,5960,6,20.61,9.89,,
106985,P,2000-12-08,28890,3,71.50,9.94,,
106986,P,2001-04-28,73433,8,69.12,4.48,,
106987,P,2000-01-03,58132,2,93.41,8.78,,
106988,P,2000-12-13,89860,2,65.77,3.38,,
106989,P,2001-03-07,68990,2,71.13,3.98,,
106990,P,2001-10-06,26808,9,97.09,8.82,,
106991,P,2000-10-13,2877,2,78.23,2.95,,
106992,P,2001-05-30,11790,6,15.56,4.33,,
106993,P,2001-01-23,84067,1,55.51,7.55,,
106994,P,2002-03-25,21268,7,25.07,5.63,,
106995,P,2002-06-15,99001,9,66.40,8.42,,
106996,P,2001-04-01,98835,2,63.48,7.62,,
106997,P,2002-01-20,11206,4,65.32,3.88,,
106998,P,2002-01-21,612,4,59.47,4.65,,
106999,P,2001-04-11,47343,9,96.42,7.60,,
107000,P,2002-05-08,15725,3,36.04,0.87,,
107001,P,2002-02-17,81641,10,57.19,6.64,,
107002,P,2001-10-28,69538,1,60.22,5.59,,
107003,P,2000-04-30,65424,1,90.91,8.02,,
107004,P,2002-03-29,56945,9,47.89,5.71,,
107005,P,2000-07-23,21577,6,93.14,5.71,,
107006,P,2000-07-26,8532,8,98.46,1.34,,
107007,P,2000-03-16,34147,3,35.30,0.67,,
107008,P,2002-06-19,94872,3,97.33,1.38,,
107009,P,2001-08-24,6063,6,66.41,3.52,,
107010,P,2002-09-16,15736,2,50.04,4.30,,
107011,P,2001-06-07,7834,4,57.57,2.63,,
107012,P,2001-06-05,10413,4,63.21,2.17,,
107013,P,2002-07-17,39214,6,81.55,1.22,,
107014,P,2002-06-02,74895,2,40.85,1.01,,
107015,P,2001-05-19,97459,3,75.68,1.71,,
107016,P,2001-10-11,1468,8,65.95,5.49,,
107017,P,2001-05-12,84084,10,9.79,7.05,,
107018,P,2001-01-14,68067,6,90.91,4.53,,
107019,P,2001-07-21,39819,6,32.96,2.56,,
107020,P,2002-02-24,20525,2,50.94,0.18,,
107021,P,2002-03-11,24400,4,52.06,2.14,,
107022,P,2001-04-18,53149,7,96.71,5.50,,
107023,P,2000-10-16,33690,5,41.00,1.55,,
107024,P,2002-05-10,7171,4,39.93,4.72,,
107025,P,2001-09-09,82893,5,1.57,3.36,,
107026,P,2000-06-11,55636,9,6.71,8.42,,
107027,P,2001-02-05,80484,3,4.84,6.58,,
107028,P,2002-02-03,29847,1,47.79,6.89,,
107029,P,2002-09-21,12389,10,5.05,6.05,,
107030,P,2002-04-27,95398,1,5.03,2.52,,
107031,P,2000-07-07,11949,10,27.60,1.48,,
107032,P,2001-08-17,71678,7,97.59,0.56,,
107033,P,2001-08-04,35784,4,47.19,1.72,,
107034,P,2001-03-13,40935,7,77.19,8.76,,
107035,P,2000-07-14,20566,1,67.47,8.80,,
107036,P,2002-07-31,54938,10,74.56,4.09,,
107037,P,2001-08-18,87116,3,54.78,4.12,,
107038,P,2002-06-21,90029,4,52.43,9.64,,
107039,P,2001-08-16,25675,10,23.86,8.19,,
107040,P,2001-07-30,23309,9,60.25,8.23,,
107041,P,2001-08-28,25463,7,30.34,5.47,,
107042,P,2000-03-21,98895,5,49.87,0.02,,
107043,P,2002-05-31,27010,9,82.34,4.94,,
107044,P,2002-07-28,26914,7,33.90,8.42,,
107045,P,2002-01-28,55683,4,71.45,6.12,,
107046,P,2001-12-04,22563,1,63.65,0.23,,
107047,P,2002-02-08,84405,3,94.20,8.43,,
107048,P,2002-06-04,20298,5,24.76,5.69,,
107049,P,2000-02-09,25542,6,28.39,8.73,,
107050,P,2000-07-08,98725,6,72.34,1.85,,
107051,P,2001-10-03,52534,5,59.97,1.89,,
107052,P,2001-06-11,62212,5,16.41,7.14,,
107053,P,2001-12-03,3350,1,28.04,7.51,,
107054,P,2002-01-06,63334,4,53.66,2.43,,
107055,P,2002-01-12,32751,3,39.29,8.23,,
107056,P,2002-08-18,3090,9,70.22,3.20,,
107057,P,2000-04-06,73302,6,37.01,5.35,,
107058,P,2000-06-24,48928,10,75.51,3.34,,
107059,P,2002-03-01,46463,9,44.87,2.80,,
107060,P,2002-06-29,64561,9,46.43,7.63,,
107061,P,2001-08-01,4222,4,74.49,0.67,,
107062,P,2002-09-16,46458,3,46.24,9.59,,
107063,P,2002-07-02,43859,4,18.62,3.00,,
107064,P,2000-01-21,68957,10,65.94,8.39,,
107065,P,2000-12-19,26429,4,51.97,2.42,,
107066,P,2000-07-29,6055,4,85.44,1.65,,
107067,P,2001-09-12,46398,8,54.10,0.45,,
107068,P,2000-06-11,88847,6,74.31,3.08,,
107069,P,2000-01-22,38506,10,93.73,5.41,,
107070,P,2000-05-31,52509,7,8.76,0.11,,
107071,P,2000-07-27,74476,1,54.21,3.60,,
107072,P,2002-05-10,79883,6,27.18,6.40,,
107073,P,2000-07-31,40858,8,82.35,8.38,,
107074,P,2001-04-13,66273,1,44.12,6.01,,
107075,P,2002-01-29,8353,1,4.58,4.60,,
107076,P,2002-02-18,70023,6,31.18,2.55,,
107077,P,2000-06-09,68722,9,71.96,5.44,,
107078,P,2000-08-18,64325,1,56.11,7.89,,
107079,P,2002-01-07,87399,2,34.78,9.25,,
107080,P,2001-02-08,63235,6,5.04,7.14,,
107081,P,2001-10-09,87221,4,21.01,2.73,,
107082,P,2000-08-15,71256,1,8.83,7.14,,
107083,P,2002-02-15,59787,4,29.01,5.94,,
107084,P,2001-07-16,94526,7,72.19,1.34,,
107085,P,2001-08-23,74561,4,80.71,9.59,,
107086,P,2000-04-07,56426,6,63.14,7.33,,
107087,P,2002-07-19,77580,4,33.95,2.51,,
107088,P,2001-02-05,64282,6,44.85,9.86,,
107089,P,2001-08-13,22431,4,65.53,2.70,,
107090,P,2001-12-25,74051,1,58.59,8.20,,
107091,P,2001-03-19,23855,6,51.47,0.83,,
107092,P,2000-02-08,46975,7,55.91,8.09,,
107093,P,2001-03-13,60838,9,35.29,8.61,,
107094,P,2002-08-20,7662,4,5.49,7.62,,
107095,P,2000-08-04,59926,1,0.50,6.32,,
107096,P,2001-10-08,66787,9,94.44,4.46,,
107097,P,2000-04-24,301,6,88.30,8.07,,
107098,P,2001-04-15,90454,10,23.32,7.83,,
107099,P,2000-09-30,11053,1,54.86,1.83,,
107100,P,2000-04-21,65647,5,99.17,8.07,,
107101,P,2002-06-11,28875,4,37.85,9.18,,
107102,P,2000-04-02,38124,1,20.84,5.05,,
107103,P,2001-06-30,8740,8,95.69,7.95,,
107104,P,2002-02-22,2907,8,92.76,3.32,,
107105,P,2001-04-24,72397,2,1.46,4.57,,
107106,P,2001-07-07,35978,6,92.95,4.11,,
107107,P,2000-06-07,27460,6,72.02,3.53,,
107108,P,2001-01-17,89329,1,18.88,3.48,,
107109,P,2001-09-27,39621,8,55.30,2.56,,
107110,P,2002-06-05,53355,10,6.34,8.97,,
107111,P,2001-05-27,41453,6,84.09,7.61,,
107112,P,2001-07-12,48398,9,50.43,5.57,,
107113,P,2002-04-12,23647,10,83.97,7.20,,
107114,P,2000-09-12,19245,5,51.67,7.22,,
107115,P,2002-08-23,60525,2,72.78,7.30,,
107116,P,2001-01-15,29135,9,73.79,5.33,,
107117,P,2001-09-18,80755,2,58.34,0.70,,
107118,P,2000-09-08,57300,6,29.69,1.01,,
107119,P,2002-02-13,16628,1,38.50,9.01,,
107120,P,2001-12-13,53533,4,92.56,9.30,,
107121,P,2000-03-22,85870,1,68.35,0.88,,
107122,P,2000-07-30,84205,2,93.06,1.94,,
107123,P,2001-04-05,3097,5,8.47,4.66,,
107124,P,2000-11-28,7673,2,29.69,8.62,,
107125,P,2000-12-01,29935,2,86.90,3.13,,
107126,P,2001-12-07,15899,1,81.99,7.22,,
107127,P,2000-10-10,4119,2,85.52,4.50,,
107128,P,2002-08-01,93842,6,53.35,6.42,,
107129,P,2000-01-15,3178,10,6.14,6.61,,
107130,P,2001-07-30,84342,1,91.71,0.99,,
107131,P,2001-12-07,15074,5,81.31,3.70,,
