497527,P,2000-10-05,86600,9,57.51,9.26,,
497528,P,2002-02-16,56249,2,60.97,7.90,,
497529,P,2001-12-16,14389,2,56.13,0.79,,
497530,P,2001-11-27,64508,9,47.40,7.51,,
497531,P,2001-05-23,96745,10,48.75,5.95,,
497532,P,2000-12-03,53850,6,42.74,1.84,,
497533,P,2002-03-25,85109,7,36.21,2.22,,
497534,P,2000-11-24,20490,10,30.59,5.46,,
497535,P,2001-07-10,77103,10,23.64,0.14,,
497536,P,2000-08-18,48157,6,86.06,1.16,,
497537,P,2001-10-21,56684,10,57.79,1.84,,
497538,P,2000-01-24,46693,4,45.93,5.97,,
497539,P,2000-02-11,35097,6,48.31,9.98,,
497540,P,2000-06-03,19177,10,9.76,6.97,,
497541,P,2001-11-03,46261,8,81.42,5.18,,
497542,P,2000-10-07,23177,6,87.83,3.30,,
497543,P,2002-08-22,60101,7,1.37,6.67,,
497544,P,2002-04-11,97343,2,2.78,8.09,,
497545,P,2000-06-03,53112,1,7.84,2.23,,
497546,P,2000-09-13,42115,5,49.32,5.22,,
497547,P,2001-01-02,59257,9,79.11,9.80,,
497548,P,2000-01-27,67982,4,67.09,6.50,,
497549,P,2000-01-19,58804,9,37.90,4.98,,
497550,P,2000-06-08,87779,2,82.23,1.19,,
497551,P,2000-05-15,60544,5,96.63,8.11,,
497552,P,2000-01-10,12551,4,42.58,3.94,,
497553,P,2001-07-04,3827,1,18.69,1.31,,
497554,P,2002-08-09,48522,2,98.78,9.37,,
497555,P,2001-11-16,27652,8,25.45,2.29,,
497556,P,2000-07-18,83612,5,48.13,7.46,,
497557,P,2001-01-14,53793,4,11.17,3.24,,
497558,P,2000-06-01,62465,5,79.25,1.82,,
497559,P,2000-08-02,73316,9,45.46,7.78,,
497560,P,2001-06-21,2211,6,83.33,3.77,,
497561,P,2000-03-17,77455,10,90.13,3.75,,
497562,P,2000-01-11,96510,2,21.66,6.25,,
497563,P,2001-01-16,48693,1,10.82,6.33,,
497564,P,2001-07-11,12323,5,38.28,0.25,,
497565,P,2002-04-01,57263,4,9.07,3.14,,
497566,P,2002-04-10,18829,7,21.51,5.48,,
497567,P,2000-07-09,22201,2,53.65,5.57,,
497568,P,2000-03-06,32234,1,5.65,6.07,,
497569,P,2001-07-25,81344,10,7.40,5.22,,
497570,P,2002-06-28,27636,8,15.69,2.82,,
497571,P,2001-10-20,60602,10,42.52,1.88,,
497572,P,2001-06-03,17138,4,51.15,2.69,,
497573,P,2002-09-07,57068,6,79.10,9.09,,
497574,P,2000-04-19,98438,3,72.30,6.15,,
497575,P,2000-08-26,6204,9,56.60,1.70,,
497576,P,2002-07-12,43085,6,57.33,1.01,,
497577,P,2001-08-11,1152,9,42.18,3.92,,
497578,P,2001-09-20,49548,10,19.99,3.06,,
497579,P,2002-01-19,64711,9,81.09,3.83,,
497580,P,2000-02-05,91533,4,94.46,4.42,,
497581,P,2001-03-28,49755,2,63.98,6.81,,
497582,P,2002-03-01,64142,5,83.99,8.44,,
497583,P,2001-11-10,50504,9,73.77,6.38,,
497584,P,2000-09-15,66192,5,25.53,6.42,,
497585,P,2001-12-29,38990,10,36.27,0.75,,
497586,P,2000-02-08,67032,6,97.81,4.88,,
497587,P,2001-04-05,43284,7,88.67,4.01,,
497588,P,2000-01-13,26139,5,60.35,4.86,,
497589,P,2000-05-06,76557,1,7.13,8.99,,
497590,P,2001-10-04,52203,3,26.91,9.33,,
497591,P,2001-09-23,52721,7,15.24,9.85,,
497592,P,2002-01-02,98227,5,97.57,5.91,,
497593,P,2000-11-04,32188,4,55.78,7.20,,
497594,P,2002-01-02,16219,1,69.08,8.49,,
497595,P,2001-06-21,84577,2,11.70,6.67,,
497596,P,2002-09-26,90422,7,41.08,0.25,,
497597,P,2001-02-06,92267,7,70.69,5.12,,
497598,P,2001-04-18,76411,1,45.85,2.96,,
497599,P,2001-07-03,26864,3,44.90,1.23,,
497600,P,2000-02-20,80113,4,1.14,2.12,,
497601,P,2000-04-05,17922,3,96.41,8.64,,
497602,P,2002-05-26,53654,6,40.10,8.95,,
497603,P,2000-09-08,13000,1,35.67,7.86,,
497604,P,2001-04-28,94564,8,19.42,0.76,,
497605,P,2002-08-26,97264,6,58.61,2.86,,
497606,P,2000-08-26,91716,5,24.49,6.12,,
497607,P,2001-10-22,3072,9,45.64,7.45,,
497608,P,2002-01-13,12151,4,32.72,7.85,,
497609,P,2002-01-01,10294,3,97.67,2.83,,
497610,P,2001-03-26,23401,10,47.31,4.84,,
497611,P,2000-10-31,21987,2,58.79,6.33,,
497612,P,2000-11-25,89564,2,25.00,7.20,,
497613,P,2001-01-11,15019,8,78.27,5.89,,
497614,P,2001-01-10,86753,9,33.17,1.93,,
497615,P,2001-10-31,4805,2,24.26,4.51,,
497616,P,2001-05-06,30400,2,78.26,5.79,,
497617,P,2001-06-22,98633,10,26.28,2.97,,
497618,P,2000-03-23,35926,9,35.63,5.94,,
497619,P,2000-09-18,79179,7,0.24,7.93,,
497620,P,2001-05-19,33797,10,20.57,0.47,,
497621,P,2001-11-09,93420,2,57.08,1.97,,
497622,P,2002-08-02,91321,8,6.43,6.67,,
497623,P,2000-05-10,77548,7,57.73,9.49,,
497624,P,2002-07-30,14734,10,65.41,6.86,,
497625,P,2000-04-21,22462,4,23.48,5.84,,
497626,P,2002-03-12,22858,10,59.52,1.09,,
497627,P,2001-01-21,48391,7,79.70,3.57,,
497628,P,2001-12-27,79200,4,66.78,8.04,,
497629,P,2000-07-20,23770,4,83.67,2.95,,
497630,P,2000-08-06,29158,8,54.91,6.39,,
497631,P,2000-01-05,83672,6,67.54,7.28,,
497632,P,2000-11-22,84839,4,71.73,2.62,,
497633,P,2002-02-15,82128,9,18.37,6.43,,
497634,P,2001-04-02,45370,10,63.81,1.55,,
497635,P,2002-05-23,26923,4,46.90,4.43,,
497636,P,2001-08-31,57069,6,6.79,4.59,,
497637,P,2001-03-25,38834,6,35.06,7.41,,
497638,P,2001-01-13,25107,5,75.45,9.10,,
497639,P,2000-07-06,3048,2,48.83,7.01,,
497640,P,2001-09-24,91496,10,45.70,9.83,,
497641,P,2000-06-07,94610,1,60.24,5.81,,
497642,P,2000-02-22,849,4,52.12,9.24,,
497643,P,2000-09-03,99363,10,89.34,7.86,,
497644,P,2000-09-24,26997,6,15.64,7.17,,
497645,P,2000-02-12,63527,10,6.90,8.43,,
497646,P,2000-05-10,89029,6,7.55,1.04,,
497647,P,2000-05-13,41426,1,96.44,2.11,,
497648,P,2000-10-02,18255,4,45.77,5.99,,
497649,P,2002-04-19,38789,6,12.09,3.93,,
497650,P,2001-07-09,85071,1,70.57,8.28,,
497651,P,2000-08-20,57013,1,13.50,7.79,,
497652,P,2001-10-22,53844,6,99.97,6.25,,
497653,P,2000-10-06,35197,5,19.86,4.22,,
497654,P,2000-08-31,31431,1,32.18,3.04,,
497655,P,2000-09-14,58023,3,80.29,1.97,,
497656,P,2001-12-01,20412,6,73.09,1.87,,
497657,P,2000-11-16,38096,1,35.41,9.66,,
497658,P,2002-01-11,95907,1,45.14,2.21,,
497659,P,2000-04-18,11939,7,43.29,4.50,,
497660,P,2001-01-01,11695,8,36.70,9.14,,
497661,P,2001-02-03,57477,9,39.48,0.69,,
497662,P,2000-10-06,16100,6,87.41,0.80,,
497663,P,2000-10-05,75661,2,53.91,1.53,,
497664,P,2000-03-06,11110,4,84.77,4.45,,
497665,P,2001-10-18,96240,7,43.18,9.68,,
497666,P,2002-03-18,59112,2,9.17,0.74,,
497667,P,2002-02-01,92727,7,38.92,4.07,,
497668,P,2000-04-07,27649,8,4.75,4.17,,
497669,P,2000-07-02,70042,2,10.87,0.47,,
497670,P,2001-08-19,71626,8,34.14,2.50,,
497671,P,2000-09-11,92982,5,9.49,1.44,,
497672,P,2000-08-31,9662,5,68.25,8.56,,
497673,P,2001-02-26,42615,9,50.97,2.00,,
497674,P,2001-07-31,35851,5,78.27,2.48,,
497675,P,2001-01-14,72430,2,2.39,7.80,,
497676,P,2000-05-23,99283,10,12.82,3.80,,
497677,P,2000-04-08,46027,10,87.95,4.86,,
497678,P,2000-04-30,80464,10,12.44,2.81,,
497679,P,2000-03-29,49446,5,99.70,4.19,,
497680,P,2001-10-14,36946,4,52.71,2.21,,
497681,P,2001-09-06,82919,6,1.76,6.64,,
497682,P,2000-05-03,94399,6,4.90,9.44,,
497683,P,2002-01-28,11055,6,60.06,2.22,,
497684,P,2002-04-05,9521,1,55.76,8.39,,
497685,P,2002-04-28,53584,5,37.01,5.93,,
497686,P,2001-07-23,66055,3,77.43,8.43,,
497687,P,2001-10-18,45676,10,29.20,8.32,,
497688,P,2001-11-15,80971,6,17.08,7.52,,
497689,P,2000-02-11,13204,10,3.83,2.33,,
497690,P,2002-01-06,48729,6,40.06,2.66,,
497691,P,2000-08-16,49936,5,19.08,9.13,,
497692,P,2001-09-03,77719,5,71.84,4.39,,
497693,P,2002-04-01,28051,5,47.21,5.68,,
497694,P,2001-02-07,89149,8,92.64,8.28,,
497695,P,2002-02-18,2135,2,70.91,8.34,,
497696,P,2000-01-27,26041,4,22.73,4.34,,
497697,P,2002-01-10,72043,6,93.58,0.58,,
497698,P,2000-03-06,51656,4,6.46,8.74,,
497699,P,2002-07-28,90029,2,42.13,3.16,,
497700,P,2000-08-26,37628,9,83.16,2.07,,
497701,P,2001-06-23,41064,9,97.31,0.65,,
497702,P,2001-09-02,27985,2,19.37,4.08,,
497703,P,2001-11-01,73069,5,1.28,1.40,,
497704,P,2000-04-06,31156,2,36.00,9.97,,
497705,P,2000-07-17,75177,6,93.10,7.88,,
497706,P,2001-11-25,12853,3,89.17,5.08,,
497707,P,2001-04-16,47221,10,69.57,5.21,,
497708,P,2002-05-08,60354,3,76.81,5.22,,
497709,P,2002-04-02,17321,1,42.30,1.11,,
497710,P,2001-05-29,35532,6,60.38,1.25,,
497711,P,2001-12-30,99738,1,66.37,6.07,,
497712,P,2000-06-25,10855,7,43.46,1.58,,
497713,P,2001-05-24,42932,6,86.31,1.22,,
497714,P,2000-05-03,74561,3,78.88,6.37,,
497715,P,2001-12-13,34837,8,3.66,6.54,,
497716,P,2001-05-25,43787,4,63.16,3.38,,
497717,P,2002-08-01,90489,8,91.15,8.29,,
497718,P,2002-01-29,65725,3,78.60,1.78,,
497719,P,2001-07-10,25853,4,16.13,0.70,,
497720,P,2002-04-28,45749,9,61.52,7.66,,
497721,P,2001-09-22,15645,5,99.20,9.69,,
497722,P,2002-06-02,17372,4,12.58,6.80,,
497723,P,2001-07-20,66515,2,42.50,5.95,,
497724,P,2001-10-28,81933,7,11.55,9.70,,
497725,P,2001-02-28,80556,4,57.82,4.32,,
497726,P,2001-07-10,272,4,27.74,6.36,,
497727,P,2000-12-17,98705,10,96.26,5.73,,
497728,P,2001-02-07,17321,1,71.72,9.72,,
497729,P,2000-11-30,408,4,50.11,2.45,,
497730,P,2001-06-21,965,4,27.26,8.76,,
497731,P,2000-06-11,64221,2,45.62,9.34,,
497732,P,2001-10-02,57155,6,62.55,5.46,,
497733,P,2002-02-22,7474,1,4.23,8.70,,
497734,P,2000-07-02,10595,4,97.17,1.15,,
497735,P,2001-05-13,42151,8,6.28,8.37,,
497736,P,2000-09-18,24197,9,47.72,8.74,,
497737,P,2000-12-01,84890,5,57.70,1.36,,
497738,P,2002-05-18,6072,8,60.40,7.42,,
497739,P,2001-01-07,93892,1,96.48,7.42,,
497740,P,2001-07-18,8537,6,20.36,8.26,,
497741,P,2001-10-21,43519,6,13.38,6.66,,
497742,P,2002-02-23,82432,9,91.39,5.07,,
497743,P,2000-06-25,369,1,40.76,1.09,,
497744,P,2000-07-16,80020,7,57.24,9.93,,
497745,P,2001-07-01,55522,5,66.88,2.81,,
497746,P,2002-04-20,77910,3,2.11,7.57,,
497747,P,2001-05-24,15630,4,12.60,6.50,,
497748,P,2000-08-26,28712,2,11.87,9.06,,
497749,P,2000-04-04,26143,8,60.20,1.25,,
497750,P,2002-08-10,4791,2,76.16,9.77,,
497751,P,2002-01-14,99568,10,95.65,0.70,,
497752,P,2001-11-30,73713,9,45.41,1.36,,
497753,P,2000-03-27,60790,4,21.21,9.16,,
497754,P,2001-04-29,93094,4,0.04,1.31,,
497755,P,2000-03-14,90775,4,38.84,3.48,,
497756,P,2002-04-19,59799,6,87.98,0.20,,
497757,P,2002-03-14,75245,3,91.12,0.16,,
497758,P,2001-03-10,58584,10,69.34,2.19,,
497759,P,2002-04-17,93379,3,41.18,9.11,,
497760,P,2000-10-12,81426,8,80.38,6.44,,
497761,P,2000-06-08,49249,6,78.18,7.17,,
497762,P,2001-04-12,44236,5,17.91,8.62,,
497763,P,2001-07-24,7893,8,65.82,1.71,,
497764,P,2001-04-21,84746,6,16.18,2.27,,
497765,P,2000-09-26,9302,8,71.29,4.62,,
497766,P,2001-03-03,76221,10,17.82,3.80,,
497767,P,2001-04-17,6326,6,23.97,1.12,,
497768,P,2000-03-11,88626,10,13.74,6.71,,
497769,P,2001-05-11,13382,8,32.02,7.54,,
497770,P,2002-03-15,75327,6,70.02,8.05,,
497771,P,2002-01-22,32376,4,15.38,0.42,,
497772,P,2000-11-07,95042,2,54.59,3.52,,
497773,P,2000-11-01,30141,3,54.85,6.33,,
497774,P,2001-02-07,30617,7,18.44,8.86,,
497775,P,2000-06-01,47865,5,86.76,4.27,,
497776,P,2002-02-27,73303,10,89.63,0.56,,
497777,P,2001-07-31,43714,10,19.35,6.71,,
497778,P,2001-12-15,54076,3,95.72,9.66,,
497779,P,2000-04-21,55542,4,48.13,8.24,,
497780,P,2000-05-30,9085,2,31.45,0.93,,
497781,P,2001-08-24,18099,8,1.62,6.98,,
497782,P,2002-06-16,19030,3,11.21,8.95,,
497783,P,2001-07-09,70991,4,32.23,7.10,,
497784,P,2001-06-06,96735,5,89.88,2.30,,
497785,P,2002-06-11,27591,3,35.13,6.99,,
497786,P,2000-06-22,32207,6,9.96,6.39,,
497787,P,2001-09-24,79286,4,99.46,1.07,,
497788,P,2001-05-08,84279,4,36.93,7.21,,
497789,P,2002-08-04,6049,9,62.30,1.79,,
497790,P,2001-09-23,83676,8,25.61,2.60,,
497791,P,2000-04-03,4922,4,44.21,1.51,,
497792,P,2000-03-03,70888,4,60.05,3.98,,
497793,P,2001-02-23,90772,6,67.97,3.34,,
497794,P,2001-08-20,39071,5,29.54,4.20,,
497795,P,2001-02-16,85563,10,29.09,8.03,,
497796,P,2001-07-21,91846,6,22.35,0.89,,
497797,P,2002-01-21,12688,10,32.45,2.31,,
497798,P,2000-09-07,16022,7,91.30,1.98,,
497799,P,2000-09-10,65756,4,96.74,2.36,,
497800,P,2000-02-14,47241,3,68.36,7.32,,
497801,P,2001-03-30,8716,8,29.95,8.77,,
497802,P,2001-05-20,18648,5,2.93,6.51,,
497803,P,2000-01-05,49437,4,1.18,6.30,,
497804,P,2001-01-19,52704,6,88.85,9.78,,
497805,P,2000-06-17,65944,7,19.95,2.28,,
497806,P,2000-08-10,2875,3,97.86,9.66,,
497807,P,2000-12-09,17573,9,3.19,0.88,,
497808,P,2002-01-22,88239,10,86.34,1.93,,
497809,P,2001-09-10,40998,2,60.20,4.50,,
497810,P,2002-04-07,41104,5,99.11,2.84,,
497811,P,2001-12-28,7138,9,89.07,7.70,,
497812,P,2001-02-20,93898,1,50.82,4.30,,
497813,P,2002-02-10,39999,8,56.01,0.63,,
497814,P,2001-07-09,62209,8,87.57,8.12,,
497815,P,2001-03-07,83484,2,40.92,0.42,,
497816,P,2000-10-10,30278,9,86.68,1.52,,
497817,P,2001-09-21,30341,6,45.28,5.97,,
497818,P,2000-09-11,38714,5,8.02,2.92,,
497819,P,2001-09-27,31758,3,1.40,3.55,,
497820,P,2000-07-06,80849,8,76.20,9.31,,
497821,P,2000-07-18,83557,3,9.15,7.18,,
497822,P,2002-01-06,96746,2,81.65,7.58,,
497823,P,2001-01-21,6823,10,58.78,2.87,,
497824,P,2001-02-06,70746,10,71.76,9.84,,
497825,P,2000-10-15,30152,8,98.47,1.38,,
497826,P,2002-07-18,37516,6,82.47,5.85,,
497827,P,2001-04-28,27276,8,54.50,5.55,,
497828,P,2000-09-21,93432,9,62.62,4.42,,
497829,P,2002-03-21,62521,7,44.98,8.74,,
497830,P,2000-11-26,90458,1,79.06,7.44,,
497831,P,2001-12-12,10133,2,74.19,6.66,,
497832,P,2001-07-26,99797,3,96.11,7.44,,
497833,P,2000-05-12,56659,8,29.25,9.75,,
497834,P,2001-08-29,56651,10,48.48,6.30,,
497835,P,2001-12-16,38239,7,28.06,0.22,,
497836,P,2000-10-26,34115,3,26.75,7.96,,
497837,P,2001-06-08,49472,5,12.52,4.53,,
497838,P,2001-10-26,96130,6,2.85,8.96,,
497839,P,2001-09-23,8259,4,77.02,1.47,,
497840,P,2001-06-17,42858,7,85.18,3.78,,
497841,P,2000-05-31,33172,10,33.35,7.22,,
497842,P,2002-05-15,51720,4,85.98,4.04,,
497843,P,2001-12-10,45289,4,82.08,5.89,,
497844,P,2001-10-15,90875,7,82.67,5.28,,
497845,P,2000-06-27,77431,10,39.02,7.74,,
497846,P,2002-03-12,66667,2,14.83,9.27,,
497847,P,2000-04-07,55294,4,80.24,8.80,,
497848,P,2000-08-18,54819,5,9.93,1.09,,
497849,P,2000-03-16,57032,1,41.55,5.31,,
497850,P,2000-07-26,91906,8,99.65,0.44,,
497851,P,2001-05-15,5496,3,12.42,1.80,,
497852,P,2001-03-02,20380,8,53.09,0.02,,
497853,P,2000-01-14,58045,3,1.17,8.10,,
497854,P,2000-10-25,88860,6,78.14,5.03,,
497855,P,2000-07-14,94273,10,93.62,4.89,,
497856,P,2000-01-13,82966,3,45.94,0.04,,
497857,P,2000-02-26,80898,7,8.49,2.57,,
497858,P,2002-01-31,99985,2,22.82,6.72,,
497859,P,2000-05-31,92984,8,46.06,4.65,,
497860,P,2002-02-03,73763,10,36.93,2.20,,
497861,P,2002-01-06,8893,4,73.33,3.50,,
497862,P,2000-05-17,51970,6,86.28,9.38,,
497863,P,2002-09-20,35967,10,38.02,5.89,,
497864,P,2000-07-22,93143,2,71.82,8.33,,
497865,P,2001-10-08,75256,5,31.02,2.77,,
497866,P,2000-03-14,11160,5,66.81,5.55,,
497867,P,2001-03-07,50895,5,53.17,1.40,,
497868,P,2001-06-29,42290,8,54.74,4.33,,
497869,P,2001-12-22,74930,4,90.41,2.69,,
497870,P,2002-08-17,52209,5,88.14,8.64,,
497871,P,2002-05-07,97406,10,18.39,8.18,,
497872,P,2000-12-12,95638,1,59.17,4.86,,
497873,P,2001-12-06,15022,2,8.40,1.42,,
497874,P,2001-02-22,53054,3,41.18,0.51,,
497875,P,2002-06-15,24696,1,42.47,6.09,,
497876,P,2001-02-01,74557,4,65.67,2.76,,
497877,P,2001-07-19,72954,1,73.47,8.36,,
497878,P,2002-01-26,9432,9,45.50,3.77,,
497879,P,2001-02-07,1301,4,28.36,5.19,,
497880,P,2001-07-12,55165,6,83.22,0.99,,
497881,P,2000-02-13,58322,3,58.93,6.48,,
497882,P,2000-02-07,77577,4,36.67,3.70,,
497883,P,2002-07-30,85191,1,86.42,1.63,,
497884,P,2001-09-15,62976,10,48.05,8.67,,
497885,P,2001-02-08,47217,7,20.67,4.86,,
497886,P,2002-08-31,12472,4,34.44,7.01,,
497887,P,2000-11-06,80244,8,40.36,0.81,,
497888,P,2000-05-11,28008,6,88.03,2.81,,
497889,P,2001-07-23,90931,8,78.95,5.02,,
497890,P,2001-08-01,96685,3,63.98,2.66,,
497891,P,2001-09-24,39516,1,82.93,5.65,,
497892,P,2000-03-28,88031,9,28.79,0.69,,
497893,P,2000-02-24,93882,3,29.05,8.06,,
497894,P,2002-03-29,41853,9,37.76,0.94,,
497895,P,2002-03-10,77245,3,94.15,6.35,,
497896,P,2000-06-06,4681,1,42.56,5.63,,
497897,P,2000-05-03,36150,5,81.88,6.62,,
497898,P,2001-04-10,59394,6,91.95,2.90,,
497899,P,2002-02-12,81374,1,71.49,3.35,,
497900,P,2001-03-09,22311,5,53.08,1.22,,
497901,P,2001-12-04,20058,2,17.12,0.27,,
497902,P,2000-07-03,70021,4,61.78,1.92,,
497903,P,2001-09-20,65069,5,60.60,0.10,,
497904,P,2000-10-04,56549,5,23.98,3.13,,
497905,P,2001-09-06,59959,6,23.07,4.64,,
497906,P,2002-07-08,81766,5,63.47,4.29,,
497907,P,2000-08-14,26250,7,55.15,2.15,,
497908,P,2001-08-26,73234,1,81.96,6.98,,
497909,P,2000-03-08,4383,3,36.78,7.24,,
497910,P,2000-03-25,22793,2,92.25,9.66,,
497911,P,2001-12-18,53799,6,43.06,5.07,,
497912,P,2000-01-13,47711,1,8.00,0.31,,
497913,P,2000-10-20,27932,2,42.89,0.40,,
497914,P,2002-07-11,44882,3,82.04,8.96,,
497915,P,2001-01-29,32783,6,62.56,3.17,,
497916,P,2000-09-19,44777,2,49.82,9.46,,
497917,P,2000-11-04,32057,4,74.15,6.67,,
497918,P,2000-01-19,66583,2,31.18,7.61,,
497919,P,2001-06-21,24311,3,80.80,9.43,,
497920,P,2000-07-10,70047,2,97.53,4.73,,
497921,P,2001-01-22,81402,9,20.94,2.92,,
497922,P,2002-06-28,49558,2,8.48,0.48,,
497923,P,2000-11-08,498,10,29.21,2.29,,
497924,P,2001-11-15,70543,8,80.80,6.95,,
497925,P,2000-04-02,95420,7,27.00,3.02,,
497926,P,2002-03-12,73480,7,12.32,9.96,,
497927,P,2001-10-31,6427,6,90.39,2.89,,
497928,P,2002-05-14,75730,6,88.48,1.50,,
497929,P,2000-08-12,95019,9,59.66,8.12,,
497930,P,2000-04-14,27505,2,95.92,3.51,,
497931,P,2001-09-26,65477,3,13.07,5.11,,
497932,P,2001-10-10,81530,9,48.35,3.40,,
497933,P,2002-07-18,73885,1,66.88,6.54,,
497934,P,2001-05-01,11084,8,9.61,5.52,,
497935,P,2001-07-03,78963,10,19.61,8.28,,
497936,P,2000-10-07,65028,4,37.31,1.14,,
497937,P,2000-06-13,37748,10,43.78,3.14,,
497938,P,2001-06-19,12536,7,36.10,7.46,,
497939,P,2000-10-17,7114,1,65.95,0.21,,
497940,P,2000-05-22,61001,1,75.74,8.93,,
497941,P,2001-10-28,75408,4,22.68,5.29,,
497942,P,2000-01-18,15980,7,45.40,2.05,,
497943,P,2002-01-04,73323,2,97.27,4.62,,
497944,P,2000-05-13,84099,2,9.65,8.51,,
497945,P,2001-07-27,5735,7,62.32,6.76,,
497946,P,2002-08-12,42794,4,43.48,9.46,,
497947,P,2000-03-11,97950,7,42.09,6.14,,
497948,P,2001-01-20,51758,1,45.22,3.32,,
497949,P,2000-08-03,48288,9,31.66,1.70,,
497950,P,2002-07-12,39520,6,63.90,5.98,,
497951,P,2002-04-12,26680,9,75.19,7.29,,
497952,P,2001-10-19,35929,7,15.72,3.77,,
497953,P,2002-02-19,26542,4,52.57,7.52,,
497954,P,2001-07-29,50935,7,50.23,2.74,,
497955,P,2002-03-19,97389,9,19.69,4.76,,
497956,P,2001-09-08,38085,7,70.76,5.99,,
497957,P,2001-05-26,17401,10,92.78,1.10,,
497958,P,2001-07-06,48883,1,41.51,8.92,,
497959,P,2000-04-02,56011,5,66.51,5.26,,
497960,P,2000-08-31,94353,9,27.68,7.08,,
497961,P,2000-05-09,56983,2,50.10,6.44,,
497962,P,2001-02-05,97798,3,91.84,2.85,,
497963,P,2000-01-20,4870,3,41.84,2.70,,
497964,P,2002-07-13,94443,7,91.52,4.56,,
497965,P,2000-07-08,87701,1,3.58,7.42,,
497966,P,2001-09-13,4864,10,39.64,0.29,,
497967,P,2001-12-16,5538,5,12.09,4.28,,
497968,P,2002-01-09,96038,2,39.53,5.22,,
497969,P,2000-09-23,72131,1,85.97,2.01,,
497970,P,2001-11-23,25647,9,48.63,2.93,,
497971,P,2001-10-24,60249,7,54.62,9.24,,
497972,P,2001-06-20,35238,4,28.45,7.42,,
497973,P,2001-05-06,11183,1,17.47,5.67,,
497974,P,2001-08-04,50328,1,25.50,9.59,,
497975,P,2001-07-02,18971,8,39.62,5.72,,
497976,P,2000-04-19,15085,6,21.07,1.61,,
497977,P,2002-07-16,79247,3,55.78,6.14,,
497978,P,2000-03-19,49619,6,41.72,9.39,,
497979,P,2002-08-13,48106,6,7.08,1.76,,
497980,P,2000-06-09,96675,6,67.99,0.05,,
497981,P,2000-12-27,56966,5,99.03,3.41,,
497982,P,2002-08-11,63905,7,58.05,6.20,,
497983,P,2000-08-25,86139,1,55.62,0.65,,
497984,P,2001-12-31,60618,7,87.96,8.95,,
497985,P,2002-03-07,80931,7,12.79,8.03,,
497986,P,2002-06-01,50838,4,72.37,0.96,,
497987,P,2000-09-09,90227,1,47.69,7.20,,
497988,P,2002-03-20,38571,7,39.68,9.39,,
497989,P,2001-11-18,9508,8,68.91,1.73,,
497990,P,2002-08-17,29352,9,57.21,4.99,,
497991,P,2000-07-08,43015,2,53.47,7.32,,
497992,P,2001-09-07,1033,8,84.45,7.44,,
497993,P,2002-07-13,65273,5,16.06,7.04,,
497994,P,2002-01-28,17970,8,34.36,1.70,,
497995,P,2002-06-19,70118,10,62.87,9.04,,
497996,P,2002-03-14,53246,2,62.62,8.14,,
497997,P,2001-05-09,83832,1,46.60,4.05,,
497998,P,2000-11-25,60915,8,15.13,6.13,,
497999,P,2000-07-03,88991,1,31.58,0.10,,
498000,P,2000-08-16,77830,4,69.55,0.90,,
498001,P,2000-02-12,31844,10,29.58,5.81,,
498002,P,2002-03-27,73121,4,59.61,7.40,,
498003,P,2001-11-18,37454,6,19.40,7.56,,
498004,P,2001-04-22,70463,4,91.37,2.71,,
498005,P,2001-07-20,18925,7,89.98,3.96,,
498006,P,2002-01-10,88113,4,72.52,7.28,,
498007,P,2001-08-28,90507,9,13.70,3.81,,
498008,P,2000-08-23,75833,4,85.93,2.47,,
498009,P,2002-08-19,61189,2,3.18,2.07,,
498010,P,2001-07-24,85275,7,1.44,7.41,,
498011,P,2000-01-31,95154,5,65.54,7.87,,
498012,P,2001-01-12,64419,8,13.44,0.56,,
498013,P,2001-10-16,31117,10,68.05,0.55,,
498014,P,2001-04-13,33572,6,64.58,0.26,,
498015,P,2000-01-07,45253,6,84.99,4.76,,
498016,P,2001-12-04,79493,8,59.12,6.05,,
498017,P,2000-07-05,68616,9,41.97,1.76,,
498018,P,2000-07-19,92803,3,51.30,9.25,,
498019,P,2001-02-04,59367,4,76.20,8.85,,
498020,P,2000-08-11,95186,6,33.56,1.35,,
498021,P,2001-10-25,15983,7,98.56,4.73,,
498022,P,2000-11-25,68678,2,16.41,4.62,,
498023,P,2001-04-20,8565,3,93.70,0.99,,
498024,P,2000-04-19,83738,4,13.48,0.65,,
498025,P,2000-08-28,48065,5,47.76,4.20,,
498026,P,2000-06-08,77620,5,17.12,2.65,,
498027,P,2002-09-02,32391,6,89.97,2.96,,
498028,P,2000-01-27,50025,4,3.45,5.58,,
498029,P,2001-09-29,24618,10,55.60,3.09,,
498030,P,2001-01-04,51161,7,0.84,1.06,,
498031,P,2001-12-09,98856,6,61.70,9.01,,
498032,P,2002-06-20,77131,4,44.12,7.45,,
498033,P,2001-04-24,81868,2,13.68,9.58,,
498034,P,2001-01-27,70797,8,41.06,5.56,,
498035,P,2002-05-15,71043,3,10.62,5.63,,
498036,P,2001-03-30,6566,3,45.58,8.75,,
498037,P,2001-10-21,33615,8,26.21,8.31,,
498038,P,2002-07-21,52375,2,20.24,3.09,,
498039,P,2000-12-18,77839,2,83.53,1.28,,
498040,P,2001-02-28,64975,9,82.69,3.76,,
498041,P,2000-02-22,31429,8,40.97,0.60,,
498042,P,2001-04-20,18632,6,89.63,0.73,,
498043,P,2001-10-14,57582,5,57.65,7.75,,
498044,P,2001-02-07,97400,3,80.39,6.70,,
498045,P,2000-03-22,35567,3,12.03,8.70,,
498046,P,2000-08-04,22809,7,59.95,5.56,,
498047,P,2000-03-11,43793,1,59.03,6.90,,
498048,P,2001-10-05,53916,8,80.40,8.36,,
498049,P,2001-10-31,22292,2,98.81,7.68,,
498050,P,2002-02-03,19293,8,7.78,8.53,,
498051,P,2000-10-12,4881,4,39.22,2.34,,
498052,P,2002-03-30,60864,10,33.92,4.36,,
498053,P,2001-11-23,33663,3,9.11,1.01,,
498054,P,2002-03-07,18509,2,52.33,1.58,,
498055,P,2001-04-08,89932,1,27.49,6.53,,
498056,P,2000-12-16,39188,5,94.91,4.24,,
498057,P,2001-10-18,87288,5,63.76,7.10,,
498058,P,2000-07-30,28030,3,25.86,8.22,,
498059,P,2002-08-19,15349,3,69.31,7.08,,
498060,P,2000-11-06,79964,7,32.98,2.82,,
498061,P,2000-03-18,78298,7,97.55,3.19,,
498062,P,2001-05-12,51786,8,57.87,9.03,,
498063,P,2001-08-20,79175,2,39.33,1.05,,
498064,P,2001-11-12,59268,8,44.05,8.06,,
498065,P,2001-12-12,19053,10,44.69,5.75,,
498066,P,2001-04-19,61778,5,78.92,4.85,,
498067,P,2000-02-05,80885,6,62.96,5.76,,
498068,P,2002-01-23,5104,3,58.10,3.69,,
498069,P,2000-01-11,67965,5,68.99,8.19,,
498070,P,2002-08-25,29534,1,48.23,3.32,,
498071,P,2002-02-08,69011,6,73.76,3.17,,
498072,P,2000-04-17,69467,1,62.05,6.14,,
498073,P,2001-02-11,62892,9,40.58,4.00,,
498074,P,2001-06-30,80810,6,65.53,3.22,,
498075,P,2001-01-16,49961,8,24.63,8.13,,
498076,P,2002-08-22,71617,2,58.74,8.65,,
498077,P,2001-02-22,10219,7,36.39,1.93,,
498078,P,2000-10-10,15876,3,54.16,2.15,,
498079,P,2001-03-31,19255,1,61.35,3.80,,
498080,P,2000-02-21,3937,6,46.30,2.30,,
498081,P,2001-03-02,84278,4,54.46,8.64,,
498082,P,2002-09-21,66971,6,46.80,3.01,,
498083,P,2000-05-06,16855,3,59.56,8.02,,
498084,P,2000-03-05,93536,3,34.64,0.91,,
498085,P,2002-01-03,57862,9,63.79,2.71,,
498086,P,2000-03-20,93796,4,80.81,5.87,,
498087,P,2001-06-30,77270,5,82.02,5.17,,
498088,P,2000-06-26,40103,6,62.08,9.36,,
498089,P,2001-02-17,22056,10,62.19,5.72,,
498090,P,2000-07-14,33296,10,88.84,7.93,,
498091,P,2001-11-07,25509,1,71.41,6.14,,
498092,P,2002-02-08,38223,7,92.02,7.78,,
498093,P,2001-02-26,61788,8,93.82,0.56,,
498094,P,2000-10-22,63014,5,10.25,8.49,,
498095,P,2001-08-20,47936,6,66.96,4.88,,
498096,P,2001-03-19,60538,2,60.87,6.86,,
498097,P,2000-05-04,45255,3,36.17,5.20,,
498098,P,2000-01-05,18772,4,56.31,6.67,,
498099,P,2001-07-27,87744,3,25.95,1.05,,
498100,P,2000-12-20,73226,2,35.37,7.97,,
498101,P,2001-05-14,32254,7,28.12,3.24,,
498102,P,2002-06-05,65352,5,37.54,0.54,,
498103,P,2000-12-16,5112,5,66.17,5.60,,
498104,P,2000-01-01,79888,6,6.36,3.67,,
498105,P,2002-09-16,80956,8,30.00,8.86,,
498106,P,2000-01-05,26934,1,94.68,9.85,,
498107,P,2000-10-18,83256,1,2.33,3.45,,
498108,P,2001-10-19,91258,5,45.48,4.41,,
498109,P,2001-12-31,12190,3,79.77,4.08,,
498110,P,2000-12-31,96988,3,90.84,9.92,,
498111,P,2001-04-26,11334,9,30.04,9.48,,
498112,P,2002-02-25,54254,3,26.56,2.91,,
498113,P,2002-05-16,86002,7,13.05,0.39,,
498114,P,2001-10-05,776,6,58.81,6.12,,
498115,P,2001-07-15,35196,5,83.10,2.44,,
498116,P,2001-11-27,30884,9,52.64,1.71,,
498117,P,2002-03-13,4453,2,95.40,3.10,,
498118,P,2000-04-28,3481,7,63.34,1.78,,
498119,P,2002-04-12,36089,5,91.33,7.83,,
498120,P,2002-01-24,63282,6,50.26,5.69,,
498121,P,2000-09-08,35396,10,34.97,8.46,,
498122,P,2002-05-31,83561,9,13.84,9.48,,
498123,P,2001-12-02,20735,4,52.81,7.57,,
498124,P,2001-10-09,66007,8,76.33,1.89,,
498125,P,2000-02-27,24026,1,54.89,4.48,,
498126,P,2001-08-15,36190,9,11.86,6.94,,
498127,P,2000-12-09,79906,5,11.45,8.36,,
498128,P,2000-07-08,99584,6,99.95,1.77,,
498129,P,2002-05-29,2646,7,43.45,4.76,,
498130,P,2002-01-28,70863,2,57.34,2.87,,
498131,P,2001-06-20,90503,4,17.73,8.29,,
498132,P,2001-09-01,58733,1,1.46,8.53,,
498133,P,2000-04-19,37586,6,95.38,9.21,,
498134,P,2000-07-18,41787,7,31.09,6.21,,
498135,P,2001-07-11,5473,1,73.39,2.24,,
498136,P,2001-03-04,43791,5,88.38,2.63,,
498137,P,2001-09-03,64200,8,8.51,7.80,,
498138,P,2001-03-02,864,4,46.39,9.65,,
498139,P,2001-09-29,89038,8,1.69,6.11,,
498140,P,2002-03-18,13543,8,46.18,8.86,,
498141,P,2002-06-02,3168,2,33.97,7.29,,
498142,P,2001-12-18,61842,7,99.89,9.91,,
498143,P,2002-06-17,30195,10,79.73,1.66,,
498144,P,2000-11-28,82798,1,60.81,1.73,,
498145,P,2002-08-03,34653,2,15.11,4.77,,
498146,P,2001-04-22,48043,3,95.13,7.00,,
498147,P,2002-06-01,45372,6,11.93,5.62,,
498148,P,2002-07-30,2897,4,86.32,8.09,,
498149,P,2000-11-17,24275,1,24.78,2.81,,
498150,P,2000-12-06,72541,4,11.42,5.12,,
498151,P,2000-01-19,18078,10,97.62,2.60,,
498152,P,2002-02-09,40750,10,23.28,7.88,,
498153,P,2000-06-18,36617,6,49.93,7.80,,
498154,P,2002-05-27,89193,5,91.45,9.94,,
498155,P,2002-07-01,86906,7,1.77,3.29,,
498156,P,2002-06-05,17650,6,22.63,4.02,,
498157,P,2000-01-24,47782,4,43.23,2.38,,
498158,P,2000-03-01,91361,10,3.47,5.09,,
498159,P,2000-06-17,38273,10,64.08,1.23,,
498160,P,2002-04-17,23623,4,28.73,2.23,,
498161,P,2002-07-07,14697,1,10.22,9.11,,
498162,P,2002-07-26,85716,6,52.31,7.94,,
498163,P,2001-12-20,25495,2,81.70,9.03,,
498164,P,2001-06-30,42318,10,65.04,5.08,,
498165,P,2000-05-26,43020,5,15.14,9.83,,
498166,P,2001-02-15,85917,2,70.44,9.24,,
498167,P,2000-11-25,70215,10,36.23,5.00,,
498168,P,2001-04-16,78536,4,63.29,5.77,,
498169,P,2000-06-25,23407,2,15.07,1.42,,
498170,P,2002-08-21,9113,8,71.90,1.91,,
498171,P,2002-09-05,81143,2,23.41,4.49,,
498172,P,2001-06-06,17168,6,45.30,5.72,,
498173,P,2000-04-16,79106,2,15.40,7.48,,
498174,P,2001-05-16,32362,1,9.33,8.39,,
498175,P,2001-08-07,80079,10,90.65,0.45,,
498176,P,2002-05-02,93102,6,99.30,9.33,,
498177,P,2000-11-21,79416,10,95.90,2.25,,
498178,P,2002-04-20,48301,6,32.49,4.97,,
498179,P,2001-06-28,21923,7,62.41,6.49,,
498180,P,2001-04-12,99005,4,27.97,3.93,,
498181,P,2002-06-18,61619,4,36.34,6.55,,
498182,P,2002-09-08,67457,2,41.84,6.79,,
498183,P,2001-02-14,37248,2,41.69,8.00,,
498184,P,2001-07-26,49952,2,32.93,9.84,,
498185,P,2000-05-23,58386,1,92.55,7.75,,
498186,P,2001-12-17,32304,4,97.46,2.60,,
498187,P,2001-08-07,9254,6,56.97,6.83,,
498188,P,2002-09-17,37813,4,27.47,7.60,,
498189,P,2000-07-05,70604,7,43.75,7.44,,
498190,P,2000-05-26,21880,6,21.29,9.72,,
498191,P,2001-03-09,18862,5,65.21,8.56,,
498192,P,2001-03-14,96348,7,24.53,8.19,,
498193,P,2001-12-30,12812,5,18.61,6.12,,
498194,P,2002-07-03,21199,5,13.05,2.14,,
498195,P,2002-04-19,23280,4,31.38,6.32,,
498196,P,2000-03-10,96060,4,44.58,1.06,,
498197,P,2002-05-04,44596,6,44.45,6.26,,
498198,P,2002-02-28,72452,4,12.96,5.03,,
498199,P,2000-02-21,18756,1,74.40,7.16,,
498200,P,2001-08-03,7449,1,17.28,9.92,,
498201,P,2001-01-11,31263,5,6.33,7.27,,
498202,P,2002-09-06,45232,4,55.71,4.91,,
498203,P,2001-05-25,78590,4,49.11,2.04,,
498204,P,2002-05-11,64121,2,51.17,4.10,,
498205,P,2002-01-28,40374,2,77.27,6.84,,
498206,P,2001-01-14,82741,6,15.12,0.11,,
498207,P,2000-08-04,49381,7,41.09,3.14,,
498208,P,2000-06-07,28318,5,67.67,5.86,,
498209,P,2000-12-16,15914,8,18.46,9.32,,
498210,P,2001-03-28,8195,9,35.95,7.10,,
498211,P,2001-02-27,19362,9,12.38,9.80,,
498212,P,2000-01-08,76947,10,72.27,3.64,,
498213,P,2001-01-29,10892,10,82.67,1.72,,
498214,P,2002-04-04,2858,3,58.76,5.62,,
498215,P,2002-01-23,902,9,13.09,2.30,,
498216,P,2000-12-04,46564,8,35.23,9.47,,
498217,P,2000-06-13,53966,4,82.27,0.35,,
498218,P,2002-01-13,86251,8,21.82,8.77,,
498219,P,2000-12-11,52894,3,50.56,3.78,,
498220,P,2000-09-17,78305,6,67.05,1.16,,
498221,P,2000-05-09,86830,2,55.23,3.87,,
498222,P,2001-07-03,86420,9,96.98,4.19,,
498223,P,2000-04-22,64612,8,66.59,8.81,,
498224,P,2002-01-17,74487,10,50.66,0.21,,
498225,P,2000-11-13,62118,6,34.16,6.66,,
498226,P,2001-06-12,87703,9,85.05,7.65,,
498227,P,2000-12-08,34167,2,23.77,1.07,,
498228,P,2002-09-26,21044,3,52.65,4.91,,
498229,P,2001-07-06,16797,4,60.72,6.33,,
498230,P,2002-09-19,29187,5,10.90,4.40,,
498231,P,2001-07-09,63813,10,17.34,3.22,,
498232,P,2000-02-24,50614,7,35.85,6.54,,
498233,P,2002-01-07,62658,8,48.36,5.84,,
498234,P,2002-01-22,27044,10,56.41,4.54,,
498235,P,2000-07-21,17925,6,65.36,1.50,,
498236,P,2002-06-11,34443,9,67.18,1.56,,
498237,P,2002-05-05,60294,1,0.49,1.48,,
498238,P,2000-11-18,24063,10,14.37,9.43,,
498239,P,2001-08-10,12038,2,96.85,6.95,,
498240,P,2000-09-28,49447,3,10.34,4.52,,
498241,P,2000-11-02,42946,2,79.72,5.46,,
498242,P,2000-12-08,56292,3,10.86,2.63,,
498243,P,2001-04-10,29503,10,78.27,6.00,,
498244,P,2000-06-02,50572,3,49.23,6.50,,
498245,P,2001-01-15,66305,4,96.28,8.02,,
498246,P,2002-09-17,13171,1,49.12,7.15,,
498247,P,2001-04-03,16014,5,31.61,2.48,,
498248,P,2002-01-04,30729,2,22.68,3.91,,
498249,P,2000-11-03,47161,8,4.71,6.33,,
498250,P,2001-02-05,73024,4,2.93,2.29,,
498251,P,2001-08-31,24210,6,87.24,6.19,,
498252,P,2001-10-01,14123,7,70.61,3.91,,
498253,P,2002-03-21,51654,1,97.03,8.69,,
498254,P,2000-10-29,69990,2,78.25,0.22,,
498255,P,2001-04-09,60405,7,67.70,5.45,,
498256,P,2000-02-24,69942,10,89.00,4.59,,
498257,P,2002-06-26,37415,9,62.08,2.54,,
498258,P,2001-06-13,8418,9,11.43,1.48,,
498259,P,2001-02-28,44350,7,73.88,8.60,,
498260,P,2000-09-20,30372,5,63.52,1.66,,
498261,P,2000-10-27,88458,8,43.00,7.06,,
498262,P,2002-06-08,5797,4,48.09,5.27,,
498263,P,2000-05-12,42299,2,69.68,4.24,,
498264,P,2002-07-28,57760,10,78.89,1.76,,
498265,P,2001-09-15,40567,8,58.47,5.77,,
498266,P,2002-01-19,13053,2,55.57,6.04,,
498267,P,2002-07-07,31061,2,29.42,0.10,,
498268,P,2000-10-03,26577,1,48.07,1.70,,
498269,P,2000-12-14,56207,2,12.32,1.45,,
498270,P,2000-03-10,39159,7,53.03,8.19,,
498271,P,2001-06-06,7586,10,98.47,2.84,,
498272,P,2001-12-26,3371,6,56.72,9.13,,
498273,P,2000-08-06,99863,5,16.14,0.60,,
498274,P,2000-12-21,86261,6,88.37,1.43,,
498275,P,2001-09-04,76077,4,29.37,5.47,,
498276,P,2002-02-26,3226,2,95.07,9.98,,
498277,P,2002-08-02,48250,5,61.72,1.45,,
498278,P,2001-12-17,83528,10,25.91,0.65,,
498279,P,2001-10-18,67907,4,69.05,9.73,,
498280,P,2002-03-23,4623,2,7.92,5.64,,
498281,P,2001-04-17,68636,6,62.82,0.71,,
498282,P,2001-11-04,43358,9,69.68,9.99,,
498283,P,2001-12-15,32034,3,44.23,8.47,,
498284,P,2000-01-03,80202,10,76.85,0.65,,
498285,P,2001-04-25,9438,10,61.45,3.42,,
498286,P,2001-08-25,6856,5,27.81,3.09,,
498287,P,2002-05-06,73983,4,92.26,6.69,,
498288,P,2002-01-22,35849,7,67.50,6.98,,
498289,P,2000-04-11,52034,8,36.98,6.20,,
498290,P,2001-12-01,65314,6,43.82,2.61,,
498291,P,2000-11-16,29627,2,99.92,8.06,,
498292,P,2001-10-19,79967,4,72.48,3.85,,
498293,P,2001-05-27,69472,5,77.26,3.56,,
498294,P,2002-07-17,97340,6,15.04,9.44,,
498295,P,2002-08-30,22142,9,32.56,0.35,,
498296,P,2000-10-01,18865,1,86.31,1.44,,
498297,P,2001-11-07,54308,2,94.67,6.15,,
498298,P,2000-02-13,17814,2,77.72,8.84,,
498299,P,2002-08-22,13743,10,41.12,5.39,,
498300,P,2001-04-16,99447,1,14.61,8.05,,
498301,P,2001-08-11,19867,7,96.13,8.89,,
498302,P,2001-05-27,62973,4,65.72,7.83,,
498303,P,2002-03-15,11306,9,19.23,4.08,,
498304,P,2001-06-14,94256,7,60.81,4.99,,
498305,P,2000-10-07,22254,4,25.27,3.21,,
498306,P,2001-06-07,72408,1,48.70,7.41,,
498307,P,2001-03-11,16955,5,97.59,2.44,,
498308,P,2000-01-19,70754,6,4.41,0.86,,
498309,P,2002-09-14,32082,4,49.69,2.91,,
498310,P,2001-02-02,24834,7,36.31,2.76,,
498311,P,2002-04-30,92338,7,37.09,1.64,,
498312,P,2001-01-15,28013,1,45.15,1.25,,
498313,P,2001-02-05,4720,4,61.62,9.55,,
498314,P,2001-01-20,86333,2,50.47,5.46,,
498315,P,2001-05-25,58221,1,23.58,0.66,,
498316,P,2000-03-24,2392,4,23.62,6.57,,
498317,P,2000-06-20,10040,2,37.79,2.91,,
498318,P,2000-05-13,5755,6,54.09,8.23,,
498319,P,2000-08-24,85617,10,65.76,6.07,,
498320,P,2001-02-23,25500,2,44.89,1.69,,
498321,P,2001-02-09,42627,3,68.00,7.82,,
498322,P,2000-10-28,62875,5,71.90,0.17,,
498323,P,2001-05-22,97159,9,83.19,2.52,,
498324,P,2001-02-11,79945,5,47.35,0.26,,
498325,P,2000-08-09,93071,7,27.22,0.77,,
498326,P,2002-06-03,13860,4,10.92,8.13,,
498327,P,2001-07-31,67907,9,47.47,2.02,,
498328,P,2002-05-22,9242,1,86.18,0.01,,
498329,P,2001-02-14,95988,3,63.95,5.56,,
498330,P,2002-01-07,16660,3,5.08,8.02,,
498331,P,2001-12-12,82032,5,44.25,8.04,,
498332,P,2001-05-30,15606,7,60.81,3.59,,
498333,P,2001-07-22,3164,6,28.61,1.04,,
498334,P,2002-09-21,75583,9,39.85,9.84,,
498335,P,2000-08-22,66435,8,84.64,2.13,,
498336,P,2002-02-21,50112,8,85.46,7.62,,
498337,P,2001-12-16,73105,2,71.01,2.16,,
498338,P,2002-09-14,94612,7,0.93,2.02,,
498339,P,2000-11-24,90361,7,68.37,0.77,,
498340,P,2001-12-10,28001,10,84.55,9.62,,
498341,P,2000-08-12,8777,2,46.90,0.43,,
498342,P,2000-01-13,65086,10,65.41,4.67,,
498343,P,2000-08-07,14937,4,69.77,0.02,,
498344,P,2001-06-12,93449,9,22.05,3.35,,
498345,P,2001-05-21,38566,7,0.87,1.40,,
498346,P,2002-02-04,8148,9,18.71,5.90,,
498347,P,2002-09-06,66356,8,23.52,8.72,,
498348,P,2000-06-11,84592,4,8.94,9.76,,
498349,P,2000-04-08,35120,6,91.92,4.67,,
498350,P,2001-10-09,87033,9,71.59,1.83,,
498351,P,2002-07-28,59821,6,96.10,3.93,,
498352,P,2002-05-01,71791,5,23.57,5.36,,
498353,P,2001-09-07,47171,5,65.36,4.24,,
498354,P,2002-07-28,35542,8,85.47,4.98,,
498355,P,2000-05-30,99582,4,62.95,2.20,,
498356,P,2002-07-24,59376,4,43.23,5.62,,
498357,P,2001-02-28,33223,6,21.92,7.59,,
498358,P,2000-05-04,19885,4,8.28,4.92,,
498359,P,2000-10-17,77293,9,39.27,1.09,,
498360,P,2002-06-30,54126,7,43.66,2.57,,
498361,P,2000-03-15,5108,8,43.22,5.49,,
498362,P,2000-03-14,54638,9,83.41,7.82,,
498363,P,2001-10-26,58021,2,70.35,0.97,,
498364,P,2000-11-15,79731,6,7.18,9.76,,
498365,P,2001-03-27,91703,6,81.81,6.00,,
498366,P,2001-09-04,93022,8,55.73,6.99,,
498367,P,2001-03-24,3882,9,0.42,2.18,,
498368,P,2000-09-02,8257,7,58.22,7.32,,
498369,P,2000-12-18,8291,9,10.73,3.75,,
498370,P,2000-12-30,59511,3,86.97,2.99,,
498371,P,2001-02-07,1443,2,84.41,7.51,,
498372,P,2001-07-27,41871,5,10.77,4.55,,
498373,P,2001-04-10,94007,3,26.55,8.15,,
498374,P,2001-04-04,32936,1,8.55,6.34,,
498375,P,2002-06-15,59097,5,11.49,1.04,,
498376,P,2002-04-24,58405,9,75.33,4.84,,
498377,P,2001-08-29,62234,4,59.06,7.44,,
498378,P,2000-01-17,57916,5,10.06,5.72,,
498379,P,2002-09-11,94796,9,60.12,3.19,,
498380,P,2001-08-19,9621,3,12.77,5.45,,
498381,P,2001-02-23,34851,7,16.78,5.72,,
498382,P,2002-01-28,8325,3,91.63,2.48,,
498383,P,2000-04-10,82606,6,0.14,0.12,,
498384,P,2000-04-13,67910,6,99.87,0.44,,
498385,P,2002-01-23,75733,6,52.69,3.72,,
498386,P,2002-09-21,81640,4,12.86,3.99,,
498387,P,2001-04-05,43986,3,50.93,0.19,,
498388,P,2001-12-19,84529,8,80.59,9.06,,
498389,P,2002-01-16,26632,4,58.51,5.72,,
498390,P,2000-06-11,99403,9,71.05,3.28,,
498391,P,2001-10-04,71864,8,69.75,8.71,,
498392,P,2001-09-06,65290,5,98.63,7.67,,
498393,P,2001-05-25,40617,1,89.46,3.51,,
498394,P,2000-04-26,62990,5,42.86,8.57,,
498395,P,2000-07-03,74776,7,21.45,2.58,,
498396,P,2002-07-24,11242,10,60.75,9.45,,
498397,P,2000-08-14,25711,10,98.80,3.49,,
498398,P,2002-01-20,52389,6,19.64,5.60,,
498399,P,2002-01-06,94448,6,25.67,8.84,,
498400,P,2002-05-30,30392,8,46.23,0.33,,
498401,P,2002-08-11,14531,10,42.32,6.71,,
498402,P,2002-08-09,40461,9,78.40,7.21,,
498403,P,2001-07-09,54979,1,92.59,0.49,,
498404,P,2000-09-28,64565,1,27.20,2.80,,
498405,P,2002-08-27,22314,5,57.35,0.20,,
498406,P,2002-08-28,2677,8,9.60,3.70,,
498407,P,2002-09-12,59556,7,82.52,4.78,,
498408,P,2001-09-19,32978,4,92.95,9.61,,
498409,P,2001-09-27,12086,9,53.35,1.32,,
498410,P,2000-04-04,65118,2,15.14,9.54,,
498411,P,2002-07-26,34065,6,60.37,5.43,,
498412,P,2002-03-23,46786,3,28.49,8.90,,
498413,P,2001-01-23,88292,10,72.75,3.75,,
498414,P,2000-07-07,19390,5,61.70,6.64,,
498415,P,2000-09-01,80652,2,46.26,5.69,,
498416,P,2000-11-22,52150,1,24.92,3.12,,
498417,P,2001-09-14,81468,8,51.61,5.88,,
498418,P,2002-09-20,57268,3,16.39,0.80,,
498419,P,2002-07-26,55281,6,60.65,1.09,,
498420,P,2002-03-17,87638,4,59.41,7.13,,
498421,P,2002-04-30,64349,9,89.59,6.54,,
498422,P,2001-03-09,33378,8,44.76,7.46,,
498423,P,2001-06-10,64052,10,59.10,1.49,,
498424,P,2002-07-18,44828,6,69.51,8.44,,
498425,P,2002-03-14,67682,6,27.05,7.41,,
498426,P,2000-09-23,9995,4,96.88,0.20,,
498427,P,2000-05-17,36867,3,26.30,3.10,,
498428,P,2002-07-11,45904,6,98.57,3.83,,
498429,P,2001-08-17,68556,8,67.29,4.15,,
498430,P,2002-08-18,63860,8,78.66,1.92,,
498431,P,2000-10-02,65047,6,14.89,3.09,,
498432,P,2002-06-15,46295,6,52.19,6.71,,
498433,P,2001-05-22,89883,10,46.30,2.59,,
498434,P,2000-01-09,97050,9,58.58,8.48,,
498435,P,2000-06-19,34148,7,27.65,1.20,,
498436,P,2001-12-26,91560,7,48.37,3.70,,
498437,P,2001-09-19,82257,8,24.34,8.01,,
498438,P,2000-05-11,32199,3,53.84,8.85,,
498439,P,2002-06-21,80452,10,16.88,9.20,,
498440,P,2000-10-08,64361,5,55.35,9.41,,
498441,P,2000-05-19,9231,4,88.37,9.88,,
498442,P,2000-06-27,17480,1,56.43,5.23,,
498443,P,2001-04-04,28311,6,15.07,0.29,,
498444,P,2002-08-13,32876,2,54.15,0.89,,
498445,P,2001-06-04,24544,7,42.44,1.79,,
498446,P,2000-03-07,79479,3,94.98,5.92,,
498447,P,2000-06-09,13491,8,15.18,0.04,,
498448,P,2000-03-18,99410,9,15.96,3.78,,
498449,P,2000-10-17,30682,1,45.02,7.75,,
498450,P,2000-01-04,79960,4,47.72,8.32,,
498451,P,2000-04-16,3160,4,97.86,8.15,,
498452,P,2002-04-25,64391,6,74.23,3.84,,
498453,P,2001-11-27,21772,5,52.73,5.90,,
498454,P,2001-04-25,71143,10,97.48,7.19,,
498455,P,2000-01-14,52790,3,30.90,9.44,,
498456,P,2001-04-01,87311,3,93.21,5.89,,
498457,P,2002-05-14,21631,9,83.77,5.78,,
498458,P,2001-10-14,74318,4,47.59,5.30,,
498459,P,2001-09-13,3501,4,41.24,2.00,,
498460,P,2001-08-22,8351,10,72.70,1.09,,
498461,P,2000-02-25,81388,10,93.82,7.10,,
498462,P,2001-07-20,52278,7,89.99,2.53,,
498463,P,2000-06-11,16815,7,31.67,5.38,,
498464,P,2000-03-10,13418,8,26.11,5.67,,
498465,P,2002-04-14,7637,1,48.51,5.85,,
498466,P,2000-03-31,81485,1,17.76,2.55,,
498467,P,2000-05-18,29645,10,8.10,4.40,,
498468,P,2000-05-29,25181,5,50.03,0.16,,
498469,P,2000-05-27,69337,1,33.70,0.99,,
498470,P,2001-08-24,78452,4,64.98,2.47,,
498471,P,2000-06-20,49002,1,18.39,5.44,,
498472,P,2001-11-03,39324,2,62.91,8.79,,
498473,P,2001-04-19,21762,7,52.75,8.33,,
498474,P,2001-10-26,6688,8,38.02,1.69,,
498475,P,2000-09-06,23432,9,30.12,0.54,,
498476,P,2002-07-13,26354,5,5.80,0.21,,
498477,P,2002-08-21,19469,7,38.36,6.34,,
498478,P,2000-12-24,16299,8,90.09,6.11,,
498479,P,2002-05-24,23602,1,50.60,9.24,,
498480,P,2002-05-08,36861,5,3.69,5.29,,
498481,P,2001-09-06,44052,1,11.61,2.27,,
498482,P,2001-07-22,91704,5,79.69,7.25,,
498483,P,2002-08-28,15917,6,84.33,6.11,,
498484,P,2001-07-22,21597,8,3.05,1.65,,
498485,P,2002-02-28,1625,10,84.84,2.90,,
498486,P,2002-03-04,77776,1,18.80,8.81,,
498487,P,2001-04-05,31241,6,60.04,5.40,,
498488,P,2001-02-26,86453,2,26.70,4.96,,
498489,P,2002-07-12,75489,6,95.01,3.40,,
498490,P,2001-01-26,44489,1,47.47,4.72,,
498491,P,2000-08-26,84286,5,12.54,5.93,,
498492,P,2001-09-21,62448,8,67.47,9.90,,
498493,P,2002-09-23,16029,1,57.51,6.66,,
498494,P,2001-04-28,94700,6,58.15,1.20,,
498495,P,2001-03-01,43953,3,76.26,9.74,,
498496,P,2000-01-23,64512,7,77.42,9.41,,
498497,P,2000-07-04,58210,4,77.40,7.84,,
498498,P,2002-07-26,45375,4,44.31,7.64,,
498499,P,2000-08-27,48050,8,96.76,0.19,,
498500,P,2000-12-28,21463,10,20.01,2.15,,
498501,P,2002-08-02,66276,4,53.05,2.83,,
498502,P,2001-03-22,28254,9,46.24,6.27,,
498503,P,2000-01-28,27247,9,73.75,3.42,,
498504,P,2002-01-27,8505,5,23.13,7.08,,
498505,P,2001-07-26,62280,7,94.86,8.44,,
498506,P,2001-08-11,87457,9,51.96,9.32,,
498507,P,2001-04-15,17586,2,0.05,7.91,,
498508,P,2002-09-24,96997,7,92.31,4.64,,
498509,P,2000-02-22,80510,3,66.68,8.90,,
498510,P,2002-02-08,39875,10,83.36,0.99,,
498511,P,2001-05-13,25569,6,87.59,8.35,,
498512,P,2000-07-28,48738,1,8.27,9.03,,
498513,P,2002-04-18,62392,3,76.86,8.23,,
498514,P,2001-08-09,40229,7,48.88,5.01,,
498515,P,2001-05-18,13706,3,61.73,9.78,,
498516,P,2000-11-01,18972,9,52.01,7.13,,
498517,P,2000-08-18,8762,4,83.38,3.16,,
498518,P,2002-09-24,89769,2,7.38,7.49,,
498519,P,2000-06-12,90800,7,56.40,7.02,,
498520,P,2000-05-14,14947,8,51.60,9.75,,
498521,P,2002-06-21,34004,7,65.11,8.87,,
498522,P,2001-06-11,83413,2,5.26,3.26,,
498523,P,2002-03-11,5319,6,0.84,1.48,,
498524,P,2002-04-11,77230,7,31.87,3.48,,
498525,P,2002-08-28,37209,2,84.03,9.35,,
498526,P,2002-03-01,91304,7,81.98,3.33,,
498527,P,2001-10-13,67468,1,52.97,4.56,,
498528,P,2001-02-12,98710,7,71.82,0.19,,
498529,P,2002-04-12,93002,4,0.60,2.89,,
498530,P,2000-12-31,13986,3,32.06,3.47,,
498531,P,2002-05-24,82620,10,87.19,5.36,,
498532,P,2002-04-26,59734,10,3.02,6.64,,
498533,P,2000-08-21,20366,6,31.57,0.00,,
498534,P,2002-01-01,44096,6,60.45,2.42,,
498535,P,2000-05-04,61904,7,29.04,2.79,,
498536,P,2002-02-23,77931,10,9.29,9.91,,
498537,P,2002-04-28,68924,5,52.48,1.74,,
498538,P,2002-09-25,96660,3,62.28,1.66,,
498539,P,2001-06-02,42982,9,13.62,5.72,,
498540,P,2001-12-15,81027,10,13.49,6.63,,
498541,P,2000-07-07,594,3,39.53,0.84,,
498542,P,2001-08-05,14241,8,69.92,4.83,,
498543,P,2001-01-29,33870,6,75.19,9.87,,
498544,P,2001-06-05,56348,2,40.22,7.99,,
498545,P,2002-08-19,34339,5,48.27,9.61,,
498546,P,2000-08-02,65887,3,16.40,3.59,,
498547,P,2000-11-13,28840,10,70.82,4.33,,
498548,P,2001-05-02,16442,6,96.53,9.57,,
498549,P,2002-05-15,78720,7,86.80,6.61,,
498550,P,2000-09-19,86385,9,73.74,0.16,,
498551,P,2002-06-18,67765,9,76.17,5.82,,
498552,P,2002-04-06,58472,4,49.50,9.35,,
498553,P,2001-12-10,24761,3,51.32,5.32,,
498554,P,2002-06-06,19601,5,36.71,5.20,,
498555,P,2000-04-12,36323,9,35.36,0.67,,
498556,P,2002-02-04,11658,10,80.38,9.41,,
498557,P,2000-06-15,19405,4,44.49,5.95,,
498558,P,2001-04-18,74241,2,35.18,4.30,,
498559,P,2002-08-13,38649,5,94.01,9.69,,
498560,P,2001-10-22,52397,8,80.67,3.92,,
498561,P,2002-06-27,80044,10,46.16,2.47,,
498562,P,2000-01-22,4789,6,11.84,4.21,,
498563,P,2000-03-31,92302,9,44.36,0.33,,
498564,P,2001-11-27,27313,1,91.49,1.88,,
498565,P,2000-12-13,42231,3,68.58,5.01,,
498566,P,2001-08-19,74740,2,46.90,6.50,,
498567,P,2001-10-04,86202,7,53.86,9.40,,
498568,P,2000-11-02,85344,5,14.13,2.33,,
498569,P,2000-03-16,49247,5,7.30,2.67,,
498570,P,2001-04-03,56316,8,6.47,6.91,,
498571,P,2001-10-14,80370,1,14.14,7.63,,
498572,P,2000-02-20,56636,2,65.43,9.53,,
498573,P,2002-01-29,43366,6,86.71,2.01,,
498574,P,2001-08-17,90672,5,22.94,8.52,,
498575,P,2002-02-07,19669,8,52.26,6.10,,
498576,P,2002-03-12,98714,8,57.78,3.92,,
498577,P,2002-04-27,87667,9,65.07,3.29,,
498578,P,2002-01-19,13292,1,41.70,1.49,,
498579,P,2000-06-22,96036,6,70.60,6.22,,
498580,P,2000-02-19,96744,10,3.02,4.51,,
498581,P,2002-08-17,96949,1,58.78,4.44,,
498582,P,2000-01-03,44962,10,47.63,8.83,,
498583,P,2002-02-12,52250,9,74.13,9.16,,
498584,P,2002-05-01,51128,3,98.93,5.67,,
498585,P,2000-09-27,86807,8,55.06,4.44,,
498586,P,2001-05-16,58357,4,85.24,3.33,,
498587,P,2000-01-26,94523,2,87.40,8.84,,
498588,P,2001-06-02,46640,8,98.95,1.76,,
498589,P,2000-11-06,36685,6,17.50,6.47,,
498590,P,2001-04-09,31712,2,31.86,0.01,,
498591,P,2001-11-10,32830,4,71.33,1.98,,
498592,P,2002-02-11,80350,4,4.12,3.28,,
498593,P,2001-03-15,32836,3,97.55,1.16,,
498594,P,2001-04-20,31537,9,64.72,7.72,,
498595,P,2001-10-18,63447,3,78.81,1.78,,
498596,P,2000-07-10,16438,5,61.09,2.32,,
498597,P,2001-08-07,58403,8,40.09,8.65,,
498598,P,2001-10-23,4854,5,51.85,7.23,,
498599,P,2001-01-27,1021,5,77.69,3.31,,
498600,P,2002-06-04,87908,1,9.62,1.11,,
498601,P,2001-01-17,20016,1,36.85,8.86,,
498602,P,2001-04-29,78710,9,27.67,7.97,,
498603,P,2001-05-24,23118,8,46.90,1.07,,
498604,P,2002-03-27,28147,1,36.76,9.82,,
498605,P,2000-04-08,38446,10,35.32,2.54,,
498606,P,2002-05-13,46455,4,39.24,1.95,,
498607,P,2002-06-03,25869,9,26.45,6.03,,
498608,P,2000-03-15,11270,2,95.40,4.15,,
498609,P,2002-08-23,61170,7,20.42,9.59,,
498610,P,2002-01-11,99627,6,92.12,0.09,,
498611,P,2002-08-15,80352,10,21.47,0.12,,
498612,P,2002-01-17,61514,1,54.75,5.10,,
498613,P,2002-01-09,80578,9,24.33,7.07,,
498614,P,2001-04-02,85792,5,89.97,6.20,,
498615,P,2000-06-06,55536,1,85.67,2.47,,
498616,P,2001-03-25,89822,3,50.22,9.13,,
498617,P,2001-07-08,15943,7,96.94,1.93,,
498618,P,2000-11-07,8368,3,74.84,1.01,,
498619,P,2001-11-28,44094,5,17.23,8.79,,
498620,P,2000-02-02,69943,8,7.47,2.54,,
498621,P,2000-05-27,10329,8,77.57,7.52,,
498622,P,2001-12-31,15297,8,58.05,8.28,,
498623,P,2000-04-07,36412,1,65.99,9.20,,
498624,P,2001-04-13,67463,3,48.79,1.07,,
498625,P,2001-06-25,17308,7,15.73,3.79,,
498626,P,2002-08-12,77841,2,42.42,7.81,,
498627,P,2001-05-19,13056,8,6.38,2.90,,
498628,P,2001-11-13,9150,4,26.02,8.71,,
498629,P,2001-12-23,9704,2,68.55,5.19,,
498630,P,2000-11-19,41889,10,91.63,7.95,,
498631,P,2000-07-25,9589,5,42.48,4.19,,
498632,P,2002-01-02,75599,7,95.88,1.40,,
498633,P,2001-12-23,47081,3,25.92,1.72,,
498634,P,2001-03-14,62606,6,68.35,7.29,,
498635,P,2000-02-18,28262,9,47.73,9.44,,
498636,P,2002-07-10,29976,7,65.77,2.80,,
498637,P,2000-12-07,49172,6,68.11,1.94,,
498638,P,2001-12-01,89267,2,37.32,4.77,,
498639,P,2002-07-12,30728,3,54.83,1.46,,
498640,P,2001-11-24,26559,4,30.93,5.95,,
498641,P,2002-01-13,685,5,53.64,9.33,,
498642,P,2001-06-10,80901,4,17.28,3.59,,
498643,P,2001-12-22,62054,3,24.22,4.74,,
498644,P,2000-10-30,5688,3,42.45,6.86,,
498645,P,2002-05-12,56891,10,95.62,2.81,,
498646,P,2000-05-19,41082,8,28.31,2.60,,
498647,P,2000-10-23,45362,1,33.04,1.98,,
498648,P,2002-08-06,36305,10,61.85,8.30,,
498649,P,2001-03-07,81147,1,59.78,0.24,,
498650,P,2002-07-27,95440,10,83.20,5.54,,
498651,P,2000-04-05,40746,8,33.21,4.11,,
498652,P,2001-04-10,77109,8,11.75,7.45,,
498653,P,2001-09-09,1977,1,36.84,9.02,,
498654,P,2000-10-04,44118,8,93.90,5.11,,
498655,P,2001-05-31,71819,1,36.13,6.61,,
498656,P,2001-02-01,2864,7,26.06,6.96,,
498657,P,2002-06-11,58939,8,21.05,3.03,,
498658,P,2002-01-13,82462,10,18.72,6.28,,
498659,P,2000-01-23,2252,1,49.06,5.51,,
498660,P,2000-07-03,61686,3,9.24,6.74,,
498661,P,2000-04-21,91506,8,51.63,3.23,,
498662,P,2000-09-25,32674,4,53.29,5.42,,
498663,P,2002-07-11,84425,10,67.33,8.01,,
498664,P,2000-05-15,60298,7,24.65,2.96,,
498665,P,2000-09-19,8411,2,83.90,0.30,,
498666,P,2000-08-25,2925,3,56.65,0.95,,
498667,P,2001-01-08,73956,9,20.84,5.92,,
498668,P,2002-08-09,70996,7,4.70,0.37,,
498669,P,2001-01-04,44742,8,49.81,3.92,,
498670,P,2000-08-28,9504,7,49.96,6.17,,
498671,P,2000-12-17,73940,3,55.18,9.32,,
498672,P,2000-03-24,47554,9,53.19,0.09,,
498673,P,2002-07-21,72618,4,73.37,3.44,,
498674,P,2000-12-31,31001,7,82.04,4.22,,
498675,P,2001-05-18,94696,6,86.76,1.96,,
498676,P,2002-07-22,3746,10,2.14,8.31,,
498677,P,2001-07-25,16892,4,42.83,8.61,,
498678,P,2001-02-21,91301,8,20.16,1.22,,
498679,P,2002-05-27,27592,4,89.16,0.50,,
498680,P,2001-03-30,57854,9,9.96,7.22,,
498681,P,2002-03-11,79167,4,19.03,9.30,,
498682,P,2002-06-18,18616,1,56.98,3.28,,
498683,P,2002-01-01,62606,5,28.85,5.09,,
498684,P,2001-09-17,21753,6,83.68,8.11,,
498685,P,2001-12-20,41192,1,53.29,0.13,,
498686,P,2001-12-22,3686,7,60.00,2.68,,
498687,P,2001-05-17,33636,8,16.32,9.40,,
498688,P,2001-01-20,20293,5,7.35,7.22,,
498689,P,2001-04-20,29745,8,31.82,8.06,,
498690,P,2001-07-31,83276,5,20.96,4.65,,
498691,P,2001-05-08,7398,10,37.84,5.55,,
498692,P,2002-04-24,54943,3,33.18,8.36,,
498693,P,2001-09-21,537,10,51.55,9.43,,
498694,P,2002-02-01,35463,9,90.38,7.57,,
498695,P,2002-04-09,18903,10,61.36,6.02,,
498696,P,2001-12-24,62671,3,84.30,2.73,,
498697,P,2000-09-10,74651,4,88.23,1.97,,
498698,P,2001-01-19,28332,3,83.70,1.86,,
498699,P,2000-03-02,897,4,33.04,2.05,,
498700,P,2000-05-08,18527,5,48.35,2.55,,
498701,P,2000-11-08,37102,6,24.83,3.56,,
498702,P,2001-11-08,60885,9,6.63,9.37,,
498703,P,2002-05-03,97974,1,88.32,0.32,,
498704,P,2000-07-24,13510,6,75.85,7.41,,
498705,P,2000-01-21,21008,4,82.05,9.36,,
498706,P,2001-04-18,84200,3,16.45,5.51,,
498707,P,2002-05-12,52325,10,72.12,9.44,,
498708,P,2002-07-06,66954,4,98.09,4.25,,
498709,P,2001-10-03,99583,2,60.09,2.47,,
498710,P,2000-05-05,54904,4,37.86,1.08,,
498711,P,2002-03-04,99246,3,98.81,0.14,,
498712,P,2000-11-22,4284,9,94.31,1.94,,
498713,P,2000-07-26,59377,10,24.46,2.34,,
498714,P,2001-04-14,53269,7,60.35,0.13,,
498715,P,2000-12-31,86756,3,13.74,3.65,,
498716,P,2001-11-09,19181,8,87.33,1.88,,
498717,P,2000-02-29,81460,6,51.66,7.71,,
498718,P,2001-03-01,92380,3,60.33,9.79,,
498719,P,2001-09-08,80701,1,73.94,6.19,,
498720,P,2002-02-15,4613,8,92.40,8.02,,
498721,P,2000-01-13,12341,9,46.50,0.83,,
498722,P,2001-02-14,40493,5,96.91,6.70,,
498723,P,2001-01-24,96509,10,77.06,1.90,,
498724,P,2000-04-10,85073,9,93.07,1.46,,
498725,P,2001-12-20,9250,3,45.35,6.73,,
498726,P,2001-08-16,549,10,71.50,3.54,,
498727,P,2001-04-06,68665,5,37.20,7.12,,
498728,P,2002-09-18,60640,9,64.21,9.23,,
498729,P,2002-05-30,41632,4,78.96,5.20,,
498730,P,2000-01-05,20388,3,44.56,7.48,,
498731,P,2000-04-01,99234,5,78.13,2.21,,
498732,P,2001-01-04,50755,8,62.20,1.94,,
498733,P,2001-04-13,81478,8,84.47,6.79,,
498734,P,2001-01-20,95787,2,3.50,7.59,,
498735,P,2001-12-24,28375,6,99.09,2.36,,
498736,P,2000-07-17,92083,7,59.99,0.88,,
498737,P,2002-05-03,86634,5,73.47,6.25,,
498738,P,2001-01-20,78980,4,14.75,5.63,,
498739,P,2001-03-07,2556,3,13.07,1.98,,
498740,P,2002-07-14,45544,9,58.04,6.67,,
498741,P,2001-05-21,44560,5,33.62,0.29,,
498742,P,2000-11-12,68795,2,95.90,3.94,,
498743,P,2001-10-14,39714,10,3.89,1.27,,
498744,P,2001-06-18,81764,3,97.40,7.76,,
498745,P,2001-06-02,52038,1,5.40,8.27,,
498746,P,2000-10-10,19507,2,38.42,5.41,,
498747,P,2000-09-09,65699,10,84.98,8.39,,
498748,P,2002-08-04,85367,3,6.63,8.67,,
498749,P,2002-02-11,56605,2,59.43,6.94,,
498750,P,2001-04-07,18150,8,70.03,8.00,,
498751,P,2001-07-03,1149,8,56.17,7.53,,
498752,P,2002-05-26,77873,6,13.59,5.87,,
498753,P,2001-05-02,82004,6,73.31,6.15,,
498754,P,2001-04-08,65313,5,71.94,0.12,,
498755,P,2000-06-27,48796,10,59.12,0.45,,
498756,P,2001-11-27,78117,5,0.25,8.32,,
498757,P,2001-04-04,3210,5,61.93,2.09,,
498758,P,2001-05-08,94490,10,78.93,8.85,,
498759,P,2000-04-17,3523,1,72.97,7.02,,
498760,P,2001-10-21,242,2,8.40,2.47,,
498761,P,2000-11-15,10185,3,25.68,7.82,,
498762,P,2002-09-05,50148,6,63.09,0.39,,
498763,P,2002-07-02,72562,1,62.66,4.59,,
498764,P,2000-11-22,22404,2,22.71,4.31,,
498765,P,2001-01-01,3154,1,85.26,9.29,,
498766,P,2002-04-22,85324,9,64.77,6.04,,
498767,P,2000-05-08,31255,1,57.66,7.05,,
498768,P,2002-04-14,48191,1,86.56,6.60,,
498769,P,2000-08-27,50912,6,51.61,0.77,,
498770,P,2001-10-20,97712,3,26.25,1.72,,
498771,P,2002-04-27,59517,5,90.61,4.13,,
498772,P,2000-01-22,76290,5,86.54,6.47,,
498773,P,2000-09-05,73196,10,75.88,0.28,,
498774,P,2001-04-30,24487,8,13.94,0.02,,
498775,P,2000-10-02,71853,3,93.15,4.93,,
498776,P,2002-08-09,80148,2,2.74,1.87,,
498777,P,2001-07-15,94336,6,28.13,7.38,,
498778,P,2001-08-09,44840,4,18.75,8.35,,
498779,P,2002-05-13,4800,9,95.37,7.11,,
498780,P,2000-08-03,35437,2,51.84,0.57,,
498781,P,2001-04-19,3128,8,11.10,8.00,,
498782,P,2001-05-18,59555,8,60.11,4.76,,
498783,P,2000-04-09,43287,5,50.78,6.52,,
498784,P,2000-07-02,39664,10,89.71,4.47,,
498785,P,2001-09-05,5214,7,19.22,2.64,,
498786,P,2000-08-11,87584,9,26.45,9.82,,
498787,P,2000-09-29,69436,8,18.90,2.26,,
498788,P,2000-02-25,25767,3,93.76,8.50,,
498789,P,2000-02-03,6785,4,8.02,0.44,,
498790,P,2002-09-11,69226,9,12.44,8.72,,
498791,P,2002-08-20,25725,5,73.82,7.85,,
498792,P,2001-07-11,46418,10,31.43,9.98,,
498793,P,2002-07-24,75321,6,78.90,0.64,,
498794,P,2000-11-14,2485,5,24.47,9.97,,
498795,P,2002-07-24,38591,10,19.72,8.77,,
498796,P,2001-10-08,8822,10,36.62,0.22,,
498797,P,2001-04-04,23530,9,97.11,7.67,,
498798,P,2002-06-24,96650,9,28.54,2.33,,
498799,P,2000-09-21,28841,1,65.17,3.51,,
498800,P,2001-11-02,65242,7,91.76,6.11,,
498801,P,2000-07-20,23463,7,1.20,9.59,,
498802,P,2002-05-23,60355,4,91.07,7.72,,
498803,P,2000-03-15,29027,9,20.11,2.29,,
498804,P,2000-03-02,47217,1,81.74,5.68,,
498805,P,2000-02-21,81258,7,62.31,9.07,,
498806,P,2000-07-04,20197,7,62.92,8.48,,
498807,P,2001-12-24,93775,9,78.40,2.65,,
498808,P,2001-03-03,97773,8,52.93,0.55,,
498809,P,2001-04-14,73524,6,24.06,4.02,,
498810,P,2002-08-06,92149,2,67.44,1.75,,
498811,P,2001-08-26,15975,9,41.49,4.28,,
498812,P,2000-05-09,34077,8,81.72,5.33,,
498813,P,2000-03-06,14520,3,65.53,9.03,,
498814,P,2002-07-09,18425,3,31.79,0.27,,
498815,P,2001-05-27,71243,8,93.37,6.83,,
498816,P,2001-03-11,65049,3,21.04,8.78,,
498817,P,2001-08-10,10825,7,82.67,4.97,,
498818,P,2001-12-06,10245,6,26.53,8.51,,
498819,P,2002-06-20,76595,2,69.28,2.54,,
498820,P,2001-05-14,28520,2,48.77,4.92,,
498821,P,2000-12-15,99072,7,40.90,7.64,,
498822,P,2001-11-24,8437,2,98.27,0.79,,
498823,P,2000-04-26,19468,10,83.85,0.52,,
498824,P,2001-12-06,77190,4,4.34,0.85,,
498825,P,2002-03-21,73003,4,66.25,3.89,,
498826,P,2002-01-03,57753,4,70.28,7.71,,
498827,P,2002-03-31,71491,3,61.33,1.13,,
498828,P,2002-04-04,58513,1,45.86,9.82,,
498829,P,2000-03-02,30561,1,88.14,5.31,,
498830,P,2002-03-02,52053,7,23.72,4.33,,
498831,P,2000-04-08,34451,8,66.67,8.03,,
498832,P,2000-06-21,13223,4,69.04,3.76,,
498833,P,2002-02-14,92569,7,26.71,2.66,,
498834,P,2001-07-09,12334,10,82.68,9.08,,
498835,P,2002-07-02,84793,10,48.30,0.16,,
498836,P,2001-01-15,97417,5,32.93,5.25,,
498837,P,2001-11-15,20043,9,78.70,8.80,,
498838,P,2001-06-04,72793,2,68.55,3.12,,
498839,P,2002-06-28,69375,8,71.76,0.42,,
498840,P,2000-10-27,98840,7,68.06,3.47,,
498841,P,2002-01-23,7052,2,49.51,9.74,,
498842,P,2002-05-30,5164,7,23.62,7.50,,
498843,P,2000-12-21,9037,9,84.92,6.49,,
498844,P,2001-04-18,66338,3,95.68,7.77,,
498845,P,2002-03-16,4018,10,90.12,1.29,,
498846,P,2001-04-18,54768,5,99.92,0.27,,
498847,P,2000-04-02,17612,8,60.95,4.53,,
498848,P,2001-04-20,21426,5,84.00,7.10,,
498849,P,2000-02-24,84999,1,46.50,4.32,,
498850,P,2000-04-24,69014,4,26.51,9.60,,
498851,P,2000-10-11,32302,9,2.86,3.45,,
498852,P,2002-03-02,81172,6,22.23,6.34,,
498853,P,2000-06-29,87788,1,47.42,5.34,,
498854,P,2002-01-28,87520,2,10.09,1.92,,
498855,P,2001-10-18,50864,6,77.04,7.60,,
498856,P,2001-06-10,15991,7,51.12,3.30,,
498857,P,2000-03-21,68122,10,75.80,5.53,,
498858,P,2000-07-13,2585,4,84.19,1.82,,
498859,P,2000-08-08,78920,2,47.38,7.66,,
498860,P,2000-06-27,82210,2,90.79,2.90,,
498861,P,2002-09-21,67867,8,76.82,2.27,,
498862,P,2002-09-24,49029,4,63.15,4.07,,
498863,P,2000-08-05,83186,6,2.56,4.85,,
498864,P,2000-08-03,47902,3,5.35,5.68,,
498865,P,2001-07-14,4070,5,84.72,9.35,,
498866,P,2000-04-14,4421,4,23.64,0.33,,
498867,P,2002-07-13,66719,9,92.97,4.28,,
498868,P,2001-07-30,15065,7,2.32,5.57,,
498869,P,2000-09-18,23385,5,69.36,1.68,,
498870,P,2000-12-24,29649,3,95.99,9.32,,
498871,P,2001-06-12,72797,1,42.04,8.62,,
498872,P,2000-11-04,76459,7,55.89,6.95,,
498873,P,2000-01-28,61538,1,83.30,3.15,,
498874,P,2001-09-10,928,6,98.33,2.36,,
498875,P,2002-04-15,60410,9,29.61,9.07,,
498876,P,2002-04-11,5941,6,77.22,1.24,,
498877,P,2002-01-03,25144,3,23.54,9.92,,
498878,P,2000-03-30,2880,9,85.07,3.04,,
498879,P,2002-01-16,13339,4,30.35,6.29,,
498880,P,2002-04-12,9248,1,1.92,1.66,,
498881,P,2002-04-19,59033,7,0.45,6.19,,
498882,P,2000-01-05,35384,4,27.28,9.38,,
498883,P,2002-01-27,14837,2,27.18,5.02,,
498884,P,2002-01-07,97087,9,82.53,0.25,,
498885,P,2001-02-23,53881,3,85.80,6.04,,
498886,P,2000-05-13,85514,6,2.86,0.19,,
498887,P,2000-03-17,92362,7,71.19,5.14,,
498888,P,2001-11-09,25551,3,6.16,8.50,,
498889,P,2002-05-29,67915,10,0.90,9.45,,
498890,P,2000-05-12,75346,6,31.60,4.27,,
498891,P,2000-12-15,51404,8,27.90,1.47,,
498892,P,2002-09-10,29028,4,86.40,9.53,,
498893,P,2002-08-13,61628,7,41.16,5.79,,
498894,P,2000-06-27,87939,5,53.39,0.80,,
498895,P,2000-07-21,19108,2,19.39,2.50,,
498896,P,2002-03-04,5770,6,19.79,6.28,,
498897,P,2002-03-20,81963,1,71.93,5.83,,
498898,P,2001-06-13,31251,3,36.95,5.33,,
498899,P,2001-01-29,99450,3,49.85,3.50,,
498900,P,2001-08-24,81142,1,54.31,1.47,,
498901,P,2001-05-04,39893,2,89.48,2.14,,
498902,P,2000-02-03,24396,1,64.46,7.72,,
498903,P,2000-03-25,68774,7,9.58,4.02,,
498904,P,2002-01-11,79190,7,43.82,5.00,,
498905,P,2001-04-28,3187,9,55.78,7.60,,
498906,P,2001-11-21,40480,9,65.57,0.74,,
498907,P,2000-11-27,71596,1,75.89,1.38,,
498908,P,2000-04-16,46926,8,90.39,8.14,,
498909,P,2000-12-06,24396,8,19.78,1.24,,
498910,P,2001-11-17,37015,6,69.13,2.01,,
498911,P,2000-07-01,33470,9,54.59,7.55,,
498912,P,2002-07-05,29744,2,1.27,3.97,,
498913,P,2000-05-24,78529,6,47.28,2.57,,
498914,P,2000-12-19,92190,9,65.74,1.21,,
498915,P,2001-07-19,52384,8,8.49,5.61,,
498916,P,2000-09-02,94657,3,31.38,7.76,,
498917,P,2000-10-14,6095,10,31.72,0.39,,
498918,P,2002-03-21,63083,5,11.73,0.40,,
498919,P,2001-03-07,74317,5,0.57,1.43,,
498920,P,2000-08-29,47977,3,76.81,4.24,,
498921,P,2002-07-21,39926,3,3.26,0.82,,
498922,P,2001-02-12,57393,6,55.57,7.51,,
498923,P,2000-09-18,14564,2,89.78,6.92,,
498924,P,2002-01-03,68838,8,32.68,5.29,,
498925,P,2002-06-06,35739,9,81.02,9.12,,
498926,P,2001-05-16,94725,3,95.95,1.80,,
498927,P,2001-10-28,41305,1,10.62,9.76,,
498928,P,2000-04-07,25337,6,10.37,6.36,,
498929,P,2000-11-25,54628,1,37.44,9.31,,
498930,P,2002-09-13,88603,4,64.00,9.72,,
498931,P,2000-12-30,38199,6,0.62,6.94,,
498932,P,2002-03-05,25932,1,79.97,7.67,,
498933,P,2002-09-09,7718,4,44.13,1.85,,
498934,P,2002-08-13,8556,10,10.72,8.31,,
498935,P,2000-06-29,85515,9,58.35,1.17,,
498936,P,2002-01-31,62500,6,5.85,6.65,,
498937,P,2002-03-07,34802,1,46.23,8.46,,
498938,P,2000-03-26,7952,8,18.42,9.69,,
498939,P,2000-01-04,29991,5,24.11,9.10,,
498940,P,2001-05-14,81478,6,74.91,6.36,,
498941,P,2001-08-27,47044,5,11.28,0.49,,
498942,P,2002-05-05,86500,5,73.74,2.41,,
498943,P,2000-02-01,55001,9,68.39,7.85,,
498944,P,2000-12-30,85080,3,78.03,2.19,,
498945,P,2001-10-10,20199,8,1.47,3.47,,
498946,P,2000-12-22,89766,5,46.19,7.03,,
498947,P,2002-06-13,61624,1,74.95,2.47,,
498948,P,2000-07-12,4933,8,67.79,0.26,,
498949,P,2001-06-09,29529,2,88.77,4.90,,
498950,P,2001-04-23,7943,4,28.39,2.04,,
498951,P,2001-11-01,56070,6,33.16,4.46,,
498952,P,2002-02-07,58364,1,46.42,0.53,,
498953,P,2002-05-10,19800,9,55.42,0.29,,
498954,P,2001-11-10,20516,4,64.72,5.50,,
498955,P,2001-08-18,15007,6,63.57,8.98,,
498956,P,2002-02-23,45773,4,68.46,8.28,,
498957,P,2001-02-01,73385,6,88.97,8.42,,
498958,P,2001-12-05,81001,8,19.02,8.31,,
498959,P,2001-09-27,14075,4,16.23,7.14,,
498960,P,2001-05-09,76391,2,51.91,9.30,,
498961,P,2000-09-25,18817,4,89.00,4.77,,
498962,P,2000-07-12,245,5,75.65,1.77,,
498963,P,2002-09-25,740,4,72.45,4.70,,
498964,P,2001-09-05,29867,6,6.24,2.95,,
498965,P,2001-11-25,66410,8,65.64,3.32,,
498966,P,2000-09-07,33995,2,25.66,3.68,,
498967,P,2001-10-31,45765,4,9.24,2.01,,
498968,P,2000-02-16,97587,10,33.03,3.45,,
498969,P,2001-06-24,23393,1,56.74,6.58,,
498970,P,2002-02-11,22127,2,3.95,6.35,,
498971,P,2001-08-15,91755,2,75.28,0.89,,
498972,P,2002-07-16,45008,8,31.45,4.13,,
498973,P,2000-06-20,46738,9,98.96,0.34,,
498974,P,2000-06-19,26622,4,48.88,6.16,,
498975,P,2001-12-14,414,8,45.08,6.58,,
498976,P,2002-01-08,41307,2,71.95,8.61,,
498977,P,2001-09-29,41,3,97.96,3.74,,
498978,P,2000-01-17,99683,7,48.73,4.72,,
498979,P,2001-07-03,86042,8,36.95,9.35,,
498980,P,2000-01-15,23121,9,65.88,2.31,,
498981,P,2000-04-11,66682,10,89.10,1.42,,
498982,P,2002-05-08,55231,9,65.41,5.22,,
498983,P,2001-04-27,10780,9,35.26,9.84,,
498984,P,2001-12-31,37591,5,65.70,9.69,,
498985,P,2000-09-04,93746,5,27.27,7.85,,
498986,P,2002-05-30,12299,4,90.41,3.43,,
498987,P,2000-07-14,89317,7,59.57,8.12,,
498988,P,2002-02-12,51398,9,28.03,2.38,,
498989,P,2000-02-08,57783,9,80.29,0.08,,
498990,P,2001-02-23,18473,8,72.17,4.14,,
498991,P,2002-05-05,78552,2,2.78,0.33,,
498992,P,2002-03-30,68500,3,33.75,3.18,,
498993,P,2001-06-13,5291,8,81.07,3.72,,
498994,P,2001-08-09,5405,5,93.06,2.03,,
498995,P,2002-08-07,81913,10,71.13,5.00,,
498996,P,2000-11-28,56212,9,7.51,6.22,,
498997,P,2000-01-12,59740,10,37.28,0.59,,
498998,P,2002-05-18,56242,2,58.11,4.50,,
498999,P,2000-06-11,72299,1,40.13,3.43,,
499000,P,2002-06-28,27826,7,4.27,6.18,,
499001,P,2000-06-09,53990,8,91.98,6.00,,
499002,P,2001-06-08,21486,3,18.30,9.30,,
499003,P,2000-12-26,15184,9,66.90,3.30,,
499004,P,2001-06-25,57982,4,29.96,1.25,,
499005,P,2000-04-14,9150,5,2.20,6.62,,
499006,P,2001-02-23,55342,3,45.42,1.24,,
499007,P,2001-01-25,41553,7,0.40,4.81,,
499008,P,2000-08-14,24898,3,47.76,8.84,,
499009,P,2002-06-19,58340,4,97.25,8.69,,
499010,P,2000-09-20,71936,3,47.35,1.90,,
499011,P,2001-03-24,87814,10,57.74,6.56,,
499012,P,2000-07-09,66396,7,21.07,5.17,,
499013,P,2001-10-07,62076,9,10.32,1.87,,
499014,P,2002-07-04,34068,8,30.11,8.30,,
499015,P,2002-03-19,47590,2,36.20,0.35,,
499016,P,2000-01-04,13506,10,8.78,8.76,,
499017,P,2000-12-19,79141,5,95.28,9.43,,
499018,P,2001-10-29,34449,8,10.96,8.33,,
499019,P,2001-09-28,7508,5,27.03,4.03,,
499020,P,2000-08-29,59899,3,53.98,0.11,,
499021,P,2000-05-27,97964,10,49.89,8.72,,
499022,P,2002-02-02,59191,7,30.43,4.07,,
499023,P,2001-03-16,89565,7,96.99,4.93,,
499024,P,2001-12-03,2730,10,24.71,9.91,,
499025,P,2000-02-07,76833,3,73.80,3.80,,
499026,P,2001-10-14,36143,10,69.51,4.92,,
499027,P,2002-09-15,8359,7,35.87,8.46,,
499028,P,2002-04-18,44148,3,78.73,1.07,,
499029,P,2002-06-12,55714,1,2.97,4.37,,
499030,P,2000-09-10,49979,6,48.77,4.61,,
499031,P,2000-05-05,43857,9,49.76,0.70,,
499032,P,2001-12-10,35552,10,11.37,1.99,,
499033,P,2001-04-29,40805,7,28.94,0.94,,
499034,P,2001-03-16,66054,4,10.55,6.63,,
499035,P,2000-05-19,92172,6,27.69,7.19,,
499036,P,2001-03-16,37462,4,59.57,7.36,,
499037,P,2000-01-04,9851,4,67.02,5.80,,
499038,P,2000-12-09,96061,8,4.67,6.85,,
499039,P,2000-01-30,90491,10,26.49,7.58,,
499040,P,2000-03-23,33983,7,26.68,7.25,,
499041,P,2000-10-09,5720,2,83.68,7.44,,
499042,P,2000-07-29,68499,4,10.55,8.08,,
499043,P,2000-08-31,40634,1,7.00,9.41,,
499044,P,2000-02-12,82646,10,4.57,6.62,,
499045,P,2000-07-12,46461,8,11.52,5.13,,
499046,P,2001-10-01,31184,2,86.30,7.16,,
499047,P,2000-02-05,27737,2,7.01,3.66,,
499048,P,2002-09-27,54270,5,82.74,7.20,,
499049,P,2001-01-04,11343,8,86.91,4.57,,
499050,P,2000-04-15,54915,8,74.36,9.50,,
499051,P,2000-06-04,74985,9,57.08,2.59,,
499052,P,2000-05-04,49201,3,42.06,3.41,,
499053,P,2000-10-24,81489,7,41.78,2.62,,
499054,P,2000-09-28,27291,6,95.01,7.28,,
499055,P,2001-02-25,31963,3,85.44,0.76,,
499056,P,2002-08-07,50980,8,87.85,0.37,,
499057,P,2001-08-25,17037,5,34.16,5.50,,
499058,P,2002-07-04,45923,7,65.68,2.95,,
499059,P,2001-09-11,8939,4,48.35,5.65,,
499060,P,2001-01-04,25719,4,19.56,2.49,,
499061,P,2002-01-10,71054,8,32.33,7.31,,
499062,P,2000-06-30,32537,3,43.78,1.53,,
499063,P,2001-06-10,5007,10,9.40,7.10,,
499064,P,2002-08-17,67588,4,12.88,5.32,,
499065,P,2001-03-25,35281,5,24.13,6.54,,
499066,P,2001-09-11,78435,10,98.02,7.78,,
499067,P,2001-05-09,45505,2,31.31,2.46,,
499068,P,2002-08-13,53391,5,19.33,6.70,,
499069,P,2002-01-01,2714,5,37.21,9.94,,
499070,P,2001-01-29,61846,6,35.34,4.46,,
499071,P,2001-09-08,70378,2,76.84,9.25,,
499072,P,2002-08-28,158,8,65.91,1.38,,
499073,P,2001-07-22,77983,9,92.54,6.25,,
499074,P,2002-08-28,86428,8,18.16,5.97,,
499075,P,2002-04-16,22897,2,58.04,3.16,,
499076,P,2002-07-28,71051,7,83.80,5.24,,
499077,P,2000-11-10,79230,4,66.96,8.28,,
499078,P,2000-01-15,37878,1,99.05,0.16,,
499079,P,2002-08-14,73909,1,64.31,2.01,,
499080,P,2001-09-11,41038,10,17.15,0.32,,
499081,P,2002-07-12,97094,2,67.47,6.98,,
499082,P,2002-04-04,3223,9,31.69,2.16,,
499083,P,2000-12-23,73371,2,53.22,5.92,,
499084,P,2001-08-01,11818,7,49.15,1.53,,
499085,P,2000-04-27,54490,1,74.79,0.84,,
499086,P,2001-09-11,72947,9,94.92,4.75,,
499087,P,2000-05-21,89355,4,57.53,3.12,,
499088,P,2002-04-14,56724,2,42.64,6.44,,
499089,P,2001-09-10,22344,1,85.27,2.06,,
499090,P,2002-05-19,82160,8,49.84,7.38,,
499091,P,2000-11-16,90803,8,21.50,8.87,,
499092,P,2002-02-24,75667,8,52.81,6.10,,
499093,P,2002-02-12,49352,1,69.86,7.53,,
499094,P,2002-03-10,76339,1,14.62,3.03,,
499095,P,2000-08-28,97567,2,75.63,9.26,,
499096,P,2000-06-11,32048,7,0.43,8.79,,
499097,P,2000-08-01,32280,8,70.02,8.12,,
499098,P,2002-09-22,40919,8,71.24,9.76,,
499099,P,2002-03-24,62078,10,78.87,0.72,,
499100,P,2000-01-27,38812,2,73.70,1.26,,
499101,P,2000-10-08,87808,6,84.16,5.89,,
499102,P,2002-01-22,65844,5,43.69,8.62,,
499103,P,2002-06-06,46734,10,99.81,2.13,,
499104,P,2002-08-09,80200,1,24.58,5.77,,
499105,P,2000-01-04,16931,3,49.50,4.21,,
499106,P,2002-04-24,4214,4,24.58,4.74,,
499107,P,2000-09-20,43257,10,95.27,6.72,,
499108,P,2000-08-03,14210,3,72.30,9.63,,
499109,P,2001-07-20,72428,7,77.47,0.97,,
499110,P,2000-12-25,27280,9,60.49,0.08,,
499111,P,2002-07-13,79138,3,87.14,9.10,,
499112,P,2001-05-13,34934,5,91.84,5.19,,
499113,P,2000-04-04,8836,5,68.14,7.07,,
499114,P,2000-12-13,9371,9,7.52,1.48,,
499115,P,2000-03-10,85575,1,68.22,4.92,,
499116,P,2001-11-26,20309,8,37.17,1.49,,
499117,P,2001-09-03,51978,8,36.18,3.11,,
499118,P,2000-12-17,23296,1,5.72,8.25,,
499119,P,2001-12-10,70806,2,31.74,7.94,,
499120,P,2001-09-04,46883,6,1.53,6.39,,
499121,P,2001-04-25,67047,1,91.52,7.58,,
499122,P,2001-06-16,81737,4,7.34,9.41,,
499123,P,2000-01-01,19343,8,3.07,0.11,,
499124,P,2000-03-21,6233,8,66.98,6.96,,
499125,P,2000-02-12,19635,8,92.02,6.84,,
499126,P,2000-01-27,99317,8,62.34,1.34,,
499127,P,2001-03-20,43974,4,12.24,2.77,,
499128,P,2002-07-01,15764,8,66.47,8.32,,
499129,P,2002-09-03,40537,5,97.37,7.63,,
499130,P,2001-04-16,25580,8,5.41,7.03,,
499131,P,2002-02-21,28881,6,92.53,0.29,,
499132,P,2000-12-09,72058,1,78.11,1.80,,
499133,P,2001-05-06,46851,1,99.09,0.57,,
499134,P,2002-09-06,53702,4,52.27,0.94,,
499135,P,2002-04-05,81459,7,15.46,8.37,,
499136,P,2002-02-06,58198,9,32.33,1.13,,
499137,P,2002-08-17,2424,7,67.24,5.96,,
499138,P,2002-07-15,94516,2,83.78,3.79,,
499139,P,2000-12-14,33935,1,2.87,5.02,,
499140,P,2001-03-15,96201,9,24.67,1.03,,
499141,P,2002-04-23,48845,6,81.65,8.64,,
499142,P,2000-02-17,23266,2,39.00,1.35,,
499143,P,2002-06-24,39841,7,69.41,8.28,,
499144,P,2000-06-07,61562,4,82.11,8.63,,
499145,P,2001-10-13,25305,3,89.29,8.86,,
499146,P,2000-12-13,8620,5,66.37,0.95,,
499147,P,2000-08-16,80865,8,47.40,9.19,,
499148,P,2002-04-05,8220,8,74.00,5.36,,
499149,P,2002-04-07,9104,9,2.46,5.62,,
499150,P,2002-03-24,66997,6,27.20,6.14,,
499151,P,2000-09-24,38592,10,1.57,5.20,,
499152,P,2000-04-25,50441,7,98.98,2.77,,
499153,P,2000-07-04,91825,10,13.33,5.11,,
499154,P,2000-02-23,33983,6,60.84,6.17,,
499155,P,2000-07-26,93046,3,78.06,7.67,,
499156,P,2002-01-23,13902,2,90.95,7.25,,
499157,P,2000-09-29,48434,8,16.04,0.61,,
499158,P,2001-11-25,39049,3,67.17,2.27,,
499159,P,2002-07-09,14816,3,7.21,0.41,,
499160,P,2002-09-19,72280,7,86.54,4.16,,
499161,P,2000-07-06,71241,6,57.35,4.80,,
499162,P,2001-03-24,8762,6,41.87,9.23,,
499163,P,2000-12-12,53500,2,59.76,7.43,,
499164,P,2002-03-28,55452,5,52.39,5.62,,
499165,P,2000-08-07,96011,9,94.25,9.43,,
499166,P,2000-01-24,94511,10,32.92,3.72,,
499167,P,2001-02-10,12120,9,57.89,5.41,,
499168,P,2000-08-14,28300,1,28.57,0.06,,
499169,P,2002-05-06,6732,8,7.88,9.71,,
499170,P,2002-04-01,67679,7,41.87,8.10,,
499171,P,2001-06-28,521,4,25.20,0.44,,
499172,P,2000-01-17,27236,2,50.08,4.74,,
499173,P,2000-12-24,43837,9,10.82,3.92,,
499174,P,2001-02-15,28709,9,14.87,0.17,,
499175,P,2002-01-23,59586,5,20.14,8.14,,
499176,P,2001-12-18,54929,2,58.84,1.33,,
499177,P,2002-06-15,50029,1,97.56,5.75,,
499178,P,2000-09-08,82591,1,56.76,3.61,,
499179,P,2002-01-20,81423,1,30.46,3.60,,
499180,P,2002-06-05,70509,1,58.85,1.86,,
499181,P,2001-01-25,21565,8,50.59,6.50,,
499182,P,2002-04-24,98091,6,56.07,5.04,,
499183,P,2000-11-28,48057,6,89.57,7.29,,
499184,P,2001-12-14,66904,10,48.27,5.96,,
499185,P,2001-04-16,1034,6,99.62,5.95,,
499186,P,2001-05-19,32555,8,76.99,9.94,,
499187,P,2000-02-20,15185,7,44.32,7.05,,
499188,P,2000-07-02,49397,9,77.13,8.21,,
499189,P,2000-01-08,46118,6,35.86,5.19,,
499190,P,2001-11-17,61448,10,7.20,3.07,,
499191,P,2001-02-07,86309,9,51.23,2.94,,
499192,P,2002-06-01,23694,9,61.34,7.59,,
499193,P,2001-11-08,34236,10,94.52,5.77,,
499194,P,2000-09-13,85831,4,50.96,0.91,,
499195,P,2002-03-30,22891,10,58.57,5.03,,
499196,P,2000-08-19,1129,9,38.78,2.08,,
499197,P,2001-10-09,54876,1,60.72,3.50,,
499198,P,2002-01-20,67083,1,54.79,5.27,,
499199,P,2001-06-27,40770,5,62.93,5.57,,
499200,P,2002-01-09,62007,10,49.88,1.69,,
499201,P,2001-04-17,46562,3,35.09,1.97,,
499202,P,2002-09-21,27692,2,36.84,4.97,,
499203,P,2002-04-20,81220,2,90.80,9.73,,
499204,P,2001-11-27,72244,5,33.17,0.47,,
499205,P,2000-01-08,4566,6,5.60,9.66,,
499206,P,2002-01-01,35936,8,20.09,9.53,,
499207,P,2002-04-18,99020,1,34.32,3.46,,
499208,P,2002-08-08,51627,8,74.31,5.66,,
499209,P,2000-09-27,7188,6,91.25,0.17,,
499210,P,2001-04-21,28576,10,26.82,3.75,,
499211,P,2002-06-23,52294,3,61.73,9.37,,
499212,P,2001-09-10,99956,10,83.62,7.31,,
499213,P,2000-08-17,94001,1,15.41,5.96,,
499214,P,2000-06-12,94552,4,58.73,8.93,,
499215,P,2002-01-28,4254,2,49.34,1.80,,
499216,P,2000-11-01,23528,7,65.59,5.91,,
499217,P,2002-02-12,55910,1,58.10,1.77,,
499218,P,2001-11-30,20577,7,94.88,8.88,,
499219,P,2000-08-04,75953,4,26.40,2.42,,
499220,P,2000-05-09,131,7,22.67,4.26,,
499221,P,2000-03-02,361,8,13.43,0.97,,
499222,P,2002-03-30,4288,1,68.77,7.92,,
499223,P,2001-03-10,56368,3,74.75,3.29,,
499224,P,2000-06-15,8497,8,44.64,5.51,,
499225,P,2001-08-13,87718,7,17.06,4.87,,
499226,P,2002-08-22,38018,5,52.04,3.99,,
499227,P,2001-03-12,21877,1,20.01,8.59,,
499228,P,2002-05-27,80835,5,70.75,9.59,,
499229,P,2000-07-27,73151,4,27.53,4.60,,
499230,P,2001-11-17,87431,4,70.85,5.57,,
499231,P,2001-09-08,47912,9,76.28,6.62,,
499232,P,2001-01-29,85685,3,88.93,4.18,,
499233,P,2002-03-30,13341,8,92.42,7.79,,
499234,P,2002-04-22,93583,1,0.16,2.04,,
499235,P,2001-11-07,44099,5,69.73,3.53,,
499236,P,2000-01-28,67101,2,93.89,3.00,,
499237,P,2001-10-01,88957,2,99.58,6.45,,
499238,P,2000-07-09,75881,3,67.55,2.24,,
499239,P,2002-08-10,29142,5,73.63,6.70,,
499240,P,2002-03-14,37376,2,85.24,6.45,,
499241,P,2000-02-24,98174,3,86.55,4.53,,
499242,P,2002-06-08,24853,3,43.15,9.66,,
499243,P,2000-12-17,90090,2,23.07,5.95,,
499244,P,2002-05-23,41965,7,64.04,5.32,,
499245,P,2000-05-03,29218,8,95.39,8.03,,
499246,P,2000-11-07,11292,10,76.01,2.92,,
499247,P,2000-03-15,34704,3,4.79,4.93,,
499248,P,2000-09-23,63416,3,90.07,8.19,,
499249,P,2001-03-29,48085,7,24.23,5.52,,
499250,P,2000-05-23,96976,7,10.61,6.53,,
499251,P,2000-10-19,11220,9,41.10,6.46,,
499252,P,2001-02-28,40500,3,68.51,6.73,,
499253,P,2001-09-18,66455,3,72.18,1.91,,
499254,P,2000-04-13,57780,6,1.68,8.98,,
499255,P,2001-03-26,53400,6,18.81,7.56,,
499256,P,2001-03-08,49133,2,29.74,1.75,,
499257,P,2000-11-22,87736,3,53.21,9.97,,
499258,P,2002-01-25,65809,1,37.80,1.01,,
499259,P,2000-04-18,70473,8,99.40,3.03,,
499260,P,2002-05-19,18253,8,83.31,3.83,,
499261,P,2001-09-23,97442,3,66.21,5.12,,
499262,P,2000-05-11,67945,1,27.83,4.28,,
499263,P,2000-12-27,5267,1,46.49,6.07,,
499264,P,2001-08-25,86996,6,13.83,8.89,,
499265,P,2001-05-11,7003,5,18.64,8.53,,
499266,P,2002-01-16,7622,3,54.11,3.74,,
499267,P,2002-04-07,77612,2,65.29,5.86,,
499268,P,2001-07-23,56288,9,77.56,1.69,,
499269,P,2000-10-11,64514,8,51.43,4.55,,
499270,P,2000-09-26,63598,3,93.86,7.14,,
499271,P,2001-06-22,6331,4,54.71,9.66,,
499272,P,2002-08-08,6237,4,28.21,9.92,,
499273,P,2000-06-21,94940,8,26.92,0.45,,
499274,P,2000-02-04,22177,4,0.87,9.63,,
499275,P,2001-06-26,13727,2,14.82,4.30,,
499276,P,2002-01-19,1631,8,8.07,3.48,,
499277,P,2000-01-02,16425,9,33.22,5.33,,
499278,P,2001-05-25,93202,5,31.78,6.32,,
499279,P,2002-09-01,5252,7,94.40,0.02,,
499280,P,2000-09-06,2816,10,58.81,5.62,,
499281,P,2001-06-06,26491,9,30.54,4.34,,
499282,P,2001-02-08,49054,6,21.90,4.87,,
499283,P,2002-02-27,97246,7,94.80,0.55,,
499284,P,2001-04-10,89877,7,67.87,4.94,,
499285,P,2001-06-26,5048,2,90.32,9.59,,
499286,P,2000-07-01,21256,8,22.94,6.13,,
499287,P,2000-12-05,2822,9,14.01,1.52,,
499288,P,2001-04-07,20154,5,93.48,1.06,,
499289,P,2002-01-17,95711,9,12.96,8.53,,
499290,P,2000-02-12,99742,5,32.87,5.97,,
499291,P,2001-09-20,27887,3,57.92,3.49,,
499292,P,2001-07-29,65027,6,77.24,4.33,,
499293,P,2000-08-29,33579,4,88.23,9.72,,
499294,P,2002-05-01,12745,6,25.30,4.65,,
499295,P,2001-11-02,62150,4,88.29,6.27,,
499296,P,2001-11-28,72129,3,8.62,4.82,,
499297,P,2000-04-21,77484,8,49.92,6.46,,
499298,P,2000-06-30,39982,10,48.58,3.13,,
499299,P,2002-01-21,72994,8,24.23,9.03,,
499300,P,2000-09-17,14487,10,30.32,6.43,,
499301,P,2000-04-12,36503,8,75.39,1.34,,
499302,P,2001-07-21,96539,7,84.14,7.46,,
499303,P,2001-04-29,49818,5,22.13,8.86,,
499304,P,2000-06-10,80953,2,2.03,9.42,,
499305,P,2002-02-24,43819,2,88.76,6.40,,
499306,P,2000-05-19,92959,8,11.71,9.82,,
499307,P,2000-07-28,8617,7,89.06,5.81,,
499308,P,2001-02-10,90878,9,36.96,4.68,,
499309,P,2002-07-22,45573,6,99.74,3.02,,
499310,P,2001-11-25,87849,9,44.72,2.09,,
499311,P,2001-02-01,20245,1,62.64,3.13,,
499312,P,2002-03-23,11385,4,17.61,3.73,,
499313,P,2000-06-19,98765,10,8.58,1.22,,
499314,P,2000-05-01,10181,3,76.80,9.01,,
499315,P,2002-07-27,18034,7,33.02,8.96,,
499316,P,2002-07-04,85476,7,40.17,2.41,,
499317,P,2000-04-09,72083,6,47.31,3.41,,
499318,P,2000-03-21,81827,9,78.25,1.11,,
499319,P,2000-05-26,33199,6,19.20,6.24,,
499320,P,2000-05-31,63281,2,49.80,1.94,,
499321,P,2001-05-27,44994,6,41.95,4.66,,
499322,P,2001-08-31,39571,8,26.95,8.61,,
499323,P,2000-12-24,51114,6,87.94,2.90,,
499324,P,2000-09-23,87272,5,3.53,5.69,,
499325,P,2000-03-09,64262,3,10.50,8.43,,
499326,P,2002-01-10,80473,7,37.66,2.86,,
499327,P,2000-03-05,87027,2,17.36,9.26,,
499328,P,2002-03-12,20408,8,37.59,1.38,,
499329,P,2001-04-01,52412,3,70.28,1.54,,
499330,P,2002-03-25,70694,5,58.78,0.12,,
499331,P,2002-06-17,18501,4,7.77,4.06,,
499332,P,2001-04-01,91890,6,75.43,0.98,,
499333,P,2001-10-24,18896,6,70.40,3.25,,
499334,P,2001-03-29,27530,8,47.02,8.41,,
499335,P,2001-08-23,2054,2,99.73,2.82,,
499336,P,2000-11-12,47281,6,78.72,7.61,,
499337,P,2001-01-26,5888,2,23.82,4.44,,
499338,P,2000-09-14,45290,4,7.48,8.09,,
499339,P,2000-09-19,6003,10,48.33,5.11,,
499340,P,2002-06-12,22600,9,14.65,4.28,,
499341,P,2001-03-19,98653,1,25.80,2.28,,
499342,P,2000-08-31,12812,2,6.34,6.97,,
499343,P,2000-04-02,70267,9,76.66,2.93,,
499344,P,2000-05-11,20823,7,8.93,5.45,,
499345,P,2000-06-06,27307,3,46.12,3.92,,
499346,P,2002-07-05,85437,8,65.92,0.47,,
499347,P,2001-11-21,43918,10,53.36,6.31,,
499348,P,2000-07-23,64760,10,64.79,0.95,,
499349,P,2002-03-04,619,3,65.62,8.65,,
499350,P,2000-05-01,49221,5,34.57,5.62,,
499351,P,2000-10-20,12980,1,17.03,8.42,,
499352,P,2002-04-22,51023,5,65.71,6.63,,
499353,P,2001-05-26,76403,4,44.26,8.97,,
499354,P,2002-02-10,37541,9,58.56,8.05,,
499355,P,2001-03-12,82421,5,99.71,9.27,,
499356,P,2002-01-17,1488,9,59.58,7.21,,
499357,P,2002-09-27,20127,2,52.58,4.53,,
499358,P,2002-09-04,89117,8,48.11,7.74,,
499359,P,2001-07-16,55722,3,39.00,6.02,,
499360,P,2001-06-02,38091,7,0.48,4.33,,
499361,P,2001-08-05,76207,7,16.74,3.58,,
499362,P,2001-06-26,79196,5,89.06,2.32,,
499363,P,2000-03-23,44981,4,51.04,1.93,,
499364,P,2002-06-04,77519,1,15.58,2.20,,
499365,P,2001-08-19,22040,1,45.66,2.50,,
499366,P,2000-08-08,33822,5,40.28,1.81,,
499367,P,2000-05-29,89313,6,74.91,6.93,,
499368,P,2000-03-18,14038,2,13.78,6.71,,
499369,P,2001-09-15,49218,6,38.56,1.93,,
499370,P,2001-04-05,8156,2,14.33,8.84,,
499371,P,2001-01-22,53513,9,29.48,9.20,,
499372,P,2000-07-12,12183,3,18.42,1.15,,
499373,P,2001-10-21,64336,4,73.58,8.96,,
499374,P,2002-06-14,99464,9,18.90,4.60,,
499375,P,2001-11-03,13490,7,81.15,2.99,,
499376,P,2000-11-06,67045,1,55.22,9.39,,
499377,P,2001-08-18,37441,5,52.18,6.29,,
499378,P,2002-03-12,32088,10,43.61,8.71,,
499379,P,2002-03-13,86848,1,14.58,5.45,,
499380,P,2000-03-25,58446,8,22.87,1.69,,
499381,P,2001-10-12,66370,4,54.87,3.25,,
499382,P,2000-01-17,23099,6,90.53,7.30,,
499383,P,2000-09-16,2324,7,86.76,8.75,,
499384,P,2002-08-28,46110,5,23.18,4.12,,
499385,P,2001-11-21,17410,1,33.13,2.79,,
499386,P,2002-06-02,30195,10,22.12,2.57,,
499387,P,2001-08-26,66145,9,53.38,5.36,,
499388,P,2000-08-28,44768,4,91.80,2.17,,
499389,P,2002-04-22,29949,10,99.04,2.43,,
499390,P,2000-12-21,48228,5,88.64,8.47,,
499391,P,2001-06-08,32856,4,59.23,1.65,,
499392,P,2001-06-08,95513,3,40.43,0.15,,
499393,P,2001-01-02,44605,1,36.39,5.22,,
499394,P,2002-08-13,47436,4,81.35,8.64,,
499395,P,2000-07-09,51121,7,58.69,7.45,,
499396,P,2001-01-20,245,8,0.51,8.38,,
499397,P,2002-01-10,86543,7,0.40,7.99,,
499398,P,2000-02-01,61377,10,63.73,3.08,,
499399,P,2000-03-22,12056,8,67.04,4.73,,
499400,P,2002-09-07,79567,4,18.85,9.75,,
499401,P,2002-08-17,74448,7,72.06,5.12,,
499402,P,2001-01-04,79821,5,14.99,3.27,,
499403,P,2002-02-13,2863,9,5.02,4.77,,
499404,P,2000-11-20,13637,1,26.91,2.55,,
499405,P,2002-02-15,8818,8,48.57,6.30,,
499406,P,2001-09-07,43964,8,91.04,9.76,,
499407,P,2002-08-13,83923,2,24.12,8.58,,
499408,P,2001-05-30,1958,5,82.41,5.45,,
499409,P,2001-05-14,31751,1,11.58,2.53,,
499410,P,2002-06-21,62455,6,65.68,5.12,,
499411,P,2001-09-13,87931,2,99.40,3.00,,
499412,P,2002-05-31,80189,8,27.96,8.87,,
499413,P,2001-04-09,8819,3,70.87,5.39,,
499414,P,2001-01-13,27632,7,60.68,3.42,,
499415,P,2001-09-02,66121,9,55.24,4.02,,
499416,P,2001-08-06,98738,10,51.91,0.01,,
499417,P,2001-09-02,28846,6,24.86,7.30,,
499418,P,2001-08-18,34251,5,66.93,4.30,,
499419,P,2001-11-13,72136,6,84.76,8.87,,
499420,P,2000-04-09,30395,7,78.95,6.32,,
499421,P,2000-06-07,82669,3,48.04,1.08,,
499422,P,2001-07-09,99751,9,73.95,9.19,,
499423,P,2000-04-26,89303,8,62.74,4.45,,
499424,P,2000-06-21,51124,5,27.63,9.67,,
499425,P,2002-01-07,20612,5,52.91,4.68,,
499426,P,2002-06-09,67298,9,5.11,6.40,,
499427,P,2002-09-17,89413,5,35.22,5.77,,
499428,P,2001-12-17,72987,5,96.71,2.82,,
499429,P,2002-04-11,50039,9,23.63,9.19,,
499430,P,2001-08-23,28848,8,68.67,3.78,,
499431,P,2001-07-09,85161,7,36.63,2.36,,
499432,P,2000-12-18,86365,10,24.00,0.26,,
499433,P,2002-07-26,69847,1,22.00,0.11,,
499434,P,2001-08-09,38763,1,45.19,7.22,,
499435,P,2001-03-20,27378,2,17.11,7.64,,
499436,P,2001-01-28,14692,3,80.38,7.43,,
499437,P,2001-07-08,15999,6,2.51,1.06,,
499438,P,2002-04-29,33816,2,8.88,6.28,,
499439,P,2001-11-09,900,3,13.79,8.07,,
499440,P,2001-12-22,63632,8,94.73,3.78,,
499441,P,2000-10-19,31949,2,43.39,4.51,,
499442,P,2001-06-28,66820,1,83.25,5.95,,
499443,P,2001-10-16,67444,5,78.68,4.01,,
499444,P,2000-08-29,66581,7,93.64,4.31,,
499445,P,2002-06-01,40285,9,57.87,5.02,,
499446,P,2000-03-03,87122,3,43.10,5.67,,
499447,P,2002-01-05,99539,8,51.91,1.63,,
499448,P,2001-08-02,93446,8,8.79,4.52,,
499449,P,2002-09-22,51318,2,14.61,7.34,,
499450,P,2000-06-13,27045,4,95.88,2.52,,
499451,P,2002-07-08,86148,10,58.55,8.96,,
499452,P,2002-04-11,81864,1,95.10,7.25,,
499453,P,2001-02-07,4992,5,15.54,4.82,,
499454,P,2002-01-07,47173,5,47.88,0.66,,
499455,P,2000-02-07,8526,5,88.40,3.29,,
499456,P,2000-09-13,47850,2,2.98,0.04,,
499457,P,2002-03-27,16850,4,95.40,9.23,,
499458,P,2000-10-21,91798,3,22.67,4.42,,
499459,P,2000-11-24,50222,5,3.47,7.34,,
499460,P,2001-12-30,15170,10,86.71,6.76,,
499461,P,2000-11-16,89346,6,40.06,4.57,,
499462,P,2002-05-21,79241,3,97.05,2.16,,
499463,P,2002-08-03,99714,1,20.53,7.37,,
499464,P,2001-09-03,78310,10,77.36,6.54,,
499465,P,2000-10-22,45326,7,76.68,2.31,,
499466,P,2001-09-04,28542,4,55.20,1.48,,
499467,P,2000-01-28,3039,5,69.29,6.90,,
499468,P,2001-07-28,77361,1,19.52,0.76,,
499469,P,2000-06-23,91953,1,68.90,2.46,,
499470,P,2000-05-31,53933,1,8.13,3.05,,
499471,P,2001-01-18,8304,4,9.98,5.13,,
499472,P,2001-10-02,15903,1,40.18,0.72,,
499473,P,2000-12-08,91559,2,12.74,5.74,,
499474,P,2002-04-15,63537,9,15.11,2.72,,
499475,P,2000-01-28,2031,2,91.73,6.75,,
499476,P,2001-08-24,61824,1,4.27,1.33,,
499477,P,2000-06-04,43754,7,27.39,2.21,,
499478,P,2001-05-19,19818,1,75.99,0.75,,
499479,P,2001-07-27,26889,10,82.04,1.73,,
499480,P,2002-08-23,51932,8,79.16,6.51,,
499481,P,2002-07-29,38203,8,38.91,4.57,,
499482,P,2001-08-06,82403,2,2.24,1.00,,
499483,P,2002-04-27,75835,2,54.52,0.28,,
499484,P,2000-03-29,66381,3,42.54,9.73,,
499485,P,2000-06-17,69968,8,49.40,7.83,,
499486,P,2000-09-06,48154,4,55.31,6.49,,
499487,P,2000-02-01,96494,2,4.32,5.56,,
499488,P,2002-03-07,4920,5,86.93,9.14,,
499489,P,2000-03-03,17907,10,9.17,3.83,,
499490,P,2001-04-11,27466,6,76.58,0.16,,
499491,P,2001-09-16,49888,10,78.87,3.25,,
499492,P,2001-05-13,12056,5,62.80,6.35,,
499493,P,2002-02-19,77716,9,54.40,4.57,,
499494,P,2002-06-08,72279,7,97.53,5.28,,
499495,P,2000-09-11,59720,9,22.71,8.06,,
499496,P,2002-06-23,45517,4,56.20,1.16,,
499497,P,2002-03-05,49726,8,31.15,6.67,,
499498,P,2000-10-24,25197,10,16.16,4.37,,
499499,P,2001-03-03,92577,7,4.19,6.04,,
499500,P,2000-05-02,45666,10,91.01,0.92,,
499501,P,2000-09-17,76129,1,51.49,5.33,,
499502,P,2000-08-16,13142,10,77.27,5.88,,
499503,P,2001-09-29,3117,10,19.76,2.06,,
499504,P,2001-12-11,48782,2,38.28,6.57,,
499505,P,2002-05-14,99482,7,47.63,7.36,,
499506,P,2000-10-06,44733,2,34.01,3.15,,
499507,P,2002-01-31,79216,9,8.72,4.72,,
499508,P,2001-12-06,76724,1,2.20,3.93,,
499509,P,2002-05-21,39701,7,12.20,5.66,,
499510,P,2001-03-06,44902,3,71.06,9.10,,
499511,P,2001-10-05,82518,3,18.42,0.24,,
499512,P,2001-09-02,74252,4,25.90,2.84,,
499513,P,2001-11-04,75396,9,95.24,1.48,,
499514,P,2000-11-07,87463,2,47.90,8.11,,
499515,P,2002-04-16,36345,10,7.47,1.30,,
499516,P,2000-11-11,44798,9,12.71,0.83,,
499517,P,2001-08-23,36343,8,19.43,9.97,,
499518,P,2002-06-16,1921,6,30.96,2.03,,
499519,P,2002-09-10,99711,7,83.46,9.45,,
499520,P,2002-07-19,81295,7,63.85,2.75,,
499521,P,2002-01-02,1620,9,38.30,0.07,,
499522,P,2001-02-26,3764,10,18.89,8.61,,
499523,P,2002-07-13,80292,3,86.77,6.59,,
499524,P,2002-09-04,40321,8,27.72,6.81,,
499525,P,2001-06-25,89082,5,47.07,3.20,,
499526,P,2001-02-08,42447,6,67.38,3.24,,
499527,P,2001-08-05,15264,5,24.87,3.40,,
499528,P,2000-01-30,10994,3,9.97,9.96,,
499529,P,2001-04-10,92601,6,66.25,2.13,,
499530,P,2001-01-17,46927,6,73.88,0.49,,
499531,P,2002-02-01,31493,2,23.63,7.80,,
499532,P,2002-04-11,97689,7,12.84,1.14,,
499533,P,2000-10-04,98623,9,75.10,9.64,,
499534,P,2001-02-01,12751,9,58.47,2.90,,
499535,P,2001-03-19,36460,3,3.63,7.86,,
499536,P,2001-04-17,79737,7,7.41,6.17,,
499537,P,2002-03-14,523,4,81.31,3.02,,
499538,P,2001-03-26,82500,8,80.25,5.91,,
499539,P,2001-01-19,64730,4,5.07,8.17,,
499540,P,2001-10-27,44586,8,69.79,0.00,,
499541,P,2001-01-12,86864,8,46.15,8.26,,
499542,P,2000-06-18,10246,10,40.01,5.71,,
499543,P,2001-04-18,65693,1,92.47,7.90,,
499544,P,2001-03-11,25320,5,52.80,6.29,,
499545,P,2002-06-05,3757,8,40.27,0.19,,
499546,P,2002-08-31,82002,2,60.96,7.69,,
499547,P,2002-06-06,69366,8,51.28,2.81,,
499548,P,2001-06-30,73751,5,81.77,2.56,,
499549,P,2001-11-17,16020,8,1.47,8.64,,
499550,P,2002-07-07,92950,2,84.78,7.62,,
499551,P,2000-07-01,13578,8,36.30,3.52,,
499552,P,2002-05-13,65863,7,46.81,0.79,,
499553,P,2000-03-21,20789,10,85.17,7.78,,
499554,P,2001-02-27,12297,2,28.38,4.77,,
499555,P,2000-06-05,62962,8,75.37,9.59,,
499556,P,2000-02-05,55843,1,24.80,0.50,,
499557,P,2002-07-31,3995,7,17.47,8.46,,
499558,P,2001-08-06,50919,2,57.10,9.72,,
499559,P,2001-09-01,12236,3,74.36,1.92,,
499560,P,2000-11-19,61270,8,9.04,3.87,,
499561,P,2000-07-21,63364,9,39.26,4.05,,
499562,P,2000-11-30,24532,10,26.40,7.19,,
499563,P,2000-07-07,59525,5,40.42,5.87,,
499564,P,2001-03-25,15434,7,60.63,2.78,,
499565,P,2002-08-08,80166,5,17.51,8.04,,
499566,P,2001-04-08,46970,6,88.23,4.22,,
499567,P,2001-07-11,53160,5,33.80,5.42,,
499568,P,2001-07-24,32776,6,62.83,6.96,,
499569,P,2000-01-26,43072,3,26.87,9.77,,
499570,P,2002-02-09,69842,6,2.27,2.17,,
499571,P,2000-09-13,99772,4,18.32,0.27,,
499572,P,2001-08-10,44297,7,36.72,2.91,,
499573,P,2000-06-05,88608,3,57.32,8.00,,
499574,P,2000-02-23,60500,6,3.75,3.68,,
499575,P,2001-11-20,65936,3,37.93,4.44,,
499576,P,2001-08-05,99500,9,0.35,2.52,,
499577,P,2001-08-22,64973,6,70.12,3.18,,
499578,P,2000-01-22,57506,2,74.79,7.67,,
499579,P,2000-06-02,17700,8,10.91,6.16,,
499580,P,2001-11-10,17399,6,99.23,3.61,,
499581,P,2000-12-01,33888,10,57.32,7.33,,
499582,P,2002-03-09,354,6,72.53,1.99,,
499583,P,2000-03-26,75713,10,31.82,1.31,,
499584,P,2002-08-25,84472,3,83.22,2.08,,
499585,P,2000-03-18,92021,10,32.97,1.53,,
499586,P,2001-09-02,79972,6,3.50,8.90,,
499587,P,2002-08-17,2582,7,88.40,2.26,,
499588,P,2000-08-16,26577,5,1.91,2.51,,
499589,P,2000-03-06,68309,10,92.89,7.32,,
499590,P,2000-12-06,21229,10,39.52,3.40,,
499591,P,2002-06-05,90487,2,7.55,6.33,,
499592,P,2001-10-22,50275,2,60.09,6.47,,
499593,P,2000-07-30,46775,2,45.70,8.10,,
499594,P,2001-01-27,2065,6,92.08,9.62,,
499595,P,2000-07-31,83172,3,45.45,1.34,,
499596,P,2001-01-23,33297,1,78.34,4.98,,
499597,P,2002-05-02,6237,1,37.76,4.54,,
499598,P,2001-12-16,41871,9,50.23,7.92,,
499599,P,2001-03-21,81089,3,78.22,6.38,,
499600,P,2000-06-30,53577,8,39.22,9.90,,
499601,P,2001-07-14,96453,1,39.09,0.68,,
499602,P,2001-10-15,20379,10,99.29,5.06,,
499603,P,2001-01-12,72451,5,20.05,6.84,,
499604,P,2000-01-27,35225,7,23.13,6.88,,
499605,P,2002-05-19,92050,6,61.66,8.34,,
499606,P,2002-08-20,60083,9,77.72,0.80,,
499607,P,2000-08-18,62062,4,64.81,5.91,,
499608,P,2000-05-05,47516,8,19.88,5.25,,
499609,P,2000-12-23,74278,1,37.46,2.86,,
499610,P,2000-12-14,58084,3,62.89,0.21,,
499611,P,2000-05-06,95952,9,56.67,6.11,,
499612,P,2000-03-14,67275,8,17.77,4.54,,
499613,P,2001-02-09,74985,2,1.29,6.77,,
499614,P,2001-02-22,67283,8,97.90,9.88,,
499615,P,2002-05-05,70338,3,27.02,6.55,,
499616,P,2000-07-04,83833,2,58.81,7.45,,
499617,P,2002-06-15,47544,10,3.93,6.52,,
499618,P,2000-01-24,6680,5,57.53,0.76,,
499619,P,2001-12-06,30288,3,42.62,5.96,,
499620,P,2000-02-04,44229,6,14.02,3.66,,
499621,P,2001-11-25,21655,9,35.82,9.68,,
499622,P,2002-04-21,19225,10,31.90,4.33,,
499623,P,2002-04-02,22504,7,27.83,1.80,,
499624,P,2000-11-26,67655,7,32.09,2.56,,
499625,P,2001-04-14,40504,1,70.03,4.84,,
499626,P,2000-09-26,55825,2,49.29,2.06,,
499627,P,2000-10-21,24890,8,99.64,0.12,,
499628,P,2001-05-01,52417,7,76.92,6.40,,
499629,P,2001-10-15,46356,10,81.65,6.74,,
499630,P,2001-04-15,45599,3,6.87,2.12,,
499631,P,2000-06-30,19647,9,75.98,0.59,,
499632,P,2001-11-27,89424,4,81.69,7.92,,
499633,P,2002-08-20,21164,9,36.03,7.16,,
499634,P,2001-12-04,38226,1,0.17,8.12,,
499635,P,2000-06-30,56238,2,37.52,4.75,,
499636,P,2001-04-05,61349,5,59.91,2.86,,
499637,P,2001-02-01,49064,8,42.12,9.20,,
499638,P,2000-04-02,50559,10,16.59,1.95,,
499639,P,2001-05-08,26269,2,48.03,8.11,,
499640,P,2001-02-09,41810,3,40.31,0.28,,
499641,P,2000-02-22,88129,4,96.30,0.20,,
499642,P,2001-04-15,28019,4,16.35,5.14,,
499643,P,2000-04-28,38227,4,25.34,8.85,,
499644,P,2000-04-03,21585,10,27.22,9.61,,
499645,P,2000-10-09,66379,3,66.94,1.75,,
499646,P,2001-09-14,65958,7,76.77,3.18,,
499647,P,2001-08-22,31976,8,31.54,5.31,,
499648,P,2001-04-16,96949,7,42.18,8.20,,
499649,P,2001-03-05,70231,10,98.09,8.95,,
499650,P,2000-07-06,34084,1,73.44,9.20,,
499651,P,2001-04-06,91776,2,60.30,2.90,,
499652,P,2002-05-10,32235,4,49.02,2.96,,
499653,P,2000-12-01,70355,1,97.41,2.79,,
499654,P,2002-07-02,60717,4,18.07,1.38,,
499655,P,2002-02-22,32288,4,56.19,7.58,,
499656,P,2002-09-20,31794,1,3.08,4.33,,
499657,P,2001-12-29,71710,10,59.35,8.88,,
499658,P,2000-07-03,79947,10,79.69,1.12,,
499659,P,2000-03-23,6997,7,56.90,1.09,,
499660,P,2000-09-10,73141,10,38.49,4.63,,
499661,P,2001-10-17,86084,7,30.77,0.32,,
499662,P,2001-05-05,46288,9,32.45,9.58,,
499663,P,2001-10-20,45676,5,32.32,1.35,,
499664,P,2000-08-26,36331,1,67.56,3.21,,
499665,P,2001-11-26,8220,9,51.21,7.07,,
499666,P,2002-07-15,38196,8,38.13,3.57,,
499667,P,2002-02-12,81561,10,17.35,7.77,,
499668,P,2000-07-17,24150,9,15.33,8.15,,
499669,P,2000-11-18,14906,7,46.90,9.55,,
499670,P,2000-02-18,20536,2,70.61,3.40,,
499671,P,2002-08-19,27460,9,57.36,8.74,,
499672,P,2001-09-17,46859,3,72.59,1.11,,
499673,P,2000-12-02,49690,1,42.58,0.12,,
499674,P,2000-02-29,28619,4,65.53,8.50,,
499675,P,2001-07-01,22451,10,47.30,0.55,,
499676,P,2001-03-13,33269,3,26.33,1.63,,
499677,P,2000-03-04,98518,2,62.13,7.74,,
499678,P,2000-10-14,12733,5,92.67,5.09,,
499679,P,2000-02-15,88758,4,95.24,2.09,,
499680,P,2001-08-10,33925,2,92.60,4.11,,
499681,P,2001-07-10,80809,8,21.81,5.72,,
499682,P,2001-10-22,53994,6,79.16,6.95,,
499683,P,2001-10-15,26685,10,20.60,9.31,,
499684,P,2000-08-09,21275,7,96.78,6.42,,
499685,P,2001-08-28,48485,9,92.24,3.19,,
499686,P,2000-06-18,11893,2,58.19,2.97,,
499687,P,2000-03-01,27273,6,14.45,6.42,,
499688,P,2000-03-04,93041,1,15.54,4.29,,
499689,P,2000-03-05,86418,5,1.42,4.64,,
499690,P,2000-06-30,57246,8,44.93,0.17,,
499691,P,2002-06-30,39077,9,74.21,6.99,,
499692,P,2001-07-14,23077,3,92.13,0.12,,
499693,P,2002-05-30,94968,10,46.86,4.67,,
499694,P,2000-01-22,44287,6,1.43,5.70,,
499695,P,2002-03-19,36853,7,68.19,9.46,,
499696,P,2001-09-21,51261,3,71.40,5.42,,
499697,P,2000-10-23,28192,10,63.62,8.72,,
499698,P,2000-05-22,14803,8,17.53,2.70,,
499699,P,2001-07-31,47455,4,46.59,4.46,,
499700,P,2000-05-02,98608,9,57.89,3.32,,
499701,P,2000-10-22,76872,5,99.92,7.20,,
499702,P,2002-05-18,18714,9,25.68,5.68,,
499703,P,2001-08-19,8300,2,79.22,0.11,,
499704,P,2001-06-01,99880,6,64.34,5.42,,
499705,P,2002-01-13,78686,6,70.51,1.85,,
499706,P,2000-09-07,22167,4,70.74,6.08,,
499707,P,2001-02-05,18625,8,37.77,9.20,,
499708,P,2001-05-08,88621,8,29.04,7.06,,
499709,P,2002-03-01,43338,7,99.87,8.48,,
499710,P,2002-03-08,19740,9,74.85,5.96,,
499711,P,2001-05-26,47841,4,38.74,6.12,,
499712,P,2000-12-22,47968,6,66.85,4.64,,
499713,P,2001-10-28,85247,4,17.74,8.68,,
499714,P,2000-04-21,40480,10,13.02,8.88,,
499715,P,2000-05-29,37935,2,88.04,7.48,,
499716,P,2001-08-24,32596,1,53.17,0.94,,
499717,P,2001-01-09,88776,1,79.95,2.77,,
499718,P,2001-07-18,62445,9,18.27,8.42,,
499719,P,2002-07-25,11979,4,95.96,5.69,,
499720,P,2002-03-27,52663,6,36.49,8.03,,
499721,P,2001-05-22,19990,8,98.83,0.18,,
499722,P,2000-04-22,22816,4,58.45,5.31,,
499723,P,2001-08-14,49967,5,77.30,4.65,,
499724,P,2001-06-01,20125,7,60.67,0.10,,
499725,P,2002-06-16,99245,5,34.83,0.59,,
499726,P,2001-03-23,41318,3,74.47,3.72,,
499727,P,2001-04-19,20008,6,74.08,6.02,,
499728,P,2000-10-09,16899,7,4.86,0.02,,
499729,P,2000-03-30,29684,5,67.87,4.76,,
499730,P,2001-09-02,91567,5,23.03,7.75,,
499731,P,2000-02-28,59635,9,92.45,5.74,,
499732,P,2002-07-26,82769,2,84.55,2.96,,
499733,P,2001-08-14,65378,4,40.65,7.01,,
499734,P,2000-12-17,76775,10,56.11,9.20,,
499735,P,2001-04-29,23015,1,88.41,0.97,,
499736,P,2002-03-10,2279,6,2.51,1.63,,
499737,P,2001-05-11,59528,3,58.60,3.61,,
499738,P,2000-07-18,90750,8,21.21,6.91,,
499739,P,2000-08-30,91506,6,89.52,7.47,,
499740,P,2001-04-25,91689,3,80.95,6.45,,
499741,P,2001-05-15,12669,3,95.36,7.02,,
499742,P,2000-01-15,28337,8,11.60,8.32,,
499743,P,2001-06-18,463,3,2.75,8.85,,
499744,P,2001-06-30,25156,9,63.86,7.11,,
499745,P,2000-07-26,91131,2,65.40,0.75,,
499746,P,2002-02-28,34886,6,77.90,6.14,,
499747,P,2002-06-19,5477,8,31.79,8.86,,
499748,P,2002-04-24,30751,3,91.76,0.12,,
499749,P,2000-10-23,80095,5,81.44,9.68,,
499750,P,2000-03-24,23754,7,26.56,1.12,,
499751,P,2000-01-16,39544,3,22.18,2.93,,
499752,P,2002-09-20,76568,3,69.77,9.59,,
499753,P,2001-08-05,47311,7,98.80,6.12,,
499754,P,2002-01-21,27529,1,58.61,1.99,,
499755,P,2000-05-22,63552,3,64.72,1.17,,
499756,P,2002-05-04,7976,6,89.17,3.76,,
499757,P,2000-04-09,56430,10,43.59,0.48,,
499758,P,2001-08-10,11952,8,38.63,9.85,,
499759,P,2002-03-24,82942,3,81.20,8.83,,
499760,P,2000-04-08,89643,7,47.81,0.90,,
499761,P,2000-05-08,33143,4,5.27,5.92,,
499762,P,2000-05-22,75936,10,18.21,7.54,,
499763,P,2002-07-05,5454,6,23.07,8.81,,
